191.102466 154.801656 0.388317 0.030111 88.532017 -1.000000 88.071396 14100.521225 -92852.941893
98.534815 93.138571 0.212880 0.195932 100.372620 101.292011 101.292011 106672.835612 22022.912869
143.108292 170.229426 0.492215 0.488892 60.936605 69.218988 69.218988 7366339.861805 1189.733642
215.345465 170.918416 0.569841 0.526103 75.115297 76.697948 76.697948 382744.056038 7216.166800
245.595461 336.581603 1.253931 0.308175 55.991734 56.627676 56.627676 263785.430959 18461.481274
277.234697 128.883687 0.557772 0.354422 76.430708 77.862591 77.862591 291690.469202 7360.785429
210.347959 321.407537 1.179067 0.270227 29.151744 34.528802 34.528802 11200641.436952 5541.737585
125.641792 138.219280 0.337531 0.237090 69.941936 80.135692 80.135692 7572222.876330 923.358711
357.910309 303.485946 1.353124 0.266010 52.317279 54.629485 54.629485 1548228.877077 2931.733481
310.326375 109.880020 0.565307 0.170416 73.534273 76.812928 76.812928 1207295.103211 2646.031100
142.846452 175.441470 0.433167 0.211033 73.831932 77.961800 77.961800 2536358.967881 3235.106382
387.188991 280.439280 1.343128 0.292639 44.653517 53.069913 53.069913 12387062.127694 324.759362
391.433279 160.058656 0.936235 0.363216 54.538121 62.140859 62.140859 7670334.044878 435.247535
267.812229 151.505353 0.608205 0.479100 74.133654 75.504984 75.504984 290553.929088 7620.449747
399.620163 209.056298 1.092218 0.277097 55.073952 59.226995 59.226995 3279859.976461 1179.096515
287.300842 389.226884 1.659741 0.181301 33.045396 45.541057 45.541057 28457883.898726 199.778756
222.807186 77.878237 0.361862 0.277183 84.454583 88.233978 88.233978 1039300.528701 2136.390420
322.784494 349.737746 1.494148 0.270964 54.152869 -1.000000 54.084250 3953.573878 -283307.924405
261.488828 116.315673 0.538765 0.525627 70.731755 76.863843 76.863843 3083633.828147 728.155969
183.141320 256.656422 0.744863 0.122862 61.957689 65.227494 65.227494 2647440.044119 3470.756991
34.424412 11.990275 0.239994 0.492975 47.385894 53.327670 53.327670 2773671.437012 17243.244493
183.791057 267.286665 0.857048 0.389013 55.550419 56.464904 56.464904 1060622.097446 24833.589065
208.058794 195.454413 0.596469 0.300646 64.065884 71.594552 71.594552 6128548.329097 878.666279
201.906921 256.964765 0.803406 0.268050 59.092009 63.306894 63.306894 3893971.672271 2333.692798
212.228923 257.844526 0.834158 0.391566 63.736571 65.383607 65.383607 832446.152642 7141.398435
238.744279 348.311402 1.310063 0.191036 46.828895 50.302351 50.302351 4996459.743487 2626.401873
225.388078 334.702426 1.258490 0.313933 38.073066 43.302478 43.302478 10824316.071627 1904.625402
207.647237 257.366081 0.782608 0.113966 59.024049 65.202002 65.202002 5557181.842803 1174.986297
281.069855 397.070177 1.673300 0.169835 50.587059 50.929553 50.929553 91162.911973 30505.160598
326.012669 101.668418 0.620809 0.315672 66.990450 73.199221 73.199221 3846016.844768 834.627218
343.028826 277.932228 1.193282 0.223735 41.368596 55.277166 55.277166 23784289.802868 46.919022
192.915200 198.604702 0.562027 0.198727 65.316505 72.917826 72.917826 6144813.345685 904.713052
290.017690 390.762622 1.652814 0.147786 50.042077 50.825158 50.825158 320751.253555 11487.765913
179.725356 125.139210 0.387524 0.357373 82.994866 85.978053 85.978053 810014.494551 3589.056946
225.304497 177.935899 0.592113 0.413772 67.467097 73.204585 73.204585 3605985.807339 1194.983584
233.196484 319.282193 1.178742 0.324843 36.180846 48.547327 48.547327 25154183.137498 350.364391
210.038727 271.974046 0.866722 0.247057 63.529974 64.832210 64.832210 602145.169669 9353.366911
254.632181 269.062586 0.932656 0.184706 54.906250 61.319664 61.319664 6558423.981455 929.570694
215.497908 320.684262 1.192464 0.371701 32.595554 39.851081 39.851081 15434511.525195 2073.910229
408.338015 192.554809 1.068925 0.319488 58.756054 60.696370 60.696370 887106.206605 4040.354459
254.995026 275.273857 1.010795 0.422917 39.841303 55.937295 55.937295 28259616.878125 101.194490
203.412429 190.700904 0.610897 0.503054 65.693707 71.408055 71.408055 3890155.474920 1359.847785
103.772533 131.391415 0.378753 0.446325 51.991400 62.579668 62.579668 9282383.933703 1238.281551
308.337331 105.874398 0.617053 0.508954 68.633022 73.689660 73.689660 2553052.513861 1101.922737
247.463247 306.779566 1.142281 0.371036 34.389175 51.435787 51.435787 34444105.687310 100.553447
347.284126 349.169273 1.544789 0.114527 52.392869 52.959026 52.959026 126095.518858 14365.900257
251.156630 200.571748 0.652702 0.159495 73.595568 74.262374 74.262374 94075.603825 18440.571974
212.763624 173.166594 0.566486 0.439129 64.201905 73.065290 73.065290 6934231.325581 590.204120
394.424900 231.137859 1.141495 0.239255 59.848705 60.234013 60.234013 54449.966143 26456.659959
271.824011 202.740090 0.755027 0.454886 66.243970 68.751520 68.751520 1096386.148280 3526.224065
287.745382 71.184584 0.485002 0.288491 68.684686 79.192165 79.192165 7216694.349949 225.145615
408.308530 258.570397 1.307385 0.253919 48.649642 54.476282 54.476282 6606883.260052 729.642168
191.776963 245.084209 0.731616 0.307192 70.258313 70.677038 70.677038 80919.516619 36407.999841
258.376803 200.901752 0.727537 0.484804 66.476486 69.374851 69.374851 1365684.468295 3018.217557
114.830499 60.322414 0.241116 0.391771 99.189229 99.864217 99.864217 37071.765103 25225.180495
231.765565 342.004231 1.244861 0.206773 56.592518 56.850247 56.850247 92661.796745 54934.934737
153.933787 223.090219 0.593567 0.126575 50.736415 59.197162 59.197162 11058717.577085 1356.383175
397.593285 250.590610 1.229151 0.184057 50.344747 56.183094 56.183094 6063293.246260 667.445821
277.061186 115.692393 0.537504 0.345965 67.678252 76.328334 76.328334 5830028.722483 390.690844
272.186848 333.289670 1.299126 0.325718 52.470492 54.637558 54.637558 1695175.149243 4046.127215
236.122852 357.015638 1.406955 0.286184 34.503682 39.065146 39.065146 10407435.603797 3382.585643
153.936535 219.428937 0.691287 0.494635 37.218433 46.630906 46.630906 13442503.257350 1590.424452
228.713572 176.412773 0.578159 0.388524 77.616190 77.888311 77.888311 18090.561882 54337.395405
87.380033 95.839398 0.227023 0.221362 85.223093 89.386989 89.386989 1867789.440455 4378.476335
294.786248 177.598604 0.688199 0.217588 72.136975 72.852511 72.852511 108307.263181 16240.325439
112.923722 156.232995 0.460355 0.461831 36.734543 48.967573 48.967573 12382016.933567 1685.986156
192.311226 269.823798 0.859378 0.247431 45.794991 54.293950 54.293950 13481928.709221 976.500968
191.247654 270.824270 0.918265 0.405629 25.701355 44.909496 44.909496 34653179.470508 176.978169
422.831059 211.528441 1.157733 0.180810 60.227117 -1.000000 60.131125 4474.021480 -237833.446354
255.761443 137.118502 0.498079 0.187450 79.883131 81.095566 81.095566 204162.827811 9469.193563
351.817066 194.483807 0.877423 0.138018 61.723822 65.282499 65.282499 1944357.025893 1419.459107
183.535460 161.208712 0.466646 0.355531 80.982905 82.185693 82.185693 225069.959919 11294.351701
37.588216 5.242695 0.206606 0.382706 54.775269 62.262458 62.262458 3716340.534056 6440.807711
215.790901 15.588697 0.288976 0.202784 87.686970 93.661695 93.661695 1858215.640025 937.379697
237.619752 303.090245 1.068244 0.317776 59.060329 60.129687 60.129687 488379.451425 10719.623145
191.731262 277.099883 0.867627 0.175415 52.805015 57.078774 57.078774 5528504.516457 2644.583642
173.860330 196.688357 0.513132 0.154936 76.109277 78.290774 78.290774 784763.538131 5761.992286
361.513820 259.600544 1.155192 0.174611 49.388005 57.179009 57.179009 9272553.991340 391.717119
172.174820 229.653531 0.688058 0.437621 63.585072 65.846648 65.846648 1748799.811574 6233.165795
302.211294 60.415494 0.532679 0.433231 71.911262 77.615863 77.615863 2710482.631763 879.772265
260.893233 69.077151 0.429480 0.303378 72.664704 82.493619 82.493619 5782582.914585 254.897903
59.355348 32.377579 0.234050 0.537708 93.756831 94.667254 94.667254 137682.546972 26842.857154
279.220195 209.828071 0.781965 0.314105 49.598947 64.724357 64.724357 20085685.197764 4369.671667
58.163360 53.192727 0.243037 0.471406 76.471746 78.482416 78.482416 837783.422554 18914.865458
187.863699 255.993341 0.797924 0.401734 62.767558 64.200211 64.200211 973813.464667 9959.886527
38.149512 34.122065 0.209132 0.330681 33.654690 47.210860 47.210860 6415151.954738 5796.615011
132.612703 188.574829 0.524059 0.320807 44.250123 52.477747 52.477747 10173972.186695 1816.324366
167.324879 109.366736 0.319621 0.250868 87.849062 90.971345 90.971345 772660.377984 3517.154413
70.963851 61.877697 0.244595 0.415408 60.936249 75.369434 75.369434 8404916.384701 829.920320
364.459797 235.056991 1.085669 0.294929 46.778179 57.743100 57.743100 15645316.375527 169.544408
356.181528 261.907653 1.176120 0.361557 50.207929 56.375410 56.375410 7004795.229903 783.110572
251.503821 26.687908 0.401055 0.420637 85.772151 87.022878 87.022878 144467.372995 8545.234574
403.804295 268.169111 1.325168 0.294298 57.132650 -1.000000 57.116130 233.665767 -1167345.627624
230.251332 315.124342 1.096534 0.177662 58.135466 59.297030 59.297030 580361.649865 9549.574516
310.151996 368.850765 1.554361 0.061753 53.367165 -1.000000 53.324810 1038.097399 -481357.922118
270.979570 172.870455 0.640955 0.291145 67.826756 72.319323 72.319323 2499177.242321 1683.179837
429.419420 211.627664 1.212393 0.365496 52.244158 56.580139 56.580139 3873385.497723 1299.760760
249.481717 272.791577 0.927988 0.134732 57.232475 62.281335 62.281335 4247024.574472 1172.047538
436.882293 217.001262 1.237475 0.268757 57.295763 57.993471 57.993471 165600.301672 12401.490006
138.232653 202.746422 0.508975 0.158456 65.662046 66.305783 66.305783 587004.569698 61878.037267
216.528153 240.257891 0.750254 0.231871 62.179090 66.685807 66.685807 3461155.303392 1878.531556
368.388262 312.480190 1.419623 0.171806 49.371435 53.203508 53.203508 3469823.138309 1176.111150
261.589588 191.304855 0.686674 0.383919 69.406130 71.530481 71.530481 763560.348340 4606.116487
312.811249 240.730801 0.985017 0.438462 55.105449 60.598490 60.598490 5118736.054233 1101.330578
328.227726 137.247065 0.713492 0.445308 65.254726 69.830502 69.830502 2602556.094730 1334.593443
231.472325 257.422316 0.866232 0.341696 57.000585 62.292169 62.292169 5100764.946332 1377.686529
116.639874 112.688531 0.298089 0.356169 91.945403 92.994236 92.994236 150752.810227 17261.817905
177.523003 222.532110 0.660404 0.505151 73.309381 73.575916 73.575916 36918.077513 62741.673452
193.927266 255.839130 0.810047 0.399998 59.885620 62.698552 62.698552 2425198.951706 4200.380761
183.516905 259.111590 0.784807 0.256025 60.851294 62.781447 62.781447 1676160.213492 7283.714615
72.890833 3.830486 0.240292 0.550755 78.877312 89.297302 89.297302 3520838.663649 892.077435
34.651328 26.427418 0.186167 0.280592 47.288519 53.663359 53.663359 3260067.754537 15155.772397
332.954092 183.318977 0.831039 0.361948 58.875527 65.162271 65.162271 5249712.235754 765.072088
77.411171 46.952438 0.139412 0.156504 111.160929 111.613095 111.613095 21374.827601 50881.646486
359.622983 202.394242 0.956524 0.372217 62.139293 63.638984 63.638984 530516.147321 6246.121076
201.379059 265.204352 0.871288 0.442380 56.083559 59.816409 59.816409 3904030.704259 2871.667647
405.748121 262.477164 1.293789 0.114556 52.276878 55.947667 55.947667 2628823.519639 1095.889998
105.792172 88.507425 0.250205 0.298513 78.609551 89.091696 89.091696 5374245.748404 858.907771
158.014817 179.014327 0.497073 0.453657 80.525628 80.956914 80.956914 54137.681130 39694.531039
305.351113 124.423254 0.619586 0.425766 76.482574 76.524540 76.524540 580.200002 382517.362849
223.118028 120.126458 0.403608 0.193758 87.503061 -1.000000 87.263157 10214.015323 -141188.248566
404.267562 198.329994 1.062718 0.282770 62.507456 -1.000000 62.485839 305.679694 -1008962.145395
244.890456 322.207007 1.160943 0.224901 59.612976 59.796194 59.796194 22830.268877 70433.588519
248.765312 154.046610 0.539520 0.231237 63.297011 75.240213 75.240213 10394678.705515 194.609775
331.575832 240.301489 0.973806 0.099149 64.463996 -1.000000 64.314103 7761.468567 -169256.329588
142.058798 121.226264 0.311259 0.256021 90.825030 92.294381 92.294381 239848.923328 10254.616300
248.803257 284.488587 1.021090 0.355552 51.620604 57.803435 57.803435 7423537.884716 1056.188321
101.489880 2.910895 0.249937 0.545157 81.947779 94.091295 94.091295 3824086.768312 264.052250
251.027958 157.119342 0.550277 0.278529 79.385464 -1.000000 79.234493 6024.822202 -196530.861418
203.203758 23.208880 0.276730 0.228414 93.782924 95.977069 95.977069 316344.653710 4656.247864
222.948280 330.256450 1.199994 0.288100 49.886317 51.238150 51.238150 1779190.824273 10894.454057
190.207465 265.453222 0.824732 0.303788 61.906038 63.307592 63.307592 1005229.644102 10216.353352
213.445189 240.957158 0.760515 0.368070 68.657658 69.433119 69.433119 191209.970405 17017.343958
146.384840 199.456415 0.565020 0.349322 50.433052 58.979151 58.979151 10565131.939587 1326.126028
336.110881 255.751613 1.075629 0.323374 61.953267 -1.000000 61.838309 6874.129413 -199955.873499
373.264200 283.542549 1.304536 0.321896 55.981043 56.647950 56.647950 173552.061238 13994.690994
200.156317 48.075548 0.323817 0.380250 85.852070 90.913721 90.913721 1365422.797652 1212.602454
170.474956 210.648014 0.597762 0.353319 69.773276 72.073954 72.073954 1250975.633509 5821.761263
223.509842 53.180591 0.391637 0.541270 88.575649 88.688172 88.688172 1756.369955 143741.847232
293.708007 383.434467 1.608120 0.061715 42.806413 50.350789 50.350789 9579401.572744 182.607811
308.402111 328.784931 1.340128 0.186958 52.536795 54.781465 54.781465 1487153.050619 3405.016937
339.966512 337.276999 1.465342 0.213537 54.639311 -1.000000 54.576196 3010.205463 -311956.296339
304.224383 95.107111 0.564321 0.392047 78.620383 -1.000000 78.407250 10035.627574 -144135.546954
211.029855 269.489830 0.835285 0.134272 67.120294 67.608280 67.608280 86508.301291 26989.782043
341.253483 285.644858 1.232986 0.313309 49.448415 55.246120 55.246120 6697770.530698 822.528290
172.895571 106.879385 0.314105 0.206501 81.182764 89.525424 89.525424 3922407.114620 862.861542
103.678601 119.308929 0.333804 0.510460 89.883679 90.171438 90.171438 33383.375297 78082.633888
227.676286 312.994896 1.132675 0.328864 42.138306 50.502380 50.502380 15022292.019404 755.207730
186.983531 171.939048 0.501134 0.300527 59.743433 74.071165 74.071165 14051626.576544 225.637808
148.983975 213.247171 0.576921 0.237078 61.003413 63.371255 63.371255 2456391.414073 7945.145404
163.264087 197.296892 0.558358 0.403458 70.037361 72.907548 72.907548 1659899.697411 4609.444660
328.880768 266.751940 1.105738 0.312318 58.791129 60.063608 60.063608 479055.190273 7146.400417
156.302793 226.022886 0.633883 0.210209 50.281181 56.228792 56.228792 8075079.448540 2265.005588
357.501473 176.088642 0.868206 0.310421 59.404665 64.548102 64.548102 3884259.576496 1041.166439
289.728328 186.509696 0.689963 0.148387 73.348986 -1.000000 73.176837 8547.466135 -164186.281138
78.458100 90.977004 0.172511 0.121757 107.462237 107.565300 107.565300 4279.516644 263628.733526
136.132980 140.048745 0.390029 0.459491 82.989465 84.798422 84.798422 463933.393460 8408.211438
294.036005 347.650171 1.413693 0.236003 52.340932 53.773771 53.773771 804796.765245 5997.623893
225.473977 260.119837 0.891365 0.447513 51.233313 59.370948 59.370948 10392846.592139 753.859185
322.852904 225.344258 0.950427 0.442554 58.546453 62.322930 62.322930 2637633.805752 1967.794950
278.636718 51.917975 0.450203 0.320534 79.753933 82.898949 82.898949 884128.523644 2585.222609
261.021857 301.568352 1.099698 0.183241 47.375320 56.308751 56.308751 12639113.411962 432.744215
311.379774 255.542034 1.018025 0.398621 63.599415 63.612034 63.612034 122.664576 1147966.083404
293.659381 125.964645 0.600933 0.392396 66.492384 73.624353 73.624353 4675342.157109 618.113164
184.690599 276.668080 0.819152 0.062976 62.490937 64.078445 64.078445 960819.830035 8990.430741
168.082628 142.339024 0.391610 0.294294 84.626809 86.316505 86.316505 351445.816639 7937.286926
406.214900 199.191968 1.071266 0.236595 59.426265 60.953277 60.953277 573504.871004 5678.779138
241.208972 197.218190 0.606793 0.064847 68.124849 74.765896 74.765896 3577308.041753 416.293954
118.234302 162.277483 0.417657 0.349149 72.476481 72.741136 72.741136 173333.180807 293716.325522
201.307133 247.244368 0.753402 0.319332 70.786176 70.909883 70.909883 8562.260973 129346.162909
252.092699 149.316711 0.531294 0.226969 70.675979 76.876831 76.876831 3595353.068427 818.481980
95.872718 2.201623 0.209289 0.409829 101.739643 102.742430 102.742430 59985.521021 16300.376603
159.955888 234.393738 0.677081 0.183478 24.401328 46.028107 46.028107 31656889.989073 293.732906
257.703451 328.432881 1.236893 0.314679 55.491108 56.638927 56.638927 593051.497987 8825.291157
311.066472 188.997717 0.788930 0.376106 65.743230 68.013898 68.013898 927918.316966 3301.748705
227.935459 301.349440 1.062273 0.290353 45.074693 53.628800 53.628800 13903988.348126 708.023903
112.067110 95.096023 0.230890 0.207454 95.396042 97.887505 97.887505 520597.494333 6236.657948
340.833765 137.267180 0.708448 0.237008 69.768018 71.451940 71.451940 477517.044279 5469.105994
175.255429 161.873516 0.405456 0.106200 78.348327 83.791124 83.791124 2465576.670039 1409.229432
158.500036 235.482416 0.679618 0.191274 39.044322 47.362397 47.362397 12665444.941129 1871.628361
166.547458 124.325453 0.385700 0.460435 89.115301 89.159783 89.159783 464.331774 437022.750512
278.252666 254.491449 0.929843 0.256944 58.483388 62.526557 62.526557 3057339.104404 1722.564597
79.374866 89.480765 0.248675 0.334448 82.142775 84.462434 84.462434 1024713.839676 10199.878231
303.329309 197.647892 0.759607 0.157906 69.090673 70.081553 70.081553 200851.270564 10415.191830
136.459717 175.771173 0.458827 0.303874 65.982313 71.213455 71.213455 4405465.877035 2566.411943
462.689382 295.280052 1.646546 0.110315 44.478849 50.301532 50.301532 6624546.882133 300.404664
245.510707 149.570505 0.566829 0.490700 72.534242 76.017143 76.017143 1358704.250730 2305.294974
251.895399 371.543883 1.472493 0.159705 40.870673 46.394004 46.394004 10168855.444243 1365.982561
189.537763 143.416006 0.408305 0.197486 62.726470 80.926171 80.926171 16504870.818288 91.464270
324.038183 348.521957 1.474319 0.091101 54.355464 -1.000000 54.196953 12471.973792 -136719.778321
350.805792 254.073972 1.116383 0.270952 50.103943 57.512962 57.512962 8837317.915203 494.540721
474.808408 301.945617 1.717466 0.063063 50.951111 -1.000000 50.762271 14023.081458 -116678.340088
133.378978 108.148450 0.220938 0.049658 95.025202 100.678799 100.678799 1256270.197339 891.918861
109.478095 106.674855 0.324710 0.498061 80.165870 84.794211 84.794211 1820168.115945 2935.471102
140.793949 167.196020 0.474720 0.465517 64.359670 71.235627 71.235627 5559243.397783 1589.334090
154.116817 165.501032 0.459662 0.386964 70.361203 76.391149 76.391149 3935780.551474 1669.299416
245.855886 366.866368 1.463335 0.246786 36.304995 42.157544 42.157544 12958814.996657 1474.863629
106.773407 90.065917 0.243568 0.253082 64.047088 86.683528 86.683528 16196430.340207 110.948566
366.883345 180.054705 0.890528 0.245607 64.877106 65.908748 65.908748 250173.083067 9442.160440
188.600707 126.638317 0.399266 0.351594 84.343643 86.148057 86.148057 346399.174696 6617.512881
115.672520 28.185747 0.231704 0.418509 95.299897 98.832195 98.832195 540312.539516 2856.371590
415.730457 300.170468 1.511785 0.198429 48.858918 52.052719 52.052719 2675798.221283 1602.927608
40.529825 8.438425 0.232122 0.496854 65.187854 68.569899 68.569899 1495926.315855 18242.836032
288.098326 349.608870 1.416392 0.186316 41.665063 50.593976 50.593976 15156590.495058 371.015641
213.610918 213.280285 0.652369 0.284621 69.877449 72.160862 72.160862 959425.830037 4757.860131
274.023444 218.326953 0.782868 0.231056 55.648813 65.489454 65.489454 10630373.268923 333.406932
48.163119 1.827384 0.247010 0.529386 23.224705 60.589530 60.589530 16695956.030059 553.990771
350.587062 208.073082 0.958669 0.411095 59.555692 62.626399 62.626399 1829753.147312 2237.166307
193.829454 27.391066 0.331741 0.513537 92.241678 -1.000000 91.770999 19557.228245 -83033.024232
368.573396 129.722829 0.782563 0.333322 69.204155 69.710956 69.710956 62872.528874 22533.969485
217.472342 289.426937 0.948494 0.166035 59.482313 61.718290 61.718290 1484790.861075 4757.214355
107.239173 116.033734 0.213845 0.052626 77.803979 96.323288 96.323288 10362551.333495 94.345575
214.949574 234.431214 0.743575 0.308199 58.378105 65.313535 65.313535 6863679.804097 1038.954604
268.066890 284.383936 1.029087 0.193856 55.275703 59.723147 59.723147 3924449.507514 1478.052637
69.679281 80.049659 0.151416 0.103346 103.434996 104.367162 104.367162 185573.972279 28312.311044
232.001572 299.895511 1.066641 0.411330 54.420944 57.343417 57.343417 2787056.405424 3337.317413
68.082831 7.684341 0.227475 0.526590 94.553417 96.743779 96.743779 314723.696299 8096.421579
183.916543 280.082251 0.925773 0.248855 35.276465 38.770244 38.770244 6300712.633156 12252.559163
152.971380 182.550574 0.442606 0.166144 83.959449 84.358459 84.358459 42839.415639 44266.261151
149.979192 224.435260 0.703999 0.429935 36.505041 39.727325 39.727325 4576957.726545 22185.300350
299.630944 245.260266 0.947289 0.362932 64.294200 64.719530 64.719530 62626.527251 27604.967211
297.945465 51.914535 0.518262 0.469833 78.710952 80.072024 80.072024 218970.199797 7465.330415
167.321634 124.883047 0.382879 0.389015 76.312752 83.739299 83.739299 3681466.023581 926.448725
90.365687 84.324548 0.229133 0.294096 91.815286 94.648231 94.648231 782181.505006 6282.762331
265.288455 331.715404 1.286067 0.290972 42.920610 51.349872 51.349872 14313722.269748 512.004415
189.097142 221.299272 0.677622 0.436873 63.700097 67.781626 67.781626 3065414.465779 2757.649417
347.707611 264.077907 1.151566 0.384554 58.946416 59.612384 59.612384 159089.983691 15221.962121
209.952549 321.937562 1.191197 0.275013 22.612760 30.606957 30.606957 15687248.798265 4294.948892
394.859601 199.481234 1.049189 0.384888 62.663535 -1.000000 62.579509 3583.701870 -276255.575848
351.664887 315.681521 1.391166 0.195697 48.872461 53.278322 53.278322 4469863.212617 1207.228279
109.576308 115.189002 0.271990 0.238376 87.927324 91.070120 91.070120 1072701.448362 5218.623827
190.206217 274.901553 0.858278 0.220203 57.924226 59.829962 59.829962 1892224.649230 7448.184661
86.140932 28.554715 0.183641 0.317017 105.563419 106.073366 106.073366 21831.674142 39603.406515
398.223691 190.793768 1.025250 0.298461 61.583768 62.449771 62.449771 209386.883443 11039.362400
251.334033 286.880760 1.005021 0.245048 61.913078 62.638753 62.638753 194761.141075 15698.244935
130.907694 128.037137 0.310706 0.222760 81.960145 87.603669 87.603669 2604314.098033 2030.830874
162.950810 221.915846 0.617208 0.375278 75.623527 75.692422 75.692422 6675.526625 283349.622395
289.919096 85.475074 0.542699 0.528630 79.881046 -1.000000 79.768309 2845.739829 -267887.358374
348.183398 269.170154 1.180467 0.312277 46.962546 55.719993 55.719993 12154159.946493 333.929946
62.158819 17.689532 0.111831 0.125120 102.353482 107.598187 107.598187 1347642.681886 3213.009668
264.025797 303.928376 1.134271 0.313270 51.870227 56.430693 56.430693 4906359.552671 1512.720087
310.357461 243.537690 0.956633 0.271245 62.984288 63.956627 63.956627 261797.817447 10402.294577
189.219185 170.901471 0.519755 0.480193 79.724154 80.221055 80.221055 51342.600274 30030.399124
112.938689 52.132983 0.247512 0.445342 97.282771 98.558536 98.558536 105314.974988 11593.315197
257.739570 382.463270 1.565085 0.226126 41.136262 44.890562 44.890562 6967748.710927 2393.408696
68.981090 67.915047 0.185205 0.202523 72.267086 82.865441 82.865441 6225275.454794 1398.543507
122.332108 11.175229 0.121608 0.058021 115.024341 -1.000000 114.652995 6984.832004 -132095.895910
129.537556 181.635077 0.503451 0.364927 53.182228 57.853504 57.853504 5203668.554925 4066.942951
237.309281 221.024848 0.763504 0.467345 53.542040 64.320010 64.320010 12472987.684484 377.709957
222.149961 211.560427 0.667375 0.323592 69.635058 71.782248 71.782248 856111.566279 4945.483345
239.497263 361.810924 1.367357 0.081549 47.365132 50.350284 50.350284 3647696.978986 3266.471755
210.889708 291.446739 1.014227 0.351630 35.495934 49.128262 49.128262 26236533.584671 346.236139
288.552006 393.436796 1.662372 0.107626 49.843648 50.728536 50.728536 360154.793415 9817.113608
248.268187 81.878254 0.440912 0.435452 85.066145 -1.000000 84.774482 13219.513662 -116130.134651
359.486498 330.495326 1.478585 0.158376 54.516345 -1.000000 54.482020 908.261781 -565498.914262
268.354875 319.076112 1.208163 0.283434 55.058513 56.866221 56.866221 1130373.609151 19086.480150
288.176038 205.120751 0.798239 0.479340 66.927103 68.239817 68.239817 371920.176379 7766.095122
163.833074 194.298330 0.495076 0.127396 60.963122 73.341841 73.341841 12270776.409155 428.169218
229.743316 165.031844 0.556891 0.385668 73.015732 76.299690 76.299690 1321512.150118 2704.996645
246.758260 230.019347 0.759937 0.195841 61.096224 66.917039 66.917039 4690098.711455 973.502996
222.037981 92.906970 0.320991 0.049823 93.724628 -1.000000 93.512046 4300.768247 -186904.785401
237.283356 115.425542 0.485317 0.497806 77.511564 80.618002 80.618002 901341.118110 2650.973796
315.444531 224.984556 0.898628 0.202176 52.522473 62.572023 62.572023 11771560.844823 266.451150
98.595440 106.974534 0.300561 0.475300 94.985160 95.046861 95.046861 1706.408215 383735.617235
132.102745 165.376139 0.419366 0.349305 82.084975 82.852610 82.852610 201432.891858 24913.111210
243.201622 273.977201 0.981897 0.433484 46.504150 56.933742 56.933742 15619107.066428 417.428060
177.873429 131.582881 0.421533 0.458597 76.827853 82.250919 82.250919 2297160.618859 1500.110055
205.732140 269.928427 0.850466 0.194000 58.087299 62.247352 62.247352 3895378.725854 2335.443235
118.665806 131.134965 0.372567 0.515548 82.019939 83.928580 83.928580 585886.381574 8839.245093
166.245412 216.803214 0.546591 0.058865 77.036596 78.197816 78.197816 222888.820999 10896.495959
48.665969 6.947404 0.216260 0.498924 94.335317 94.488269 94.488269 24987.723594 487198.081927
120.508904 148.503425 0.402265 0.457327 76.956917 78.886857 78.886857 895843.453597 9416.946345
411.026815 319.060007 1.596984 0.198907 38.226497 49.495059 49.495059 20870757.210469 71.154271
420.811703 296.817475 1.525169 0.253313 41.331666 50.424235 50.424235 14990213.906647 217.256472
299.276612 117.694509 0.582085 0.335226 75.027876 76.648550 76.648550 372541.940153 6252.767717
109.386894 114.351942 0.276169 0.268674 90.665692 92.565220 92.565220 470451.157072 9366.504727
124.024570 179.576812 0.398090 0.069269 53.286414 66.378883 66.378883 13535953.053949 752.042618
189.961545 18.620903 0.292270 0.378485 96.046278 -1.000000 95.877170 3140.486888 -221282.566316
143.361826 119.835698 0.291880 0.181473 90.910257 93.257145 93.257145 509001.483529 5798.710724
255.638709 327.974387 1.251816 0.334622 45.580242 51.988970 51.988970 9840385.329224 980.365463
189.450443 200.866035 0.547839 0.156560 75.483814 77.306365 77.306365 561750.329154 6778.752010
201.346515 82.944313 0.372815 0.451933 84.799976 87.779310 87.779310 629757.126914 2856.881063
134.735576 105.134577 0.292105 0.288264 79.747908 88.895117 88.895117 4536001.537222 887.926867
408.836591 201.311400 1.099408 0.265700 47.199559 57.921652 57.921652 14853949.340499 164.921717
253.520507 279.402441 0.999291 0.374191 58.829734 61.065112 61.065112 1376947.184022 -7722.457533
98.190245 38.236024 0.150431 0.163640 106.961429 108.857771 108.857771 204323.307539 8432.673306
113.918038 2.213756 0.246165 0.506352 94.584301 97.803001 97.803001 418005.809826 2978.866054
443.107482 277.773959 1.505998 0.207449 44.983750 51.412294 51.412294 8332222.354719 485.559125
324.089953 160.819401 0.728225 0.290532 69.512988 70.853699 70.853699 338216.139915 7426.740407
258.128481 230.942553 0.770437 0.151062 69.577338 70.063398 70.063398 62326.843634 24649.797133
78.841823 15.068502 0.231089 0.516621 93.014405 96.480677 96.480677 583203.138744 4026.047087
180.983974 173.484892 0.521750 0.402797 51.611353 71.424953 71.424953 22328464.759664 103.711006
183.139506 188.532565 0.526510 0.255752 71.155589 75.689713 75.689713 2636711.297293 2191.101392
249.784135 370.201531 1.452604 0.149804 45.263830 48.506898 48.506898 4711106.302998 2812.822886
153.274006 136.819472 0.321185 0.116086 82.848146 89.053691 89.053691 2677782.796702 1362.255261
152.970816 110.732106 0.302004 0.250391 93.587089 94.308850 94.308850 60800.760838 22379.492119
338.235109 168.774390 0.803481 0.366043 61.567140 66.509524 66.509524 3407387.928185 1154.539674
63.526404 36.962322 0.225541 0.486667 94.109458 95.476548 95.476548 226715.922816 16141.877651
231.649590 319.114759 1.099885 0.064451 61.335539 -1.000000 61.205354 8127.521275 -175505.162668
179.881930 78.193734 0.360421 0.545096 81.430225 87.606828 87.606828 1921768.293542 833.524380
150.637317 213.866840 0.606197 0.388264 65.410136 65.637056 65.637056 181601.275492 273200.918663
255.096969 391.048501 1.589129 0.112855 44.610408 45.952113 45.952113 1904963.522802 10155.025187
405.223764 207.619667 1.104987 0.311866 58.796382 60.192168 60.192168 519022.983442 9978.638371
136.008688 160.153874 0.431988 0.366147 64.392497 72.833963 72.833963 7077454.488714 1240.873210
253.750713 256.897640 0.914392 0.430672 59.191965 62.583785 62.583785 2445110.215031 2387.750714
115.893462 136.971999 0.302537 0.179584 85.966117 88.576918 88.576918 975491.149920 6462.660333
276.275015 400.008356 1.692472 0.170261 45.650283 47.847355 47.847355 2438889.684128 3900.306840
72.008525 71.412228 0.186685 0.183101 56.774352 78.832050 78.832050 15136505.120114 332.359210
383.973684 254.705696 1.192796 0.164354 58.817312 59.199571 59.199571 52641.425112 25878.647137
383.227878 222.309885 1.110784 0.399230 41.619496 56.928342 56.928342 25708077.345050 18.539199
370.020236 275.818956 1.229301 0.058614 58.688774 -1.000000 58.501056 10784.393009 -134011.154489
369.489135 146.225311 0.848073 0.440951 56.694206 64.558206 64.558206 7358275.448973 411.470129
159.655907 184.522086 0.449725 0.118655 78.876293 81.437867 81.437867 916014.825890 4924.614858
376.128080 296.899341 1.373681 0.216710 47.452414 53.261835 53.261835 6879298.032399 542.106444
103.418358 30.403077 0.217562 0.385076 90.653221 97.805396 97.805396 1856125.155083 1121.354960
345.251541 347.524866 1.535195 0.139116 50.129432 52.141959 52.141959 1226724.400450 3051.800787
119.446401 118.728420 0.264230 0.142035 68.989166 86.836338 86.836338 13461607.243227 263.832992
186.127177 216.974214 0.669814 0.408776 45.989041 62.431757 62.431757 22682957.136197 149.321879
86.114857 90.124378 0.301653 0.499948 64.816547 74.334391 74.334391 5761377.193752 1559.352828
81.216616 64.557143 0.252769 0.509163 96.901562 97.434754 97.434754 40513.622803 39999.346810
234.933138 295.985502 1.028233 0.250887 55.050997 58.678633 58.678633 3411699.302987 2351.454021
178.795442 120.462876 0.376253 0.342484 81.034004 85.815591 85.815591 1742383.184484 1872.696840
187.143404 130.776219 0.372372 0.218761 89.994400 -1.000000 89.924694 1130.005706 -445678.463484
254.764638 80.426195 0.413133 0.235938 80.983019 84.812902 84.812902 1212253.649943 2001.262483
376.623843 227.069456 1.083396 0.332782 60.545025 61.202510 61.202510 139918.779202 15062.180979
377.283911 171.227962 0.889631 0.196906 64.987197 66.007653 66.007653 236884.974073 8922.923018
195.982632 74.517003 0.308288 0.250876 92.166756 93.565087 93.565087 164784.509894 8768.893039
246.192168 350.839844 1.322372 0.181682 53.680997 54.705464 54.705464 599973.770157 10714.733278
165.399546 239.092863 0.746871 0.423338 48.229924 51.633390 51.633390 4843511.814686 5763.824532
204.258684 142.905826 0.404444 0.129166 86.471503 87.111093 87.111093 56895.788842 25363.153780
239.782832 289.153948 0.996183 0.280701 62.770815 63.183684 63.183684 79008.875415 30580.167002
314.970227 340.490674 1.411779 0.141760 53.970195 54.738919 54.738919 225574.297150 11228.001128
220.387061 295.436549 0.972009 0.128766 61.851559 62.864238 62.864238 363958.278390 11379.276554
136.227941 145.020387 0.406590 0.528112 87.503432 87.562286 87.562286 1232.939974 346550.809003
95.662484 86.908403 0.232913 0.280701 89.351574 93.508247 93.508247 1369846.440540 3711.745787
394.509317 203.937973 1.065450 0.341479 57.452548 60.275448 60.275448 1700372.082466 2354.517574
171.564601 212.325428 0.587945 0.212623 57.520613 67.405985 67.405985 10978233.788145 749.714367
193.396869 245.154860 0.740569 0.288294 65.055470 67.264828 67.264828 1331454.874585 5461.059759
396.602548 354.875527 1.720329 0.035482 51.035621 -1.000000 50.923310 3938.262607 -206451.417029
284.855109 55.055550 0.471314 0.349466 79.222833 81.882807 81.882807 683500.965790 3171.902858
349.523922 350.563919 1.567050 0.184483 51.534762 52.324928 52.324928 263162.803356 10334.901669
265.797167 201.261369 0.720343 0.303664 59.408828 67.735037 67.735037 7702421.406015 507.242478
88.887336 89.427499 0.273631 0.414080 77.786086 83.499564 83.499564 2697653.808137 2749.414070
150.131673 177.706233 0.506348 0.432533 60.792311 69.408737 69.408737 7969430.896744 1037.137699
211.766974 207.509683 0.678062 0.473272 53.944406 66.236321 66.236321 13995298.383047 348.057613
186.560640 286.128748 0.920568 0.150809 41.521940 43.099942 43.099942 2741300.790458 37652.073110
204.432126 30.311560 0.332310 0.435096 84.996849 90.393554 90.393554 1449660.532368 947.121378
253.393705 360.579063 1.384500 0.163361 55.544722 55.668355 55.668355 14367.708771 101355.581675
99.434418 126.995609 0.263329 0.180588 96.915065 97.021717 97.021717 9335.661245 241403.956310
362.349390 142.342475 0.787079 0.305207 69.878465 -1.000000 69.712983 9067.359039 -161887.582343
272.941432 344.154627 1.334521 0.106347 46.521489 53.223763 53.223763 8504111.451856 580.951354
226.573283 328.831892 1.155572 0.140529 57.714214 58.360985 58.360985 267364.327167 19468.743148
72.478833 55.006555 0.275935 0.560101 41.475953 71.867801 71.867801 17853150.193900 172.281114
416.142662 236.484420 1.228812 0.149950 51.412288 56.609639 56.609639 4776514.270462 627.696283
377.818465 205.784202 0.977571 0.071549 40.010942 -1.000000 64.668291 37437305.194534 -222.802693
106.030743 118.801021 0.327691 0.495320 92.998094 93.040642 93.040642 945.749518 547417.133600
147.947654 91.383290 0.315395 0.410293 69.230594 87.438301 87.438301 11450609.487080 50.868259
181.985776 258.870587 0.804571 0.422670 63.587909 63.946098 63.946098 221387.606131 56269.351011
147.495224 131.652912 0.372845 0.381479 77.132360 83.410173 83.410173 3061209.465346 1483.345614
332.518583 171.354274 0.757020 0.178048 71.166552 -1.000000 71.117570 955.239693 -523439.048527
217.136958 142.239114 0.450203 0.254738 84.877020 -1.000000 84.774654 2562.661282 -302121.982980
173.855514 54.077374 0.224619 0.120794 91.211330 99.309106 99.309106 2676246.595093 550.709729
378.255842 306.580173 1.409472 0.138793 55.490027 -1.000000 55.383981 6223.288879 -197913.689871
331.586485 202.292005 0.867944 0.254492 59.145007 64.436623 64.436623 4127298.789184 980.752912
313.923194 246.794068 0.978474 0.257372 61.140883 62.839304 62.839304 699158.850224 5317.516821
276.844107 151.356603 0.631059 0.495037 71.515132 73.881273 73.881273 766268.366051 3766.871985
270.812015 162.946218 0.616269 0.314767 71.581166 74.270255 74.270255 1001202.144846 3309.679444
347.640998 226.913316 1.005962 0.283401 46.276025 59.385380 59.385380 19244233.747432 88.958053
135.370083 45.819581 0.245468 0.369028 90.302195 96.617605 96.617605 1608800.842068 1075.759235
204.434993 97.046339 0.341044 0.201733 82.519127 88.736679 88.736679 2451419.476843 978.557403
328.413367 164.735613 0.763457 0.380800 68.177082 69.552124 69.552124 367450.497321 7118.769214
160.403901 210.787017 0.650995 0.473504 29.937501 53.782827 53.782827 33858982.637732 97.669750
111.832754 162.238947 0.471808 0.420891 36.976954 43.415021 43.415021 6549189.931527 8314.193627
108.259391 61.082858 0.185800 0.192890 96.517020 101.763976 101.763976 1339367.659948 2172.994909
277.892436 303.641583 1.161641 0.295784 49.764066 55.667210 55.667210 7203310.690024 846.678723
373.027307 150.142221 0.850273 0.333124 58.328655 64.820044 64.820044 5497403.521060 640.839283
237.471056 293.168446 0.976887 0.035231 64.409844 -1.000000 64.248772 5912.402156 -169840.093765
279.684871 165.160819 0.609409 0.133546 66.876492 73.723333 73.723333 4449716.164714 648.257107
326.830363 121.259050 0.637901 0.254702 75.727062 -1.000000 75.684990 633.875911 -646332.000082
442.968271 268.246962 1.472657 0.266764 42.362013 51.305750 51.305750 14146710.379991 228.005356
335.929441 227.110567 0.977645 0.365674 59.770907 62.331969 62.331969 1397208.772264 3012.691296
194.947957 153.034005 0.480145 0.437909 79.627587 81.223189 81.223189 340475.549232 7638.324696
204.259764 276.862130 0.858735 0.107741 60.810917 63.805079 63.805079 2055662.796327 3089.530048
121.049910 157.163839 0.398661 0.316516 71.401078 74.607092 74.607092 2224816.074490 5464.092956
338.703165 172.921004 0.794570 0.263746 67.141618 68.547083 68.547083 395266.888774 6758.369399
223.659641 270.696113 0.875548 0.191790 63.160266 64.855546 64.855546 788029.439265 6358.267256
260.703612 333.602058 1.241184 0.108732 57.927320 58.207087 58.207087 36660.208067 39308.524221
273.703204 321.600413 1.206373 0.104175 57.190330 58.233646 58.233646 331269.922226 8243.598802
308.095267 238.068822 0.957528 0.390668 54.722045 61.043021 61.043021 6280960.610901 802.651670
151.203216 205.426194 0.555751 0.223747 49.462644 61.162183 61.162183 15129087.592008 700.529781
236.244690 288.787910 0.990941 0.301310 62.703624 63.167034 63.167034 100057.932851 27349.132828
76.670596 30.942130 0.217185 0.463335 103.007137 103.120194 103.120194 1719.167801 202318.422300
153.168224 179.767460 0.459230 0.237491 75.548185 78.692431 78.692431 1562917.839225 4206.394624
143.028389 197.845994 0.527791 0.311948 68.525313 69.951854 69.951854 1049708.882569 13729.442036
103.931305 42.731708 0.201852 0.310964 99.443956 101.941247 101.941247 341842.930577 5609.448076
133.446097 136.990842 0.363341 0.372071 83.818635 86.064031 86.064031 654055.598232 6677.573848
268.069653 122.316608 0.486704 0.158154 81.052216 82.005167 82.005167 126014.102846 12338.454163
231.869493 74.195495 0.400260 0.402508 82.015396 85.726413 85.726413 1006803.404283 1993.234592
223.730418 122.442036 0.454113 0.405042 82.489497 83.562119 83.562119 144257.609987 11747.030185
103.468108 88.156226 0.281834 0.457968 88.767532 91.583174 91.583174 659929.235255 5428.690394
349.142755 165.429012 0.806899 0.261531 62.396254 66.761801 66.761801 2763386.687684 1387.646705
148.576421 199.190970 0.571715 0.365901 46.432211 58.167756 58.167756 15113953.318479 696.792659
256.635884 286.308021 1.004214 0.200027 63.715307 -1.000000 63.633470 3987.882291 -275294.041391
187.245990 206.950100 0.570812 0.216178 78.398775 78.492301 78.492301 3427.136963 183868.856062
152.152010 191.533732 0.530783 0.478516 78.227675 78.583472 78.583472 60452.424772 51518.293058
234.043606 313.581675 1.104941 0.283143 59.980686 60.364056 60.364056 93330.490369 33516.229408
305.049591 237.636178 0.958470 0.418378 44.499276 59.520155 59.520155 23117458.035488 39.311101
177.381223 119.313241 0.337796 0.218686 92.315211 -1.000000 92.167783 3971.843649 -232177.210409
111.475747 124.666764 0.336867 0.445159 87.346045 88.315847 88.315847 198351.708605 20032.865521
367.911017 163.598316 0.842020 0.164402 55.164231 65.092782 65.092782 10294208.282206 217.282343
335.444911 92.483105 0.654234 0.496002 73.398351 74.193392 74.193392 110722.014882 13778.478971
60.081151 20.870048 0.193503 0.394594 99.273452 100.386903 100.386903 147858.936901 20522.020694
161.816257 52.002794 0.260389 0.314115 95.186267 97.291476 97.291476 269525.722007 5302.454147
183.079869 224.771156 0.612044 0.110114 70.941720 73.476951 73.476951 1112163.827331 4373.127229
307.747024 80.020335 0.560753 0.409199 72.669046 76.649737 76.649737 1594509.012660 1776.784221
416.017538 251.177817 1.302554 0.282845 52.363942 55.396524 55.396524 2257616.850097 17359.976197
87.395575 81.384443 0.266666 0.468290 90.906145 92.500285 92.500285 319490.896139 12227.120844
225.257335 283.163961 0.964118 0.442605 63.236605 63.667281 63.667281 98617.798803 31051.392665
122.430022 143.739950 0.380054 0.429829 83.493770 84.632278 84.632278 303952.754812 16282.959972
203.742505 287.053195 0.961192 0.408034 57.274828 58.688807 58.688807 1251941.684988 9772.804578
304.124911 244.678671 0.948315 0.314237 65.123547 -1.000000 65.011487 6035.320766 -213603.561997
220.734092 287.264003 0.998718 0.432235 52.199994 56.773470 56.773470 5510943.067118 1939.268127
276.615045 107.952606 0.548505 0.524892 77.658754 78.689797 78.689797 145189.531268 10649.216399
254.666532 344.894339 1.316369 0.254159 52.930559 54.442387 54.442387 1063918.997089 6667.488798
76.931908 52.475616 0.240080 0.462662 81.851448 88.570619 88.570619 2411506.991783 2073.586623
231.727377 295.845609 1.038425 0.306660 49.946047 56.123639 56.123639 8235467.994169 1156.768103
165.193244 244.262829 0.715545 0.248807 57.437627 57.804831 57.804831 428294.745007 195596.098724
136.666243 114.273770 0.263102 0.123678 77.090090 91.376139 91.376139 8816681.889895 284.782608
232.684417 44.939747 0.348222 0.276471 85.143048 89.300075 89.300075 1142947.683940 1749.849671
357.055013 193.900835 0.880392 0.100655 33.082857 -1.000000 67.361522 57745993.332123 -183.682744
113.345924 27.715738 0.250111 0.512834 98.900524 99.411371 99.411371 17409.319983 31565.920225
176.836131 31.457579 0.269133 0.320871 90.476564 95.525296 95.525296 1192862.149523 -5900.005910
262.106728 298.868275 1.096615 0.275044 54.840196 58.153200 58.153200 2796076.069712 2375.481855
115.948608 156.482157 0.413491 0.382651 69.145356 70.596306 70.596306 1057263.863384 17897.399954
289.935895 197.199609 0.755672 0.315428 65.979088 68.770079 68.770079 1301990.780355 3286.028164
276.912393 291.405705 1.113177 0.373313 49.555754 56.255426 56.255426 8507916.394140 823.619626
329.498908 207.951227 0.906135 0.447214 61.341888 64.124329 64.124329 1483780.324771 2746.029390
226.651880 166.927065 0.553504 0.406611 79.110273 -1.000000 78.931372 8465.869729 -164608.763140
241.603849 41.734176 0.360335 0.264047 80.104124 87.604766 87.604766 3202011.651905 36243.209525
203.774551 290.266660 0.973258 0.386450 57.047319 58.271791 58.271791 1097348.385825 11794.176519
272.437603 326.936450 1.263485 0.281285 50.980323 54.499409 54.499409 3538746.446034 2070.474279
197.252841 49.557050 0.241737 0.087760 100.790054 -1.000000 100.623197 2922.033435 -238648.681631
231.917196 126.330396 0.495011 0.464897 65.733493 77.684487 77.684487 8734926.282168 165.626516
66.742605 57.848754 0.225009 0.350677 53.556991 72.922437 72.922437 11923103.077715 518.749731
206.638953 40.685944 0.348888 0.479738 87.463185 90.021002 90.021002 408433.848684 3262.221061
197.266797 249.897949 0.763704 0.198732 46.817387 60.654095 60.654095 20437887.294999 219.104222
210.940909 325.728223 1.142461 0.109233 38.638772 41.065239 41.065239 4604551.163033 13899.425746
117.355071 40.669742 0.232825 0.399586 98.040602 99.790120 99.790120 170648.671886 7613.672220
315.307268 97.692136 0.616342 0.509115 73.587962 75.196110 75.196110 357478.954780 5913.901620
174.869069 154.626065 0.427381 0.304735 84.729263 85.323269 85.323269 62071.497704 26263.998079
144.430845 163.415773 0.397589 0.193948 75.728200 80.945921 80.945921 3020653.155326 2197.871954
148.702621 151.092081 0.442661 0.470111 62.187497 74.475618 74.475618 10199767.394333 463.621324
265.254066 299.956965 1.104560 0.251142 54.959383 58.178108 58.178108 2627525.477887 2463.224662
411.020832 202.259955 1.088299 0.159614 57.653411 60.234510 60.234510 1347056.715007 2448.794897
96.242347 55.022776 0.203061 0.293831 93.380526 98.579275 98.579275 1359079.531778 2385.285444
240.188478 210.838992 0.703331 0.335438 64.805661 69.190091 69.190091 2828883.722912 1786.002634
297.340365 138.716505 0.605607 0.263724 75.037522 76.032178 76.032178 169007.105983 11376.523059
260.296845 370.481036 1.489706 0.209169 40.474097 46.974487 46.974487 12133218.309631 938.645933
289.033264 207.701028 0.802678 0.351935 51.074425 64.295480 64.295480 16720567.416625 127.033212
120.881665 146.027854 0.390321 0.450546 81.402503 82.635433 82.635433 400488.525485 15341.501527
220.393676 90.865201 0.340446 0.143339 89.348621 90.985378 90.985378 241130.005057 7029.477761
211.241799 293.351166 0.942511 0.125590 64.685799 64.890627 64.890627 24379.479207 69301.805857
266.837532 219.782228 0.809802 0.472372 59.710271 65.190530 65.190530 4403090.522195 1177.786501
384.686267 231.321443 1.141418 0.384144 51.308317 57.342231 57.342231 6439362.130615 747.076096
367.853808 186.449061 0.903949 0.159676 59.155992 64.063672 64.063672 3484657.665820 983.813900
66.573779 41.931915 0.238572 0.519642 90.661847 92.744298 92.744298 425884.367608 9743.942339
274.547008 184.525576 0.664016 0.183065 61.762144 70.513319 70.513319 7484387.302770 17262.426140
193.178875 174.899329 0.538742 0.393517 51.669128 71.651373 71.651373 22833187.700296 57.768852
298.517383 301.680453 1.185620 0.228902 52.553560 56.603941 56.603941 3726430.058331 1516.628207
237.727607 56.200154 0.385296 0.384376 89.004044 -1.000000 88.879493 2504.648575 -271549.819785
147.905478 157.663611 0.428331 0.338342 64.117782 75.282536 75.282536 9466334.390928 661.906756
400.286536 261.195906 1.298043 0.271239 42.283757 53.733063 53.733063 18876441.232431 98.384444
90.181499 27.336715 0.239849 0.517544 93.002786 96.584593 96.584593 583059.601522 3488.535282
256.966516 259.631558 0.886256 0.173388 65.050641 65.918557 65.918557 209024.263256 12528.227312
249.909588 230.971887 0.753661 0.157266 71.164760 -1.000000 71.081215 2833.240726 -306799.350698
137.059305 188.647863 0.526842 0.457628 68.225628 68.858074 68.858074 445739.573160 46116.732976
310.157027 149.038314 0.665270 0.287583 70.973662 72.875580 72.875580 571364.252399 5347.639200
358.279109 256.704729 1.155212 0.300864 45.013020 56.102390 56.102390 16839469.706104 164.327152
297.876059 271.565202 1.053463 0.337785 59.199185 60.821150 60.821150 735997.460319 5652.692731
194.888125 282.165803 0.924819 0.336157 54.681634 56.325703 56.325703 1912479.312327 9263.863402
328.092975 97.487739 0.610734 0.310878 76.712108 -1.000000 76.595572 3738.825141 -247254.824642
431.938893 219.258239 1.226535 0.272059 58.768830 -1.000000 58.654950 6851.666653 -195572.360320
288.740804 18.583460 0.481074 0.475375 82.816343 -1.000000 82.547748 11699.407977 -123942.561028
413.471613 159.482428 1.000386 0.392623 61.356374 62.707393 62.707393 442857.583095 6752.010201
253.935629 179.086358 0.597208 0.180213 75.722436 76.517135 76.517135 118062.548509 15278.328226
225.779126 88.540754 0.342817 0.130643 90.147019 91.225473 91.225473 114385.288419 11397.758619
314.208750 191.123305 0.811404 0.447911 66.461418 67.856870 67.856870 407040.816146 7100.039903
84.228008 104.469841 0.260046 0.262591 73.006083 76.839400 76.839400 2430070.907135 5823.280985
238.614466 40.739504 0.378927 0.393722 89.121328 -1.000000 88.837940 10536.971431 -126097.407204
62.304502 42.628452 0.235515 0.447584 58.774181 74.578302 74.578302 8505921.736682 703.307410
112.167770 143.411700 0.385130 0.401062 68.157046 72.015658 72.015658 2795740.502631 4668.360825
178.498119 27.987103 0.196487 0.072648 105.869601 -1.000000 105.818737 276.236546 -774532.537818
424.104287 319.234499 1.617416 0.058151 52.434885 -1.000000 52.360155 2475.020631 -287033.539028
284.233403 410.835927 1.761355 0.076740 50.558945 -1.000000 50.531351 810.378875 -635774.193419
246.955848 71.502343 0.377845 0.209130 89.570555 -1.000000 89.465170 2036.020296 -318846.510939
84.159439 8.118769 0.238535 0.527741 80.924720 92.269247 92.269247 3722005.931138 573.925193
142.104369 190.172483 0.493773 0.361040 80.434904 80.566454 80.566454 20154.579333 161338.003900
114.671407 103.591817 0.279103 0.328355 89.152154 92.109071 92.109071 787668.304305 4971.357692
108.526648 89.068861 0.299089 0.542482 95.004962 95.183051 95.183051 4959.509166 113285.829586
66.500849 57.072911 0.265733 0.552655 75.700065 80.197059 80.197059 1809449.519804 4377.464412
