168.102394 241.792092 0.728473 0.276225 44.223990 52.016884 52.016884 11947687.365855 1395.696121
286.907521 187.207237 0.701936 0.194878 60.457857 69.120973 69.120973 7675378.331886 511.050180
67.002122 75.720025 0.177513 0.154051 72.589929 80.888954 80.888954 5063480.268362 2198.568288
276.416700 263.205112 0.962416 0.325911 63.723337 64.193869 64.193869 80553.497717 25015.675806
280.796765 146.200861 0.605047 0.388977 76.826294 -1.000000 76.663833 7054.795312 -178908.213154
297.352095 357.198213 1.471843 0.132819 41.416796 50.606853 50.606853 15043879.748595 272.435410
161.048514 114.927711 0.327900 0.289147 91.119268 92.015325 92.015325 92138.315387 16868.605836
273.322959 223.232647 0.781322 0.175185 66.720368 68.563538 68.563538 651659.535925 5079.537347
239.252172 332.944365 1.200953 0.169090 58.701704 58.892322 58.892322 26905.486708 67381.261262
283.459023 223.441675 0.786198 0.072167 68.414953 69.428609 69.428609 173271.895652 8379.195443
221.392151 191.380029 0.621970 0.407897 67.459501 72.106884 72.106884 2773667.612692 1705.520512
181.894717 222.839781 0.642201 0.221806 52.179318 64.812053 64.812053 16120324.929742 382.857287
270.516521 292.859916 1.050548 0.063299 55.965394 60.803786 60.803786 3260453.662111 701.139875
315.652597 283.530424 1.123249 0.164511 61.120276 -1.000000 61.096021 399.023389 -856299.315701
192.284007 48.532831 0.300580 0.335295 92.568399 94.174512 94.174512 183047.938408 6932.797265
220.641537 332.758062 1.199166 0.166808 43.754843 47.090660 47.090660 5864889.070391 3842.999055
233.729787 298.440669 1.058122 0.342332 51.212135 56.242297 56.242297 6187606.787748 1542.277192
218.374953 244.575132 0.789923 0.394182 66.020363 67.492361 67.492361 589241.087287 8010.390418
318.125129 274.458606 1.111041 0.342585 60.506639 60.842744 60.842744 47594.736772 33656.002953
230.080178 47.503453 0.393695 0.510603 87.954339 -1.000000 87.585268 15962.028757 -98497.834125
194.831699 297.401521 1.064017 0.374589 30.098250 33.554844 33.554844 6587354.672716 17574.741732
206.352955 309.209072 1.082125 0.264467 42.483734 45.672643 45.672643 5853855.643158 5253.749228
279.711741 235.364664 0.872518 0.339421 58.272461 63.544380 63.544380 4455243.389400 1054.332686
383.271931 220.289312 1.070056 0.195188 51.906077 59.176578 59.176578 7803460.046488 429.791040
72.987324 79.596007 0.275752 0.486333 76.259561 78.449217 78.449217 988121.496547 12971.845957
173.850533 257.133183 0.824620 0.353375 42.133115 46.146842 46.146842 6560596.493480 5470.148145
73.782851 34.046157 0.179785 0.271464 64.908785 89.373583 89.373583 13838306.445173 160.919947
186.685021 232.161884 0.698622 0.407225 68.434590 69.775800 69.775800 569973.606818 10213.055698
236.317669 355.356449 1.367724 0.183172 33.884801 41.666027 41.666027 17347351.791660 1088.594731
234.941477 285.128183 0.966963 0.175553 52.836421 59.452441 59.452441 7603831.274866 897.257042
166.063189 174.964970 0.488119 0.345593 69.843227 75.752725 75.752725 3917011.866059 1766.218508
147.082146 204.752146 0.571873 0.295982 49.830299 57.886282 57.886282 10295957.477312 1430.597684
249.239752 58.063300 0.417778 0.416487 81.036364 84.721823 84.721823 1011602.366241 1933.215431
128.322249 125.982999 0.344571 0.350520 65.572601 79.631834 79.631834 10650178.878030 441.760205
176.639475 236.202808 0.668431 0.255993 72.362775 72.751978 72.751978 80451.626916 42540.667856
208.645845 285.261072 0.959975 0.446717 59.087280 60.399095 60.399095 919047.481871 10033.633392
182.244963 223.818369 0.645172 0.285061 67.823037 70.445734 70.445734 1536009.449428 4639.224260
97.028906 6.636572 0.181868 0.295763 98.715170 103.036167 103.036167 781970.425092 2680.754094
39.851745 29.630801 0.218111 0.378925 40.223921 52.726940 52.726940 6220360.524348 4614.160766
277.158220 250.434520 0.923210 0.436606 66.019919 -1.000000 65.989991 586.141880 -745882.783461
197.631286 262.326144 0.802408 0.214838 64.213794 65.897477 65.897477 927056.509577 9779.935968
236.575648 77.240299 0.391732 0.315484 84.963492 87.008634 87.008634 376932.899468 4938.579240
281.927147 86.494919 0.525310 0.507753 79.142165 80.015766 80.015766 101928.777907 12926.984662
130.406558 154.042593 0.449283 0.509876 58.409702 68.728879 68.728879 9190289.061033 893.682625
223.604816 52.198580 0.380804 0.490245 89.283696 89.407708 89.407708 2121.424231 131392.144779
253.137232 365.661055 1.463065 0.224597 28.912239 43.168896 43.168896 34243094.183232 178.161406
410.281270 339.897556 1.702539 0.180332 42.288309 48.672966 48.672966 9073542.597858 415.469634
199.602614 77.323535 0.368659 0.478526 86.606534 88.622585 88.622585 305407.365145 4838.259421
212.337363 288.229200 0.970212 0.326889 54.610362 57.951091 57.951091 3602163.317901 3147.846126
238.739311 270.629723 0.921455 0.381730 65.983482 -1.000000 65.940183 1382.190021 -516216.570637
251.604569 353.037997 1.343817 0.204635 55.273971 55.663367 55.663367 110579.090186 30241.662187
383.916354 246.517861 1.185197 0.363871 57.414185 58.565098 58.565098 408475.243562 7417.105054
198.100038 225.913944 0.629916 0.083918 75.080836 75.473290 75.473290 35666.918494 34543.475146
227.331194 1.189462 0.331693 0.324061 92.739974 92.924394 92.924394 4244.998110 88235.054523
417.385148 181.905432 1.065844 0.364019 62.336200 -1.000000 62.277917 1839.364321 -386325.577150
367.702858 120.116242 0.775074 0.425995 69.301255 69.883730 69.883730 78407.648220 19114.089477
326.443215 364.722435 1.591304 0.158683 44.515259 49.828683 49.828683 6808030.173186 790.487686
298.092809 252.765341 0.951728 0.181647 62.716203 63.946650 63.946650 379334.816273 7658.489070
220.442877 280.622437 0.932523 0.243346 55.052100 59.847953 59.847953 5072321.876875 1768.500543
252.347193 162.754839 0.576035 0.271288 64.061596 73.650724 73.650724 7828531.726484 407.166588
237.733808 249.513782 0.819064 0.227604 64.091529 66.396859 66.396859 1154062.731120 4736.607322
252.368443 275.563083 0.955776 0.165693 50.210942 59.875244 59.875244 12492064.707467 313.277472
280.621132 121.296482 0.571957 0.434784 65.602338 74.623755 74.623755 6390589.687998 375.216870
297.683794 122.961561 0.594291 0.391132 77.477031 -1.000000 77.381570 2563.685689 -299361.372798
183.357837 257.075572 0.807245 0.347405 53.241639 57.354954 57.354954 5268899.837444 2977.705550
102.020200 132.619837 0.323509 0.228637 46.999234 63.930114 63.930114 16058326.630978 619.204177
111.964835 42.772727 0.241088 0.446227 98.073102 99.315001 99.315001 94174.640537 11755.831944
245.630015 368.979158 1.413553 0.049079 45.704508 50.992743 50.992743 6160983.850297 1082.129621
135.744809 187.107543 0.483199 0.295597 71.373351 72.518215 72.518215 758659.802676 18587.224035
267.126217 134.020915 0.524354 0.217754 73.557539 78.025699 78.025699 2013524.458432 29629.429601
169.519968 163.994940 0.469531 0.415850 78.986142 80.851154 80.851154 514586.136164 7011.085907
304.555256 252.212321 0.984958 0.264018 54.743903 60.628252 60.628252 5722053.796718 896.073743
278.499113 23.346606 0.458360 0.448424 80.712322 82.934923 82.934923 450061.316362 3863.497986
317.301131 211.934729 0.852521 0.252331 68.067972 -1.000000 68.027837 807.874171 -600564.759916
400.079265 290.837509 1.422488 0.290602 52.295080 53.945324 53.945324 881903.999845 4304.861728
328.936879 309.816597 1.284651 0.142604 56.737113 57.247137 57.247137 96971.163929 18360.266528
168.410096 213.992800 0.636346 0.392876 51.732353 61.937242 61.937242 12722609.042939 749.148200
303.759430 347.923725 1.428234 0.155290 52.804762 54.015682 54.015682 533705.902536 8039.237496
234.632280 327.226895 1.191142 0.380566 57.373993 57.823441 57.823441 171199.375298 29041.197508
286.162927 307.393439 1.152602 0.038721 60.089760 -1.000000 59.745100 25562.417288 -80800.476913
351.519041 313.869208 1.389350 0.250429 48.363614 53.005099 53.005099 5055530.069676 18305.620061
199.994145 13.098595 0.247592 0.156595 58.060420 -1.000000 100.611203 35452715.571274 -212.635969
234.661219 131.945930 0.467758 0.276976 78.966823 81.655159 81.655159 780787.962979 3579.906811
254.358175 118.097978 0.507400 0.421871 75.319152 79.119263 79.119263 1383534.279728 1999.667288
46.719131 40.120618 0.099744 0.074896 91.501562 97.721905 97.721905 2454520.735395 3586.542876
298.666118 300.537349 1.179639 0.331581 59.882082 59.906930 59.906930 509.047296 549318.193769
217.642334 293.847633 0.984381 0.194143 51.534933 57.257808 57.257808 7236794.857385 1368.755732
255.602578 221.030371 0.772038 0.366656 63.317023 67.147821 67.147821 2420430.029298 2202.614319
228.699041 335.857914 1.244316 0.306708 48.318828 50.352556 50.352556 2867141.453696 6136.799488
103.703782 145.102297 0.433152 0.449570 21.448534 42.048062 42.048062 16712197.152191 1442.695664
120.186451 154.980704 0.360561 0.251849 86.661385 87.126991 87.126991 100684.522840 46515.498170
51.597390 52.682179 0.192300 0.254355 56.471436 65.414097 65.414097 5296995.843765 3425.259546
117.919023 143.291022 0.393904 0.505321 81.233948 82.255124 82.255124 319398.038475 19396.713574
377.799237 169.410094 0.897465 0.243219 60.409198 64.304303 64.304303 2462259.215552 1519.609913
196.677821 23.142211 0.309684 0.406271 94.261609 -1.000000 93.934109 10637.842844 -117516.735849
63.331028 42.841535 0.170477 0.266880 98.441990 100.295606 100.295606 396362.967713 12135.590464
360.717998 270.688291 1.211574 0.369479 59.188248 -1.000000 59.139530 1618.191013 -426223.829199
208.173795 234.830235 0.758112 0.475112 62.263169 65.964819 65.964819 2693438.449336 2713.835570
295.089901 225.321182 0.833077 0.140336 64.943652 66.993666 66.993666 769480.530642 4311.567970
287.492964 162.045736 0.667789 0.431410 71.104317 72.790794 72.790794 464649.020972 5820.769231
180.951080 216.644948 0.607987 0.253017 72.164497 73.755259 73.755259 604589.790358 8405.733359
346.306219 316.765447 1.387981 0.257722 50.445388 53.570029 53.570029 2659831.476124 1833.404078
221.569600 155.463834 0.454967 0.082964 78.054924 82.411933 82.411933 1546613.228343 1463.085334
190.507709 271.063462 0.822436 0.140463 59.389672 62.327265 62.327265 2625218.243190 3988.066051
254.787787 246.127184 0.865339 0.422845 64.484243 65.804795 65.804795 461564.109694 8862.490576
410.175742 208.556387 1.102592 0.130689 57.114945 59.947452 59.947452 1529271.756022 1967.673291
260.859419 28.792585 0.405357 0.355368 85.968955 86.922168 86.922168 95636.122088 12356.760003
263.157793 131.132356 0.486099 0.112441 77.772755 80.988497 80.988497 997620.436828 2292.038966
210.696708 249.980748 0.806529 0.309742 46.994234 60.035616 60.035616 19196966.733906 273.502049
346.829475 158.510483 0.816498 0.458356 58.001004 65.480304 65.480304 6613236.018372 505.554647
368.163028 227.183281 1.049503 0.276594 62.652912 -1.000000 62.566487 3783.063818 -266754.736375
224.321928 141.949555 0.518660 0.512247 73.345709 77.835196 77.835196 1898940.351171 1675.053144
253.690363 302.705984 1.113672 0.328359 49.561259 55.646021 55.646021 7866011.068245 1073.722594
228.134425 180.022802 0.595363 0.342080 53.635714 70.872335 70.872335 19792109.917379 72.514520
316.859391 193.342359 0.811752 0.325065 62.158848 66.365953 66.365953 2705868.472195 1532.854000
62.556735 5.880351 0.141365 0.220166 104.259517 106.423282 106.423282 351584.895004 9501.226478
186.119415 121.537196 0.320103 0.076850 88.931837 92.036131 92.036131 654167.439616 2745.257233
414.934259 171.367559 1.027549 0.269260 53.762022 60.230687 60.230687 6338969.544947 590.689635
176.694489 129.186486 0.425355 0.490561 69.714292 80.367436 80.367436 6652124.767928 410.952459
265.022684 318.918645 1.178114 0.159213 59.116524 59.412240 59.412240 41787.873249 38727.109796
125.596141 117.583000 0.343061 0.458138 81.284733 85.577021 85.577021 1584067.396124 2889.024799
190.399555 109.179321 0.368431 0.341623 87.476333 88.806253 88.806253 180516.265720 9688.113455
164.961151 152.150500 0.397992 0.245889 85.042809 86.275232 86.275232 220217.956081 11840.364618
98.332172 115.040970 0.327272 0.537566 91.927637 91.978095 91.978095 3004.605506 501830.410037
98.116932 111.169160 0.341757 0.465702 36.435415 64.626113 64.626113 23138708.767313 82.959701
60.270638 41.455160 0.211285 0.382425 76.923462 83.430984 83.430984 2826260.172450 2802.846249
198.100532 207.628356 0.659295 0.511999 62.230914 68.299891 68.299891 4919614.957410 1273.285391
345.344188 175.408689 0.793174 0.094037 66.250653 68.608388 68.608388 794697.147155 8281.381431
269.455577 227.262251 0.830430 0.394899 58.377009 64.368342 64.368342 5269294.222363 1015.756652
190.192497 50.131327 0.344133 0.527308 83.601257 89.400524 89.400524 1570236.324852 770.413640
408.546262 230.069318 1.193505 0.278713 55.365386 57.765488 57.765488 1408013.550044 2789.744480
59.712162 43.546114 0.241148 0.464294 57.634272 71.753279 71.753279 7564871.269739 1009.747491
108.075221 106.753402 0.299070 0.366194 71.690749 82.052844 82.052844 6359285.418812 899.487449
286.489154 268.652522 0.993067 0.142064 50.039574 60.072443 60.072443 12549321.704038 410.073579
245.442902 233.622479 0.791242 0.302634 58.878600 65.153031 65.153031 5693187.623255 1015.746668
245.664864 189.410916 0.655086 0.383705 65.872511 70.995290 70.995290 3267771.062336 1430.409775
147.301555 211.766041 0.530654 0.100515 60.917087 66.727174 66.727174 5900932.245487 2245.998597
93.765120 29.816321 0.237635 0.508182 99.254577 99.992001 99.992001 37009.523297 23217.023179
203.246754 187.837952 0.546463 0.263265 78.543783 79.011202 79.011202 50307.777521 31572.030632
78.723083 96.578627 0.266206 0.285431 41.751527 60.740148 60.740148 14314177.591972 677.881099
264.987349 389.511681 1.589518 0.084766 43.407835 48.225719 48.225719 6672615.605303 1243.970945
238.079706 54.678668 0.408767 0.487943 83.595901 85.921779 85.921779 419247.658905 3686.630616
157.926608 202.716865 0.593981 0.458848 60.366870 65.622352 65.622352 5025138.940517 2214.189705
134.869863 147.590078 0.381307 0.335707 80.420804 83.352154 83.352154 1162476.636006 4905.901976
164.994208 223.980859 0.682367 0.456216 53.529534 59.029409 59.029409 6668247.529908 2128.220223
253.013545 60.900555 0.397932 0.289627 86.269551 87.304669 87.304669 115712.788733 11572.523144
233.834844 150.186913 0.549602 0.530239 77.620236 78.533053 78.533053 129325.574785 13430.601398
208.766447 276.097344 0.884367 0.198308 56.662044 61.008254 61.008254 4343956.119622 2162.751923
74.746434 49.537039 0.240091 0.461448 74.170464 84.847864 84.847864 4760124.027643 1020.307188
282.318477 176.133204 0.649121 0.153030 66.526542 72.141958 72.141958 3468595.188526 974.575223
231.335542 247.251242 0.806396 0.292787 66.001917 67.404613 67.404613 511631.188944 8007.224199
79.014590 84.886660 0.294266 0.541957 77.927672 80.394071 80.394071 1014129.748789 9245.763139
66.899960 21.679900 0.193446 0.361994 86.412505 93.330477 93.330477 2284291.046940 2072.563137
167.578439 171.128226 0.506275 0.440346 58.682229 71.763692 71.763692 12548802.757210 -85.681421
108.674383 127.465410 0.397706 0.549231 36.562851 62.126344 62.126344 22768559.529799 165.257122
248.333694 256.501857 0.885404 0.367826 64.257885 65.368966 65.368966 362541.819993 9993.827662
193.870986 200.276688 0.612673 0.464657 70.918221 73.226489 73.226489 960615.663618 5082.553932
186.615360 246.935944 0.754713 0.449212 68.970969 69.350311 69.350311 90939.362390 42158.803599
302.573730 153.400976 0.686568 0.458619 69.325905 71.693855 71.693855 836074.684529 3670.446545
200.847892 238.721642 0.713998 0.164661 48.202246 64.015592 64.015592 22093960.335941 13350.675678
351.717539 118.295587 0.719104 0.380786 72.337051 -1.000000 72.211690 4964.730091 -216593.079826
259.615449 170.349198 0.581805 0.159125 75.008250 76.633111 76.633111 391507.860692 6246.619417
106.614227 120.612756 0.358394 0.541501 76.267944 79.675383 79.675383 1581442.677055 4905.676340
132.028780 179.671631 0.515507 0.529918 66.424259 67.419089 67.419089 741019.737141 27590.768913
140.925129 158.268091 0.423235 0.382355 76.960834 80.100838 80.100838 1431467.797272 4419.625719
201.787913 63.658588 0.345424 0.410148 84.072321 89.146423 89.146423 1451222.912794 1219.930724
248.367324 161.809792 0.589219 0.430101 72.711573 75.350560 75.350560 919356.190415 3492.394123
233.496822 196.492821 0.605117 0.144941 73.145461 75.158110 75.158110 615178.491900 4950.070614
236.501705 245.269210 0.821263 0.314002 58.186656 63.951517 63.951517 5341573.556938 1237.172147
135.220196 145.959526 0.422307 0.468384 59.114120 72.691235 72.691235 11823605.387755 464.298620
430.410687 171.935377 1.086983 0.405108 61.767714 -1.000000 61.674933 4313.609881 -247489.775949
326.943659 238.937318 1.003100 0.393058 58.221416 61.308344 61.308344 1992121.112509 2293.387798
250.865494 231.628575 0.810895 0.426916 61.624852 65.559002 65.559002 2702932.778746 1998.770704
86.075062 83.100776 0.255370 0.363177 70.356925 81.054397 81.054397 6227719.831826 1096.024469
193.463943 179.232725 0.532108 0.314239 61.783439 73.170120 73.170120 10494023.947084 437.716591
295.997956 201.637911 0.800959 0.378826 56.256322 65.105355 65.105355 9003193.254050 413.081251
137.638198 59.312782 0.201207 0.176507 104.838648 -1.000000 104.630999 4602.980717 -192011.065340
167.486558 217.286519 0.610913 0.288772 64.860249 68.615506 68.615506 3038109.216186 3289.335254
122.743333 165.847464 0.393426 0.253915 82.416047 82.748082 82.748082 109979.107609 74585.672464
252.738701 317.039031 1.180961 0.368421 53.689194 56.158496 56.158496 2093767.127360 3678.877276
279.364621 269.301197 1.008281 0.296684 48.755531 58.408980 58.408980 13187119.986054 368.916839
428.594962 189.272285 1.135189 0.349399 53.776003 58.188029 58.188029 3742705.754467 1108.606466
224.804763 295.138314 1.007758 0.338490 61.172428 61.877022 61.877022 253836.451117 17911.823887
266.006806 287.753001 1.039166 0.259257 62.108101 62.434702 62.434702 46956.461744 36806.781976
247.622931 333.338852 1.250699 0.238095 45.323381 51.727723 51.727723 9989102.221318 1012.110745
210.125346 187.565438 0.613542 0.508148 64.576733 71.221596 71.221596 4815277.787268 1016.614816
248.658737 23.197978 0.353273 0.228268 87.361921 89.708352 89.708352 440649.861623 4036.153794
192.105088 4.397485 0.222119 0.110863 102.806072 -1.000000 102.651042 2495.821514 -258708.846735
296.996092 311.352521 1.213372 0.162327 58.007739 58.522378 58.522378 102881.382386 19512.217209
90.781538 15.001317 0.159823 0.233086 103.838209 106.559781 106.559781 372257.615275 5412.744632
141.867908 179.719448 0.459377 0.248887 67.153295 72.924899 72.924899 4748829.051248 2083.969864
225.607110 233.569640 0.727808 0.180556 65.955454 69.037350 69.037350 1662155.030499 3100.284680
253.194037 295.889176 1.028994 0.077284 60.453252 61.962186 61.962186 502727.129326 5233.606059
142.582037 182.722911 0.539356 0.480975 46.810129 60.019255 60.019255 15554325.923913 595.185952
324.146578 237.978005 0.995543 0.430556 59.499668 61.870679 61.870679 1268119.812299 3434.258296
265.297423 189.637497 0.708118 0.439890 57.710469 67.753216 67.753216 9861280.079382 348.395721
356.855652 177.989930 0.875780 0.328932 57.619256 63.967567 63.967567 5518654.792005 700.762571
358.078586 130.336892 0.780997 0.488594 66.530194 68.604623 68.604623 725675.530005 4246.050759
307.476871 410.659176 1.826263 0.100516 42.806783 47.138683 47.138683 5256679.588735 1003.784316
303.638048 233.186866 0.911422 0.387185 66.385438 66.405672 66.405672 255.469257 729414.660090
363.726947 223.000922 1.029723 0.254583 53.566388 59.949231 59.949231 6383116.574456 715.726865
137.409711 135.344439 0.374626 0.389675 74.479268 81.411618 81.411618 3894523.032192 1407.369260
298.462897 198.503514 0.749046 0.152337 70.037260 70.712355 70.712355 100628.184734 16425.243311
97.301212 109.041376 0.305809 0.428434 82.023439 84.541914 84.541914 987755.548318 7504.977633
297.271240 277.041613 1.078863 0.276453 49.087009 57.419451 57.419451 10905820.272710 488.705684
366.983185 152.877726 0.848540 0.433247 64.026569 66.303293 66.303293 943850.968913 4509.289978
322.014930 108.522181 0.625294 0.359170 72.524499 74.534525 74.534525 569559.162964 4466.534697
189.156227 284.383561 0.905223 0.149791 44.834949 49.334698 49.334698 7411280.759816 3340.331068
273.470940 361.795543 1.450663 0.168800 44.245395 50.213954 50.213954 8833274.467939 908.936302
167.749742 170.642936 0.442335 0.217361 81.071582 82.768232 82.768232 444012.160502 8111.324853
331.979312 180.877907 0.782520 0.161945 68.143943 69.262117 69.262117 248386.951949 8521.130683
349.362720 254.105242 1.104344 0.267898 57.898552 59.791423 59.791423 911119.111877 4004.043479
380.966743 197.888304 0.993595 0.260778 58.375032 61.828287 61.828287 2221114.832742 1793.708688
253.672730 154.893946 0.573168 0.414286 78.403366 78.493108 78.493108 2262.430352 176789.483990
179.319746 224.638493 0.691973 0.472423 58.203915 63.844336 63.844336 5722395.115049 1774.942879
131.776884 164.379395 0.444688 0.423918 72.331999 75.266205 75.266205 1756591.901170 5371.428680
107.932487 115.494486 0.349375 0.550944 79.328183 82.578892 82.578892 1260404.844838 4860.909356
361.244078 125.967230 0.769129 0.398667 65.752214 68.620169 68.620169 1268172.968092 8240.465040
163.323151 205.533509 0.601669 0.395182 53.667826 63.484718 63.484718 11538779.625126 777.868478
138.086869 137.178920 0.399024 0.514107 80.884094 83.449976 83.449976 784559.453575 5334.650213
137.479167 129.827515 0.336881 0.273475 73.794535 83.552207 83.552207 6189552.801479 809.129673
229.054130 83.496211 0.320922 0.050525 93.434909 -1.000000 92.999738 15497.198432 -96831.697286
220.931080 322.222732 1.108581 0.163192 60.830789 60.918301 60.918301 9637.620433 169438.749592
292.210408 237.040433 0.861279 0.099583 67.568673 -1.000000 67.404146 8665.676256 -160412.372304
173.141271 219.795647 0.623400 0.350092 73.153480 73.848879 73.848879 186584.130978 22814.725180
155.924035 173.934527 0.499107 0.448312 66.132982 72.915516 72.915516 5141801.490597 1567.896540
317.268893 81.002925 0.604047 0.509676 67.144134 73.974699 73.974699 4040725.976625 592.905011
190.523043 227.609083 0.686659 0.463205 73.239205 73.352778 73.352778 6920.810863 146185.359673
318.810054 136.397815 0.650555 0.253864 73.310353 74.220016 74.220016 152325.143475 12314.151756
291.770116 319.201886 1.268690 0.352873 54.386320 56.034960 56.034960 958178.710771 5484.667099
310.731490 281.520781 1.106173 0.159908 57.697442 59.731292 59.731292 1000831.375984 3678.379761
255.372704 163.235724 0.595378 0.357670 70.302210 74.374256 74.374256 1966773.082572 2761.871386
307.424183 274.343031 1.061259 0.156404 61.632816 62.014618 62.014618 51204.143613 28364.185177
244.132811 279.863310 0.966423 0.290260 62.125810 63.145108 63.145108 355033.051474 11275.668341
305.815839 189.607249 0.781507 0.403312 66.483633 68.434537 68.434537 709345.700506 4697.659795
132.473262 181.783643 0.399501 0.066570 78.077900 81.580697 81.580697 1657053.197552 4068.190881
238.581843 306.487368 1.071846 0.220187 59.863564 60.665160 60.665160 276467.846435 14378.397634
266.722398 271.601907 0.977874 0.265868 58.216536 61.418411 61.418411 2267523.120260 2461.402053
68.642748 35.075928 0.165648 0.264221 101.996524 103.815938 103.815938 284216.276059 11324.139296
296.616526 114.162792 0.556931 0.275593 77.933728 78.594868 78.594868 74653.000916 18644.574626
364.390801 247.287302 1.132501 0.302681 49.652575 57.177239 57.177239 9127898.503248 499.889960
230.489599 343.800279 1.260501 0.124290 44.979598 49.480699 49.480699 7124677.114736 2031.717624
179.630753 175.796962 0.487134 0.319643 82.814882 82.870912 82.870912 1114.597783 328208.735068
231.353903 341.413233 1.302083 0.325981 39.785437 44.553547 44.553547 9568741.289008 2094.291206
90.466445 81.210176 0.266583 0.423644 76.113981 84.528402 84.528402 4068387.509629 1397.645974
206.746544 260.897564 0.865125 0.466236 55.430178 60.173673 60.173673 5093153.164527 1969.773295
259.843724 185.869643 0.608352 0.073292 76.915267 -1.000000 76.825833 1929.789498 -324487.132027
232.525435 310.159857 1.127644 0.365673 44.740797 52.127672 52.127672 12153935.674208 931.209950
296.244680 272.586522 1.068870 0.366109 50.990803 57.804155 57.804155 8046879.422716 710.940706
427.625972 235.648556 1.250893 0.073605 58.276812 -1.000000 58.101313 10466.351296 -139802.307010
244.416365 351.718166 1.347539 0.249878 47.478657 50.436515 50.436515 3997067.819482 3250.524299
343.035351 370.065753 1.654940 0.096897 50.315294 51.216110 51.216110 289229.346031 7162.141524
145.469527 143.480362 0.333617 0.132153 77.602518 86.024213 86.024213 4870393.715804 862.328164
231.666019 349.324251 1.347263 0.284827 38.348969 41.708100 41.708100 7094059.272285 4494.792676
110.284839 27.253608 0.242329 0.472216 88.542970 96.012970 96.012970 1873201.749046 858.801620
221.427387 203.753322 0.658390 0.408572 67.668533 71.127650 71.127650 1842256.766556 2391.261701
73.699841 101.214058 0.269456 0.274066 55.948126 57.558437 57.558437 1188407.282601 94153.024133
333.358273 243.555877 1.011101 0.258336 63.589315 -1.000000 63.506395 3501.131860 -280368.638100
85.646096 27.559047 0.240201 0.534546 95.962994 97.839306 97.839306 199876.854310 8167.312243
252.984105 192.505810 0.639168 0.168386 64.943033 71.753799 71.753799 4938625.091373 727.765112
146.482569 165.825593 0.408628 0.258078 87.226909 87.320687 87.320687 3153.614165 213403.544970
188.490245 234.249297 0.699838 0.246356 50.187730 62.455444 62.455444 16604655.617495 391.916216
189.778352 278.501081 0.903722 0.234953 40.571157 48.271857 48.271857 13575354.758163 1326.264031
284.672732 132.136167 0.611601 0.504314 68.046495 73.558426 73.558426 3006724.934547 1336.787495
199.438768 267.592811 0.867163 0.317013 49.372234 56.831983 56.831983 10678847.342408 1086.913533
242.485542 258.641588 0.857035 0.202241 66.108097 66.821777 66.821777 155078.511975 16476.355189
245.083554 174.169266 0.607445 0.378902 70.500144 73.957354 73.957354 1555138.979209 2489.579684
95.885359 101.481359 0.271401 0.319739 75.908293 83.062879 83.062879 4003695.908339 1915.943903
221.334970 145.389211 0.440274 0.128612 81.539105 83.745796 83.745796 522341.377622 4540.157432
211.370943 190.849049 0.583738 0.336865 75.348473 76.429010 76.429010 228174.714907 11900.210439
139.706368 192.892066 0.561063 0.478576 58.192386 61.098604 61.098604 2959373.330711 6561.140370
296.521795 346.268375 1.404315 0.195717 54.003339 54.720437 54.720437 228592.208354 13149.868073
339.293886 212.628251 0.939961 0.362904 56.774103 62.186264 62.186264 4640716.530004 988.838056
167.749597 243.703454 0.743907 0.343522 51.961648 54.430315 54.430315 3327259.070498 8053.719976
240.687049 336.221300 1.208585 0.049147 56.918446 58.152164 58.152164 375080.258301 6318.975920
267.212373 414.729478 1.813855 0.126568 14.096849 27.598120 27.598120 31050505.884217 1341.493090
258.819553 343.437122 1.347023 0.290507 33.147405 47.775251 47.775251 32219436.037463 103.092972
191.826607 219.192293 0.647937 0.288247 63.119345 68.726404 68.726404 4685564.933307 1538.366304
166.047496 193.493832 0.521937 0.309150 78.094934 78.908453 78.908453 173545.254868 19387.511283
161.722340 183.837131 0.497688 0.291063 68.245811 74.280990 74.280990 4455718.346624 1757.377763
292.607078 69.953281 0.507715 0.358025 70.009792 78.288748 78.288748 4977149.312652 397.568506
277.750146 312.627187 1.210350 0.274674 39.000523 52.881429 52.881429 26054424.677451 137.931497
43.594016 25.012822 0.152041 0.190244 35.057341 65.570019 65.570019 16307900.785651 482.326540
287.083916 249.545113 0.914566 0.209728 65.146922 65.613525 65.613525 69260.214439 24851.205097
198.163551 290.209012 0.933376 0.148562 50.385352 55.012914 55.012914 6435716.200166 2367.798331
238.733960 268.372179 0.923815 0.325457 54.915830 60.590087 60.590087 5965049.502156 1227.359435
135.512073 89.245913 0.291073 0.394912 91.041906 93.442470 93.442470 418749.041582 5196.178135
240.574156 229.405559 0.793233 0.462634 58.806102 64.829058 64.829058 5338940.277412 1125.261023
205.858624 275.293433 0.885021 0.206750 50.440936 58.170287 58.170287 10614686.020752 980.734685
349.519463 298.960157 1.296084 0.207726 55.810022 56.673215 56.673215 262362.095613 10444.021897
280.964430 156.691894 0.629448 0.396625 76.063608 76.102219 76.102219 538.575819 423043.996586
445.312052 237.184456 1.333467 0.148433 50.198638 54.873799 54.873799 4223869.825228 757.097981
405.712719 196.845162 1.094596 0.399214 46.231134 57.662276 57.662276 16483369.410442 13480.041151
128.170796 69.890171 0.223353 0.227825 83.056877 95.966441 95.966441 6017562.051704 348.631631
247.390184 109.729201 0.497882 0.516498 75.823989 79.705137 79.705137 1318788.050679 1847.935796
229.013245 159.918633 0.544017 0.412166 77.094654 78.381125 78.381125 253344.095264 9349.026035
309.991243 298.528373 1.204092 0.229819 44.614323 54.762756 54.762756 15660421.244826 268.436903
390.324069 275.731538 1.314615 0.214866 52.829942 55.415508 55.415508 1711421.327777 3630.242818
338.932443 276.534389 1.187664 0.326511 49.492207 55.934882 55.934882 7680841.340501 772.538078
224.497930 291.412682 0.964307 0.125467 57.652075 61.105231 61.105231 2669524.867121 2401.244632
135.853694 120.738537 0.276494 0.155769 95.667701 96.379716 96.379716 63600.349192 24340.026616
439.121354 294.280407 1.550250 0.118287 53.394911 -1.000000 53.335571 2142.566973 -341656.312924
228.464610 91.200317 0.426167 0.451226 78.443101 83.504549 83.504549 1792767.674522 1208.073997
163.920644 83.775650 0.266575 0.201706 89.913195 94.982224 94.982224 1465296.148664 1668.870043
267.823765 329.833934 1.276015 0.250553 40.077171 51.329374 51.329374 20856658.793549 226.527558
193.950121 194.507949 0.573110 0.307574 66.036449 72.478280 72.478280 4835784.728624 1229.979501
57.350547 58.887776 0.187299 0.246786 77.592038 80.435814 80.435814 1434786.656053 11988.970950
42.487811 31.526392 0.099763 0.078373 69.751282 85.707961 85.707961 8209972.016567 880.496741
406.939033 276.374173 1.360720 0.157426 55.169342 55.830119 55.830119 151936.830721 12685.967375
446.497986 295.870746 1.594563 0.225303 52.666702 -1.000000 52.573231 5887.990195 -212610.268970
173.139888 95.303414 0.279707 0.144730 79.580815 92.379847 92.379847 7012934.822195 201.534912
52.805700 33.855126 0.217056 0.380492 39.532379 65.260055 65.260055 14037813.148157 465.581219
228.585923 300.295219 1.028220 0.159842 48.646459 56.582424 56.582424 11027278.543530 728.371333
210.831220 324.418670 1.151173 0.163181 40.654093 41.450158 41.450158 1526845.212898 107577.132098
314.827275 256.487171 1.015601 0.210538 58.572242 61.347546 61.347546 1637939.296393 2608.413987
76.098972 97.384312 0.268787 0.284901 42.291923 56.941462 56.941462 10866605.652659 1522.783070
294.117873 188.832926 0.739227 0.324291 68.153904 69.978830 69.978830 609776.462126 5211.792624
346.709794 254.234964 1.100705 0.343349 61.387957 -1.000000 61.274963 6743.373923 -200703.154935
199.882147 220.447069 0.643356 0.179356 59.861519 68.803074 68.803074 8836096.445078 647.579740
265.547062 375.751229 1.527438 0.159745 31.605390 45.606423 45.606423 32213140.071213 170.064505
307.657011 157.846540 0.649744 0.110880 70.256829 73.378731 73.378731 1174178.580080 2040.458192
314.023773 54.131335 0.549246 0.446709 79.722495 -1.000000 79.673824 649.706632 -594530.620532
59.589870 45.729740 0.149275 0.161502 62.002094 83.069472 83.069472 12734200.427197 314.740388
79.030569 44.764007 0.237086 0.481277 87.856135 92.695449 92.695449 1269672.739356 2926.518744
98.556760 67.701021 0.230879 0.377093 102.072099 102.103081 102.103081 186.759997 762804.546274
214.964973 203.833429 0.646847 0.348952 56.712373 68.196535 68.196535 12347984.760237 301.385359
275.305174 369.510935 1.497857 0.168271 46.569584 50.415295 50.415295 4598720.634087 1704.764879
313.513908 120.780145 0.651744 0.510993 71.060722 73.291076 73.291076 679676.131998 3937.786457
356.572696 248.143914 1.109121 0.386139 60.765461 61.026642 61.026642 28759.061023 43950.991372
216.250335 241.756418 0.782551 0.368657 59.160721 64.466056 64.466056 4820127.303887 1474.943428
419.994355 292.822642 1.477249 0.110323 52.503059 53.713919 53.713919 424431.202899 5344.824120
52.113115 51.440956 0.156650 0.165563 63.465270 74.137721 74.137721 6337786.822620 2107.513442
192.378601 165.099470 0.524351 0.480491 64.643270 74.299235 74.299235 7435245.998399 506.045953
209.990188 315.187291 1.134300 0.366172 45.673620 46.317482 46.317482 1097210.071231 80276.194320
81.880469 64.448933 0.262074 0.524786 88.605269 91.374081 91.374081 637416.862904 6255.185185
236.854203 52.306290 0.377111 0.365667 89.443445 -1.000000 89.261233 4913.525129 -191413.486690
198.491359 143.110042 0.446572 0.337479 77.826007 81.722158 81.722158 1475260.697518 2344.664082
100.219752 120.840616 0.257118 0.153378 79.936045 85.739749 85.739749 3356177.753996 2683.780116
187.243866 272.080556 0.884400 0.248771 22.866921 44.385657 44.385657 37832411.796620 174.347787
241.650231 342.138783 1.274972 0.212453 51.464097 53.642041 53.642041 2122526.844195 4689.110664
347.336379 208.364455 0.941958 0.382954 63.128455 64.265097 64.265097 326551.650184 8436.881378
191.514680 222.466207 0.660068 0.317329 66.580153 69.821921 69.821921 2031754.877270 3385.620032
194.273414 139.983995 0.411453 0.264807 87.276558 87.361875 87.361875 1698.941555 212824.821436
162.516771 236.411875 0.744051 0.436723 44.376528 48.486612 48.486612 6092537.201690 4929.938495
211.354047 286.356394 0.930835 0.293748 65.623842 65.663381 65.663381 1695.379145 403606.429824
257.953788 214.184873 0.754943 0.358819 60.848947 66.839595 66.839595 4865900.777845 1096.734837
190.456642 275.173163 0.868182 0.327640 62.570614 62.879511 62.879511 181355.276192 61947.166943
162.239803 115.564228 0.387427 0.520985 78.215172 84.229543 84.229543 2359998.070293 1270.656519
172.793052 175.654044 0.510093 0.376015 60.375225 72.362143 72.362143 11336926.480043 449.844857
147.548681 200.530505 0.538728 0.344769 72.677232 73.536190 73.536190 433903.195642 22213.072058
276.516872 238.470718 0.849613 0.195346 63.403566 65.894460 65.894460 1203744.554503 37020.933024
182.636068 111.122351 0.348185 0.281269 87.773824 89.722347 89.722347 353279.179693 6288.505178
207.862744 86.357387 0.358290 0.319267 84.487807 88.332594 88.332594 1051326.123803 2091.337705
318.014648 198.958042 0.791792 0.110775 69.833487 -1.000000 69.704993 5135.404486 -210679.878170
148.462605 165.324065 0.458232 0.395647 67.624522 74.718954 74.718954 5247328.140942 1338.280978
270.107694 327.808735 1.257875 0.230867 49.615357 54.170306 54.170306 5216981.981935 1471.261684
327.507315 286.589772 1.186754 0.267754 56.246027 57.997137 57.997137 882628.156054 4692.358786
241.246980 162.257290 0.581365 0.465396 74.765698 76.375977 76.375977 386374.280425 6588.908818
244.417345 42.742607 0.419143 0.518701 79.372642 84.451051 84.451051 1588636.016695 971.008508
184.070681 128.097208 0.406589 0.404227 84.296041 85.834586 85.834586 262668.302310 8213.847870
339.950521 115.136837 0.698577 0.473446 71.343235 72.295424 72.295424 166538.380519 11015.277406
314.793582 195.907940 0.807737 0.349609 69.461941 69.498753 69.498753 641.441629 410102.167612
189.715709 2.035128 0.236464 0.170952 101.061187 -1.000000 100.791340 7290.753470 -149514.706131
369.810534 325.410751 1.490229 0.237078 54.175360 -1.000000 54.075822 6780.883373 -204676.942770
247.806199 364.260307 1.401782 0.081369 36.596361 48.228268 48.228268 22266666.972343 268.600285
289.574716 395.969228 1.682293 0.147335 51.095331 51.262673 51.262673 21936.524135 62970.974476
220.087553 180.923050 0.577980 0.357068 71.661077 74.990178 74.990178 1481753.470415 2792.458600
158.333268 133.094972 0.407376 0.487800 78.272639 82.802046 82.802046 1746530.986122 2164.936506
267.015804 275.144716 1.002399 0.278014 51.873595 58.960607 58.960607 8374611.764333 790.269078
79.560655 118.416116 0.213298 0.049499 33.889538 54.840421 54.840421 13146322.313338 1430.425942
282.798705 235.981036 0.881522 0.382190 63.075093 65.048225 65.048225 869813.775719 4694.097974
92.242168 42.679405 0.224877 0.424528 95.976652 98.601310 98.601310 388961.459466 5549.733840
273.147832 262.653771 0.949684 0.311878 64.688469 64.909280 64.909280 20882.890037 58310.620952
445.969708 227.892429 1.318280 0.314350 53.492236 55.574725 55.574725 1196003.428794 3146.841026
205.230865 281.680218 0.925572 0.329265 57.703244 59.950848 59.950848 2003539.876462 5363.773332
211.996367 138.404284 0.430701 0.212682 77.728923 82.639059 82.639059 2109321.196801 1562.703451
68.417200 19.398267 0.159345 0.271912 107.619000 108.196501 108.196501 34404.336111 39362.396805
198.519093 199.803964 0.547280 0.098317 72.896868 76.745994 76.745994 1697028.956007 23339.646258
377.258758 282.794328 1.308920 0.264118 54.919827 56.154540 56.154540 497903.616679 7765.606643
255.645053 79.875676 0.467006 0.499208 79.284728 82.068910 82.068910 677202.715221 2877.037314
238.940195 129.996108 0.443035 0.144927 80.147136 83.218655 83.218655 913694.640015 2850.570481
139.224065 85.976711 0.273448 0.320970 90.712145 94.317715 94.317715 824556.331068 3083.061357
170.549618 171.123143 0.465093 0.311993 81.554089 82.423975 82.423975 144696.938824 17548.741683
230.057500 350.050649 1.322240 0.213551 44.688802 45.545341 45.545341 1475512.643638 31851.498440
164.260844 157.489500 0.380816 0.133524 89.518162 89.547403 89.547403 260.412716 685516.646052
123.659817 150.696763 0.415131 0.537827 83.445821 83.877849 83.877849 78568.539980 47340.857868
373.779329 186.049205 0.959552 0.410423 56.315275 61.830226 61.830226 4734389.141382 879.884679
251.020624 37.541998 0.392877 0.364579 88.169866 -1.000000 87.885007 11309.401297 -124044.064397
180.987253 205.923480 0.596284 0.305689 59.926943 68.683878 68.683878 8736768.163813 850.595946
280.272293 134.017714 0.583516 0.428001 78.080236 -1.000000 78.030465 786.317473 -559675.677559
50.399250 59.010941 0.216868 0.292863 42.895511 52.298457 52.298457 5396667.968488 6605.024359
173.380492 254.254258 0.717923 0.090723 59.525319 63.259111 63.259111 3621729.248620 3481.477925
162.684355 161.947857 0.402308 0.142617 70.653095 80.916656 80.916656 7485467.486463 -24516.535955
138.953144 126.205093 0.379122 0.532419 85.783458 87.059523 87.059523 202604.528272 11812.436960
229.251571 299.123759 1.031441 0.190250 46.805079 55.749738 55.749738 13492019.794154 630.234652
68.837212 80.075534 0.265349 0.368825 37.036865 56.939142 56.939142 12996123.048189 988.672548
305.926589 213.082442 0.859164 0.466151 67.040719 67.373505 67.373505 35364.013977 36985.169948
118.457567 165.474982 0.503080 0.508497 30.839604 45.383574 45.383574 14962335.827772 1551.486305
218.864181 321.570665 1.120009 0.103005 27.104842 48.380602 48.380602 42993143.991974 32.079494
284.577277 276.911403 1.045593 0.387944 62.627412 -1.000000 62.520981 6643.057844 -212863.558718
138.381827 168.569711 0.462801 0.392409 62.926494 70.510609 70.510609 6645192.950036 1393.520189
432.739464 204.809358 1.155917 0.063368 60.352019 -1.000000 60.276510 1984.656747 -318473.569964
348.563850 240.349307 1.071905 0.371203 47.660442 57.819404 57.819404 14019963.463431 213.930578
342.566097 207.043775 0.899916 0.161943 52.761209 63.114651 63.114651 11779539.607727 165.594604
350.753076 285.236133 1.242065 0.217796 51.641907 55.925119 55.925119 3928614.208572 1072.134117
202.348138 245.873965 0.741765 0.271077 71.480714 71.547263 71.547263 2642.602859 245382.436385
154.194406 216.260531 0.595673 0.278618 64.022381 66.107720 66.107720 1857379.791751 8136.512082
316.088714 110.632473 0.600205 0.265223 70.227434 74.627072 74.627072 2128709.270037 1395.815766
263.954033 176.469246 0.653063 0.423147 72.585322 73.713691 73.713691 235441.091820 9960.629819
278.757568 298.476429 1.121857 0.243100 57.047815 58.953271 58.953271 1055619.065819 4567.762034
408.743287 323.741898 1.603714 0.213190 51.814284 52.210269 52.210269 76060.348767 22412.406671
69.040373 51.056989 0.119851 0.096140 104.620817 108.471005 108.471005 856930.496838 4667.355828
128.450921 81.208288 0.228567 0.214402 95.847047 98.887323 98.887323 597148.916850 4205.671493
221.841280 320.462863 1.144413 0.342385 53.667941 54.901569 54.901569 1200441.910436 10672.749759
398.475835 182.167596 0.985996 0.202952 64.159300 -1.000000 64.029388 6890.850576 -188142.622268
76.760008 72.873646 0.220831 0.354089 99.016254 99.465536 99.465536 49089.048762 54197.566024
273.777189 293.003358 1.098481 0.343415 57.275086 59.218670 59.218670 1127777.656757 3946.010847
172.005113 221.258149 0.632566 0.320283 66.732227 69.421982 69.421982 1817657.800628 4882.567559
415.253280 159.279735 0.999351 0.383291 63.993841 -1.000000 63.951091 987.810434 -536999.630529
182.450185 241.589429 0.722413 0.296840 60.242969 64.202632 64.202632 3755795.573545 2988.331720
410.475115 235.366371 1.224282 0.305976 53.956670 56.881785 56.881785 2028169.091236 2104.901215
251.467916 183.810923 0.635715 0.282340 58.489056 70.332051 70.332051 11964658.829134 248.139089
210.834056 294.532347 1.014903 0.279747 33.437679 48.961145 48.961145 30486157.858380 267.413662
339.587204 345.868182 1.534574 0.246690 36.768911 49.141883 49.141883 24865690.112689 133.802585
282.011376 421.447790 1.838065 0.061076 34.030876 44.505052 44.505052 20752478.108212 251.148622
138.884570 195.626824 0.502269 0.175438 48.212839 59.524981 59.524981 14233119.678196 840.306041
145.024499 206.360128 0.613846 0.505179 58.794066 59.261830 59.261830 477722.425818 175288.194658
59.147548 49.877297 0.188781 0.301061 89.596719 91.403442 91.403442 595655.764554 13220.520823
167.051187 250.853066 0.700976 0.094473 58.303943 60.500745 60.500745 2354895.269352 8258.289170
298.467166 217.451065 0.862876 0.428027 59.465123 64.249330 64.249330 3618141.373493 1368.992378
192.021209 272.362681 0.884128 0.322575 49.077384 54.154027 54.154027 7482196.243790 2143.862991
382.949376 260.914779 1.239115 0.259802 46.526465 55.058209 55.058209 11733789.713046 320.587169
333.405393 117.051165 0.684827 0.437719 67.186886 71.207689 71.207689 1989087.905371 1454.949216
271.485530 14.548197 0.445892 0.479240 84.851559 -1.000000 84.584914 10497.270722 -127981.788017
61.608531 33.828091 0.187206 0.351006 99.811691 100.854895 100.854895 149526.209560 22581.452897
266.349154 35.083447 0.417758 0.324529 73.519961 83.450370 83.450370 5577215.409947 231.447362
179.631580 158.789860 0.488106 0.537766 81.523049 81.975328 81.975328 39350.104676 33768.970953
214.344665 248.637339 0.789486 0.394269 70.075079 70.095448 70.095448 321.146893 832737.030399
287.133643 232.440675 0.878138 0.323977 55.127185 62.772853 62.772853 7982216.425889 562.400854
290.329249 123.306183 0.578407 0.387733 78.084643 -1.000000 77.939167 5364.387960 -203686.798488
360.062445 239.912636 1.095502 0.371768 55.459045 59.050005 59.050005 2704681.413497 1728.669412
329.345284 128.319594 0.680501 0.397553 74.095632 74.105333 74.105333 46.247336 1780725.796618
369.420503 273.691620 1.221610 0.094126 58.911629 -1.000000 58.799957 5283.912412 -207351.903320
243.511361 288.668809 1.027091 0.376403 55.883880 59.109614 59.109614 2767205.839907 2706.164275
231.021239 98.635894 0.447326 0.489076 78.772972 82.605541 82.605541 1159637.043227 1295.507998
231.199669 347.178980 1.313836 0.290005 47.139036 48.031033 48.031033 1341940.437957 21327.750013
126.378509 172.243601 0.449509 0.318361 64.646290 67.798829 67.798829 2775157.583654 5838.016862
207.674350 111.157663 0.391915 0.297360 77.461755 84.578955 84.578955 3369063.770706 813.048453
305.308031 232.385757 0.905574 0.237557 55.579034 62.612639 62.612639 6960526.504008 650.770429
159.966693 231.182916 0.692365 0.318803 44.193696 50.792442 50.792442 9749144.449703 2196.082389
55.059873 4.170239 0.152052 0.268690 106.335242 106.971215 106.971215 62727.943658 40100.186454
119.854442 166.968085 0.413798 0.225114 57.988487 63.729848 63.729848 5874900.052187 2916.495597
157.057251 174.869950 0.477836 0.397070 79.329943 80.509915 80.509915 291708.821755 13067.888872
364.282368 355.765213 1.637073 0.181229 52.109502 -1.000000 52.040610 3642.019211 -280963.104503
238.844000 268.177286 0.906788 0.297508 63.281330 64.511061 64.511061 462783.124413 8910.725420
186.673715 261.517516 0.750215 0.050990 65.730116 68.464132 68.464132 1215422.514133 3326.445798
103.689982 145.003325 0.378199 0.279622 38.763152 51.564472 51.564472 12435469.142103 1569.481412
428.021508 277.914423 1.432234 0.083393 53.243998 54.532905 54.532905 414572.787554 4244.808207
421.086480 236.440895 1.224798 0.015835 58.620533 -1.000000 57.702920 43190.648963 -50618.178660
319.096251 328.442058 1.371896 0.253353 53.047608 54.591746 54.591746 833430.417380 5360.579896
331.454384 182.289346 0.767238 0.054311 70.517904 -1.000000 70.236439 14612.304667 -109931.477821
134.063799 39.200627 0.162699 0.104950 96.457146 105.964412 105.964412 2860059.116785 418.812290
261.340424 304.391503 1.123249 0.344733 58.484863 59.449333 59.449333 370756.743577 11043.701123
78.050035 82.108881 0.272973 0.525678 94.202377 94.283037 94.283037 8469.435587 408345.973417
171.594275 206.258351 0.582386 0.292984 61.984552 68.988481 68.988481 6563075.055431 1320.500882
279.023831 166.267528 0.658355 0.432792 72.844758 73.760011 73.760011 159241.774350 12511.611570
310.143988 236.817257 0.922810 0.241552 65.947772 -1.000000 65.880589 2240.563595 -354066.261521
251.347990 371.383192 1.475451 0.144924 31.164870 43.520949 43.520949 28496832.318037 319.990685
373.061623 197.805990 0.985459 0.425541 62.682686 63.458138 63.458138 170407.284691 12823.438716
258.582909 349.599075 1.332443 0.161405 55.975211 56.285164 56.285164 59020.905246 36901.662678
198.098908 94.714119 0.302644 0.119691 95.101929 -1.000000 94.897154 5697.339732 -180399.480046
176.956096 209.051402 0.601192 0.265736 41.043809 64.638855 64.638855 33694617.711609 56.662084
395.773430 208.497853 1.085503 0.319970 53.519396 58.915065 58.915065 5067817.405610 842.490635
358.990612 268.555097 1.179548 0.134770 49.637472 57.063349 57.063349 8351559.581489 14626.390929
254.028419 376.219861 1.511012 0.142174 28.911769 42.727241 42.727241 32842608.332083 260.057541
220.105310 196.660147 0.591634 0.167901 64.996534 72.837875 72.837875 6140747.365623 706.992993
54.151582 47.644586 0.116805 0.115561 110.560898 110.982187 110.982187 52181.437995 71022.323429
280.491414 316.933772 1.219776 0.269524 55.941454 57.280371 57.280371 644898.827353 6086.543451
344.687895 282.675672 1.211641 0.192278 49.204579 55.932730 55.932730 7885099.738574 525.880781
331.112304 233.293296 0.986041 0.311342 53.826378 60.563147 60.563147 6944994.292247 763.425092
244.339686 190.772473 0.675743 0.478342 61.690363 69.203184 69.203184 6102946.085441 757.323280
149.045993 20.130733 0.265910 0.464485 98.368078 98.528594 98.528594 2257.149281 107946.733334
90.029618 93.607556 0.264835 0.372742 85.164811 88.181969 88.181969 1092189.973040 6086.450788
203.179753 123.755391 0.397047 0.254513 79.055262 84.537632 84.537632 2320501.806586 1349.891616
206.808064 270.898558 0.856305 0.197140 58.523529 62.370343 62.370343 3455238.565798 2552.253407
219.996345 327.771126 1.200263 0.340514 47.371904 48.586865 48.586865 1889105.936796 15411.281993
209.266217 311.556333 1.069881 0.166061 42.263352 48.259870 48.259870 10765735.796318 1642.734835
225.440602 331.673900 1.214421 0.325942 50.695083 51.928843 51.928843 1496206.205773 11214.745796
351.817384 372.647133 1.702790 0.157585 49.037319 50.221877 50.221877 554607.856657 5996.872998
146.599911 225.804892 0.600014 0.085455 27.745389 38.177401 38.177401 12591980.488942 3805.916179
279.077306 291.109706 1.113584 0.334017 46.219505 55.628109 55.628109 14051397.558119 391.382873
225.113123 217.836877 0.720679 0.477746 66.529621 69.169068 69.169068 1291876.941111 3826.181529
188.734073 282.185965 0.936093 0.326210 48.098362 48.845003 48.845003 1170522.979751 74117.734347
98.844699 20.433579 0.176165 0.269352 104.241967 105.866708 105.866708 148739.092539 9658.970233
155.340844 200.606167 0.568193 0.444068 69.937514 71.793596 71.793596 1060311.727893 8363.086890
264.791965 146.096946 0.587263 0.414036 63.967761 73.416764 73.416764 7319227.686659 317.996462
176.145179 194.156064 0.539164 0.236185 56.627426 70.388734 70.388734 15225100.886229 368.348449
324.488562 154.027063 0.683482 0.129207 73.672735 -1.000000 73.522131 6155.079253 -189617.501225
111.676469 155.849271 0.413201 0.351650 61.474682 62.986762 62.986762 1359205.507020 31153.278861
88.833929 128.097601 0.345050 0.286194 19.379061 38.400659 38.400659 12669661.420999 3157.131541
