211.418505 133.463903 0.416409 0.219506 85.207306 86.052378 86.052378 97608.293999 16246.038675
257.816207 282.471850 1.045544 0.420165 44.760134 55.851144 55.851144 17526266.035612 348.110590
112.618930 142.182269 0.344236 0.319233 86.123866 86.706898 86.706898 154473.700285 38299.670350
145.167854 190.207275 0.564085 0.458221 40.977426 56.824091 56.824091 20082276.491795 459.097699
21.500092 2.191703 0.247748 0.504135 36.256295 36.958256 36.958256 276071.413786 -20068332.244170
225.601343 50.248418 0.301440 0.135621 95.553733 -1.000000 95.498640 510.686961 -638801.954131
363.423230 287.496606 1.285335 0.171461 46.229468 54.557258 54.557258 11198736.683302 302.107773
286.333679 298.048383 1.134977 0.251431 58.543156 59.521395 59.521395 332945.415887 10132.850280
208.936091 267.013466 0.866002 0.304262 55.696697 60.669901 60.669901 5371690.082722 1800.186587
148.913220 60.655751 0.221864 0.193327 94.943631 99.639773 99.639773 1095355.751007 1896.019156
236.783615 263.802300 0.874322 0.169340 53.120375 61.887735 61.887735 10335971.792464 478.299594
104.408503 10.146796 0.227682 0.457078 98.620326 100.314012 100.314012 143698.893971 7903.013958
152.994879 118.050894 0.300548 0.202099 95.702244 95.719856 95.719856 83.429205 1261226.584701
326.194240 241.655476 0.979963 0.170902 58.438371 62.095780 62.095780 2403238.714497 1644.657787
376.103847 137.008889 0.826452 0.348437 64.840944 67.070410 67.070410 888361.241114 4359.721332
143.623231 100.609167 0.294626 0.298427 83.325073 90.392867 90.392867 2854993.289090 1179.322513
349.285350 205.613670 0.957604 0.445366 53.977265 61.240129 61.240129 7456032.687280 608.557664
225.638719 38.516000 0.370960 0.441165 75.637917 86.832173 86.832173 5457048.744200 134.074741
236.072550 300.293577 1.061865 0.412164 59.993467 60.711103 60.711103 255882.432028 16921.524404
430.555340 230.868684 1.265059 0.287484 58.105176 -1.000000 58.032496 3170.826566 -294852.946461
147.974869 187.437818 0.511692 0.486343 81.222808 81.266396 81.266396 1637.996387 465135.264080
236.616043 358.798157 1.352408 0.171849 52.880315 52.991842 52.991842 77074.754497 209823.634147
279.629736 219.057753 0.817254 0.388394 63.060194 66.256535 66.256535 1814838.008154 2347.663551
164.666652 209.231789 0.558253 0.248509 76.132508 76.862864 76.862864 179938.285737 22290.236358
190.272701 159.912847 0.400028 0.029420 87.638265 -1.000000 87.068508 20760.771796 -76392.283995
220.367713 69.571209 0.371355 0.378566 84.203960 87.749401 87.749401 876447.842295 2199.114787
187.965409 0.220145 0.314673 0.494227 93.723418 -1.000000 93.321532 13953.473919 -97732.828391
278.033879 421.520282 1.830686 0.103164 45.802160 46.868800 46.868800 901207.551948 9325.347823
381.059488 271.681470 1.290059 0.346600 48.062562 54.312691 54.312691 7620590.482494 790.446018
309.573387 151.391837 0.685211 0.356840 65.772298 70.676991 70.676991 2917308.126180 1270.992787
102.371192 18.396645 0.144019 0.150278 89.076197 105.237459 105.237459 6594993.206723 192.506979
243.693150 325.459250 1.179639 0.174660 53.800794 56.372069 56.372069 2122681.500142 3409.234905
233.815643 137.179361 0.502794 0.428034 80.634612 81.256892 81.256892 61618.031295 21500.933023
411.210410 232.129252 1.227124 0.355446 47.402153 55.357523 55.357523 10451866.637082 446.889012
149.857085 207.826824 0.556948 0.259862 65.821311 68.204137 68.204137 2000452.299790 6919.588284
213.933597 303.874548 1.052751 0.214146 26.068025 47.775526 47.775526 44194016.036444 63.394974
276.795827 310.936305 1.191278 0.240807 44.271462 54.096462 54.096462 15662891.778033 344.571087
230.953757 332.483105 1.202814 0.134985 39.088942 49.702869 49.702869 20017512.154396 493.523060
398.884836 267.644914 1.280811 0.033632 57.861562 -1.000000 57.760090 2426.020591 -256998.557781
364.258000 133.722941 0.791048 0.409680 68.044726 69.006449 69.006449 196001.839777 10469.320346
263.862346 69.443794 0.439165 0.320191 72.913527 81.997658 81.997658 5154610.942886 357.631732
193.553043 193.125075 0.556577 0.271943 71.731773 75.223600 75.223600 1745025.296330 2991.164578
136.219370 177.945197 0.440195 0.309390 85.089982 85.136086 85.136086 2101.347535 468949.407710
232.630458 291.472950 1.040640 0.415746 47.416714 55.015521 55.015521 11219793.244833 878.808164
151.038418 197.376940 0.572479 0.422844 53.939700 62.157197 62.157197 9384159.998932 1258.146465
292.175342 212.096235 0.820583 0.342254 55.931661 64.470432 64.470432 8802672.481431 442.723929
208.137243 7.273585 0.320780 0.404605 93.706218 93.849540 93.849540 2390.826690 116327.363175
400.976335 203.123646 1.067642 0.214639 56.030305 60.003003 60.003003 2907094.872145 1524.692695
235.564534 36.116427 0.343155 0.271328 92.014873 -1.000000 91.877738 2850.098257 -257823.735219
331.402977 268.887820 1.134468 0.320743 48.445200 56.608177 56.608177 10702374.501519 476.975285
317.937759 115.889246 0.641073 0.392988 59.165922 71.389411 71.389411 11476592.281171 172.705569
246.532676 357.043288 1.361913 0.230870 54.339470 54.764694 54.764694 171105.276132 29276.509979
292.077834 342.497998 1.393735 0.283734 48.229529 52.230862 52.230862 4546214.961964 1714.495795
231.861521 150.781376 0.525254 0.393465 76.992352 78.891300 78.891300 474576.616862 5587.272850
267.350196 149.489071 0.591387 0.397726 72.522735 75.330853 75.330853 1002937.183011 3094.969664
441.378434 305.288584 1.615302 0.153861 52.510090 -1.000000 52.477651 813.510733 -591839.880399
295.400317 126.382476 0.622906 0.494188 66.169585 72.833572 72.833572 4167731.087841 674.575015
242.690851 367.834253 1.463628 0.177371 22.353778 36.445437 36.445437 33438845.476787 382.459700
132.437616 92.304721 0.285906 0.378217 94.722284 95.495397 95.495397 60224.513968 21210.708125
349.503436 235.714971 1.029307 0.282027 62.335490 62.736650 62.736650 56370.168073 27748.614964
216.890978 4.471781 0.298500 0.244820 91.273820 93.905979 93.905979 455208.816781 3487.520082
307.106177 400.683595 1.756561 0.131105 49.041953 49.740781 49.740781 247657.940542 12134.128816
106.194766 128.810277 0.373377 0.509832 70.008507 73.984142 73.984142 2459747.466440 4407.592636
80.349899 87.141665 0.223263 0.306523 101.477145 101.535119 101.535119 2711.094435 468628.007399
62.325069 66.447397 0.290921 0.544307 40.608947 56.093843 56.093843 8969830.438786 1634.744764
322.315466 425.085816 1.953033 0.045948 46.297925 47.692268 47.692268 532508.205621 19279.083882
314.071882 361.972330 1.545093 0.175265 45.454146 50.322800 50.322800 6031257.431390 1014.809186
365.959553 188.260377 0.908921 0.230332 65.062215 65.707151 65.707151 110919.064350 17286.052157
296.712428 196.591409 0.746641 0.161866 60.897053 68.066739 68.066739 5817612.957317 587.691239
285.282252 395.061079 1.683425 0.180096 43.988177 47.645900 47.645900 4864112.606037 1858.249972
380.843329 181.772606 0.938348 0.197370 50.825478 62.027227 62.027227 13776369.273113 157.928345
381.289024 189.887067 0.983787 0.347159 56.728195 61.494942 61.494942 3812669.772332 1165.439359
160.806501 143.904684 0.433726 0.490826 75.587018 80.542679 80.542679 2233624.885661 1939.694305
238.094392 359.217871 1.369618 0.110306 34.896990 43.935609 43.935609 18980521.843381 715.597341
152.110875 207.996071 0.588792 0.274250 30.505335 54.320778 54.320778 33416187.649434 150.913943
136.264208 63.062257 0.229456 0.265113 99.133951 100.518370 100.518370 133280.930961 10385.631389
139.158203 117.110856 0.342550 0.409694 81.785302 86.630748 86.630748 1783032.510409 2209.384975
235.619942 97.082761 0.423644 0.359532 84.643139 85.611015 85.611015 109479.579880 12681.264608
165.780091 232.392660 0.702692 0.347500 45.953742 54.133366 54.133366 11895521.933045 1207.416813
295.918583 310.342575 1.213861 0.214930 56.864812 57.904462 57.904462 378200.778961 9063.030555
430.123948 187.955094 1.132568 0.309630 52.328150 57.963131 57.963131 5541440.339105 730.983182
238.180004 255.632661 0.879728 0.460603 62.526311 64.442825 64.442825 957514.614424 5362.526819
231.613114 191.246705 0.594989 0.170292 66.274339 73.257686 73.257686 5000143.100196 827.842694
230.997596 280.164864 0.926304 0.208250 65.870583 -1.000000 65.830394 1185.943266 -555042.001086
382.242719 316.977920 1.465440 0.038596 54.529010 -1.000000 54.293401 14069.004017 -109039.687662
211.740342 248.172136 0.797005 0.408656 64.943468 66.654307 66.654307 816995.318473 6906.518672
54.292468 53.398978 0.225197 0.378481 67.303676 70.769547 70.769547 1814187.902148 12564.419384
240.438036 51.898532 0.372804 0.303961 84.186882 87.725557 87.725557 911709.673554 2211.430091
201.911363 235.699278 0.744974 0.412380 60.456682 65.225829 65.225829 4140449.240873 1973.070311
191.503381 153.125898 0.467449 0.385375 78.183762 80.936525 80.936525 875505.829868 3980.260825
202.301113 223.097425 0.629419 0.106964 18.458382 -1.000000 76.202082 85780802.902865 -149.063003
259.485325 281.223345 1.020063 0.328020 53.653479 58.844384 58.844384 5413481.438987 1283.066068
374.554434 250.856744 1.146368 0.123644 56.098551 58.935716 58.935716 1600084.579753 1951.163177
256.559411 353.224500 1.344721 0.106690 54.624713 55.455883 55.455883 295911.930182 11912.419736
260.137455 274.355953 0.982186 0.255962 50.810056 59.037941 59.037941 10407336.829368 575.941785
144.869565 138.330274 0.363960 0.305912 81.259141 85.229109 85.229109 1560965.908761 2496.619832
121.501684 104.330459 0.338444 0.555022 83.392162 87.053906 87.053906 1042787.376914 3413.340315
381.673587 229.137148 1.088203 0.174341 59.583728 60.803568 60.803568 381480.804865 6015.769888
288.783451 188.931301 0.735963 0.361621 66.070237 69.241611 69.241611 1566933.875199 1312.360293
342.418856 251.403799 1.059785 0.162641 58.795057 60.902868 60.902868 982911.291126 3306.094970
249.274388 345.210489 1.289155 0.095294 48.344396 53.522771 53.522771 6008094.504787 1136.655127
162.080364 239.462200 0.644245 0.077782 55.678537 61.895268 61.895268 7077297.982628 1931.747818
295.484054 369.751286 1.538600 0.170645 50.850933 52.092894 52.092894 645571.148427 6565.706187
242.529201 68.844566 0.395777 0.319517 81.625699 85.835404 85.835404 1302809.129169 1690.527450
193.275784 119.982452 0.364639 0.227564 88.267354 89.319062 89.319062 128314.404064 12954.096348
135.739010 164.753022 0.380329 0.168973 83.719143 85.349031 85.349031 490667.890815 10135.540354
199.842428 287.638642 0.936026 0.186498 46.601154 53.485745 53.485745 10867720.235538 1286.016609
198.121183 229.162191 0.710866 0.446368 67.744966 69.464111 69.464111 752939.512675 7160.551501
157.841099 203.189549 0.560577 0.432279 78.047256 78.187674 78.187674 13411.908102 134608.808718
364.430949 348.801565 1.612961 0.217204 43.880929 49.504982 49.504982 7595846.468644 676.660507
151.099946 127.856620 0.302485 0.142699 94.943182 -1.000000 94.736292 7413.025985 -169691.710580
247.895556 329.561556 1.188116 0.064524 58.174208 58.898337 58.898337 157853.582116 12535.220216
134.184019 137.355005 0.395914 0.449404 63.249027 75.952245 75.952245 9977005.372402 519.626838
62.032870 59.005547 0.250725 0.469611 71.759363 75.785523 75.785523 1904652.422745 6571.553514
65.228105 1.514036 0.157905 0.268026 100.563425 103.393932 103.393932 528088.978950 6614.867209
352.576855 114.008171 0.741361 0.495317 62.355470 68.520609 68.520609 4281901.974036 746.871071
342.597185 151.238996 0.742145 0.228645 70.135400 70.887422 70.887422 121312.256089 14519.389098
206.992886 286.986278 0.995071 0.376415 34.049260 48.437063 48.437063 27622124.852419 290.198119
261.714400 276.051812 0.996977 0.386185 61.575785 62.536878 62.536878 313233.300501 11589.434647
331.038808 259.464203 1.088057 0.375789 59.380946 60.533559 60.533559 399818.196416 8378.766612
187.814101 134.497604 0.443764 0.481612 76.914332 81.494892 81.494892 1775477.954277 1863.303944
268.629378 228.649651 0.827189 0.366322 60.406493 65.048825 65.048825 3492289.185961 1438.599910
105.607885 124.082549 0.339374 0.346323 33.466813 65.916286 65.916286 29515939.338801 72.687205
218.748207 321.736396 1.150777 0.377051 54.318873 54.701778 54.701778 349339.240567 48766.607418
119.316677 132.732966 0.343406 0.373035 85.110749 86.820610 86.820610 484894.532292 10195.792594
134.429378 110.463701 0.343118 0.502040 87.846310 89.466925 89.466925 260289.845474 8804.214305
164.289235 17.540922 0.287085 0.484285 95.851619 -1.000000 95.365354 18121.419563 -83497.110512
193.423108 241.582828 0.702241 0.163307 67.065303 69.446876 69.446876 1250870.881004 4841.464180
341.521192 142.980622 0.720315 0.211946 67.739771 70.487890 70.487890 1122848.264856 3269.947725
119.536200 158.724288 0.439320 0.388278 49.542809 59.878046 59.878046 10765181.085510 1256.628460
361.450504 167.172995 0.860787 0.404043 66.093475 66.905290 66.905290 160768.358615 12829.203105
236.149427 333.145730 1.211446 0.188141 52.275279 54.721760 54.721760 2372910.965351 4104.754151
140.347937 192.490853 0.477682 0.248072 80.502856 80.694167 80.694167 39944.093596 113046.623553
396.959126 291.340440 1.396102 0.124208 52.233859 54.486317 54.486317 1255183.365542 2459.483127
218.932017 219.210528 0.703519 0.475656 72.847471 72.936336 72.936336 3412.579352 177533.283689
355.523295 283.648301 1.239332 0.166094 53.726761 56.698492 56.698492 2020077.446995 1958.282123
271.092804 402.424087 1.680616 0.132042 51.240795 51.320253 51.320253 8551.266143 151106.699527
97.723418 17.083844 0.141561 0.154260 93.948344 105.740568 105.740568 4040364.852378 530.627585
95.047544 117.405815 0.335553 0.394271 48.227199 62.699520 62.699520 12146753.905886 716.042485
281.991496 305.642218 1.182756 0.367113 54.494187 56.978404 56.978404 1822117.595839 3392.524207
306.323407 298.608492 1.178887 0.210694 58.553494 59.130182 59.130182 126620.604520 17680.106998
254.578637 285.215134 0.985297 0.086243 56.432910 61.543832 61.543832 3968590.351716 916.426767
321.625228 357.739151 1.525425 0.147732 53.817244 -1.000000 53.792733 539.936984 -762271.027974
123.369492 82.871823 0.227231 0.205001 84.703539 95.142728 95.142728 4703121.460815 684.876852
311.282116 307.299734 1.253036 0.338265 55.022643 56.598740 56.598740 826343.512888 6071.499292
342.913092 221.597585 0.953687 0.229765 63.464653 64.283967 64.283967 181759.796477 12480.293229
93.740435 124.700811 0.345501 0.392385 60.601880 63.882202 63.882202 2580788.792640 10072.740924
246.468088 343.232273 1.293352 0.336241 55.961601 56.333913 56.333913 118089.373079 33478.597724
304.375539 292.273348 1.142908 0.205464 59.386937 59.931124 59.931124 110492.222217 19065.782330
249.111763 385.157141 1.534980 0.064195 38.994893 42.965913 42.965913 7138011.076567 2972.207356
240.453709 28.474292 0.361368 0.311955 83.195023 88.169208 88.169208 1550570.265870 1223.837558
109.313385 151.716044 0.431858 0.424256 47.356960 53.715763 53.715763 6297876.573250 4104.315018
426.302374 204.277802 1.140319 0.133499 59.900380 60.322293 60.322293 55471.886921 22482.142824
104.829988 80.986024 0.285713 0.479034 75.019027 86.143381 86.143381 5334619.557764 660.964472
303.252744 140.966187 0.636546 0.332268 73.411240 74.558138 74.558138 225459.412352 9507.330573
59.394461 44.632699 0.208761 0.406571 95.568063 96.111018 96.111018 98134.897626 54747.665409
122.402609 128.506263 0.339997 0.389533 86.728724 88.264936 88.264936 350871.863316 11072.556637
403.430209 265.156613 1.311431 0.235258 53.926448 55.808655 55.808655 996064.907360 3627.380162
287.452750 238.092736 0.871156 0.196957 64.561960 66.001885 66.001885 471326.290001 6594.930950
236.184259 327.814005 1.236571 0.350950 35.073458 46.883037 46.883037 24890461.657743 370.597891
243.661155 88.951058 0.410167 0.258587 76.413409 83.856318 83.856318 3678356.045557 646.528869
56.894731 6.232809 0.098358 0.104375 108.280133 111.668805 111.668805 648402.761427 5779.792737
154.122603 198.407316 0.527454 0.217127 55.068242 66.504496 66.504496 13306768.463170 601.892771
184.015158 152.036879 0.472657 0.422854 58.493113 75.838853 75.838853 16286495.117931 166.217352
176.402190 252.328982 0.809440 0.395010 42.230813 49.597778 49.597778 11837026.682369 1569.881908
359.303218 342.015629 1.548860 0.191293 51.066012 52.285076 52.285076 552120.021089 6013.280118
97.374592 115.795320 0.341563 0.437850 50.393317 65.317137 65.317137 12243215.872985 662.333428
78.343328 56.844413 0.197865 0.272716 70.175326 87.203352 87.203352 9649909.062204 396.442123
64.301078 72.855676 0.201365 0.225421 67.164612 73.923248 73.923248 4198736.546221 3401.288949
398.540341 249.876603 1.238894 0.236774 46.743517 55.280271 55.280271 11523940.187858 319.350994
293.217740 222.872235 0.867773 0.447875 62.889842 65.259944 65.259944 1134761.234617 3849.913190
228.952384 338.693985 1.213487 0.094347 52.029087 54.486303 54.486303 2314091.127422 4154.881134
155.776388 221.881180 0.664791 0.481058 60.395064 60.823088 60.823088 415547.940636 122845.922278
225.867478 219.466808 0.694528 0.310547 71.206641 72.059771 72.059771 181050.010819 15087.533760
41.356123 9.211559 0.206852 0.395723 63.813699 69.652790 69.652790 2791636.350074 6437.460622
60.265832 12.160448 0.211293 0.410764 54.287361 78.948184 78.948184 13083831.364757 180.875679
283.280111 289.809927 1.111822 0.383281 55.852778 58.478766 58.478766 1853042.310282 3042.817325
444.409016 224.090503 1.277500 0.121948 49.237163 55.827381 55.827381 6848004.096595 359.343957
210.012125 280.364332 0.917572 0.292919 59.186953 61.397839 61.397839 1694463.058568 5146.081335
390.023958 355.719584 1.716732 0.125465 46.157026 49.445866 49.445866 2873070.469199 1252.056749
297.222661 192.554265 0.744582 0.209629 60.263344 67.786159 67.786159 6445305.470096 659.311275
76.690822 16.027655 0.184549 0.340030 99.215330 101.978595 101.978595 434118.404814 5910.648762
162.084916 239.130837 0.624548 0.037215 57.499305 67.790504 67.790504 9091335.209782 600.794225
260.103299 236.286265 0.844590 0.374321 54.345620 62.857516 62.857516 9473962.792783 587.426084
279.494537 128.908945 0.594062 0.519398 72.175301 75.259385 75.259385 1089458.305521 2541.232650
178.221896 87.063641 0.319834 0.343478 93.007039 93.439184 93.439184 20738.582846 36046.710245
276.446693 280.042810 1.012742 0.127848 60.186359 62.007189 62.007189 766499.481688 4562.251675
212.220958 28.114265 0.354915 0.510924 90.949053 91.153651 91.153651 4549.743091 74364.595856
122.111096 142.396207 0.351467 0.301321 81.965804 84.435873 84.435873 986142.566557 6695.235834
198.537979 300.323938 1.067488 0.373367 37.492449 39.633044 39.633044 4139982.889558 21636.434255
201.969406 246.711766 0.739618 0.181293 65.291479 67.970442 67.970442 1549673.243218 3963.666755
346.984795 148.130150 0.769936 0.353983 66.195394 68.712011 68.712011 1036622.081668 3349.028574
69.664288 77.467457 0.284869 0.495943 61.098780 67.209608 67.209608 3602586.699136 4163.959473
171.931932 75.177301 0.311548 0.383605 87.168201 91.598983 91.598983 1111170.190455 1788.459247
371.090220 321.299174 1.479817 0.250216 51.011982 52.868237 52.868237 1131277.476113 3864.935773
283.175449 346.189105 1.357589 0.059578 52.764021 55.189922 55.189922 1228505.088024 1902.357531
370.679638 238.758153 1.109244 0.303181 58.011245 59.780517 59.780517 808050.749935 4340.629452
342.754328 307.761711 1.311863 0.141911 56.389661 56.831357 56.831357 74980.213455 21454.205483
306.009219 99.226630 0.570071 0.355052 75.937839 77.371589 77.371589 288530.718104 633.655602
230.607348 288.078004 0.997287 0.421248 60.947737 61.895534 61.895534 384733.350373 12755.384787
256.709590 180.867618 0.656388 0.431654 69.218324 72.195389 72.195389 1275776.423220 2934.080811
66.768503 82.789447 0.220130 0.230784 61.618749 67.326289 67.326289 3839048.238282 5538.126269
111.135351 87.892251 0.277527 0.402606 81.411566 89.068258 89.068258 3150744.995492 1269.383898
108.647474 135.697907 0.403984 0.493987 44.774028 60.364809 60.364809 14407124.154275 604.084758
148.021901 117.780039 0.368910 0.475113 75.772956 83.727256 83.727256 3876439.469044 12988.699166
231.492194 276.825251 0.931436 0.223884 54.021641 60.162441 60.162441 6826551.565320 1109.820740
269.336830 291.418410 1.104707 0.400497 46.579676 55.434032 55.434032 13076117.510560 445.464650
188.129845 128.115760 0.380819 0.261520 86.511399 87.830010 87.830010 201998.242998 10063.509450
180.588053 247.948766 0.765814 0.316867 48.422353 56.525339 56.525339 11740486.036865 1117.643343
360.508686 205.090657 0.952609 0.215861 54.538874 61.858869 61.858869 7325724.921070 412.559699
177.846738 266.949101 0.876496 0.298904 26.621077 37.275539 37.275539 17874654.494291 1942.495195
157.377548 206.678548 0.576336 0.389441 71.216471 72.562717 72.562717 676797.729031 12125.308005
225.956137 73.724694 0.368827 0.308819 85.462935 88.218323 88.218323 598471.245955 3326.313276
236.037776 78.919530 0.422708 0.466719 84.733961 85.725390 85.725390 102569.600052 11725.368257
166.567852 138.423883 0.355122 0.183605 87.654663 89.217008 89.217008 283038.577015 8974.112467
373.603996 145.213791 0.838532 0.396884 68.336777 -1.000000 68.227838 4522.658467 -234466.134183
70.758984 67.493489 0.247172 0.432500 78.253956 82.433809 82.433809 1802541.395592 4894.475846
188.681078 3.020447 0.317189 0.492496 86.398841 91.795088 91.795088 1264691.674819 837.398437
344.880713 414.709097 1.942976 0.047933 48.250186 -1.000000 48.058942 15505.882321 -111018.140800
217.587026 248.309615 0.754718 0.099782 66.516137 68.910322 68.910322 1009567.581255 3651.860770
295.890821 339.526383 1.369141 0.174293 49.946205 53.480300 53.480300 3306481.802612 1752.554369
93.330397 97.827988 0.215774 0.203152 102.891651 103.010899 103.010899 3826.055202 204492.759353
333.502012 262.569804 1.091552 0.189838 50.834062 58.277713 58.277713 8525903.483511 471.831639
205.772533 308.291661 1.131867 0.392193 25.719347 35.695252 35.695252 19989724.515195 1594.848027
397.031197 232.439313 1.155606 0.182893 51.835323 57.683035 57.683035 5764555.776763 765.429876
177.788062 275.410120 0.887828 0.176624 24.841811 29.841121 29.841121 7712612.472071 17649.924566
212.449666 315.909049 1.104477 0.226491 47.404997 50.081697 50.081697 4199630.504523 4987.962563
178.125595 153.039395 0.449016 0.396848 81.587374 82.983072 82.983072 274226.282104 9568.962442
302.361989 214.265973 0.826095 0.202873 59.257113 65.409422 65.409422 5092426.570758 784.310790
224.073623 308.567004 1.055843 0.221205 60.212112 60.836412 60.836412 219914.934290 20411.276829
172.382316 153.903167 0.439829 0.380718 82.616437 83.746436 83.746436 193665.790327 12572.385275
211.380133 202.959246 0.653228 0.425736 55.941860 67.585479 67.585479 12587362.777033 378.422115
180.047694 132.524123 0.403398 0.383119 86.371911 86.981643 86.981643 53493.873080 24606.999808
233.048241 148.846340 0.537753 0.496547 79.904049 -1.000000 79.722986 7663.250358 -166014.965686
370.622111 243.980632 1.147576 0.357461 45.834717 56.313539 56.313539 15369268.963619 207.674266
221.174244 243.097065 0.767729 0.298902 70.091738 70.311610 70.311610 19716.590630 66069.656825
433.734899 311.622682 1.608547 0.011091 51.981858 -1.000000 48.718104 195769.093183 -23099.068180
182.043478 199.543317 0.548149 0.217187 72.891624 75.760389 75.760389 1327449.117482 4015.576612
258.145935 295.947332 1.071518 0.208310 47.142919 56.547988 56.547988 13633342.225685 416.335261
299.103394 241.743867 0.885525 0.026631 67.016716 -1.000000 66.859006 3317.504288 -201826.852958
259.246332 68.191666 0.402267 0.215968 83.938527 86.247129 86.247129 493212.212236 4141.135295
95.432396 114.410938 0.282741 0.262974 68.770940 76.574209 76.574209 5554180.594214 1930.127225
204.359920 179.946964 0.508507 0.164309 78.178671 79.828426 79.828426 403269.110371 7082.733769
164.934039 58.814557 0.294665 0.412154 88.154543 93.049704 93.049704 1169201.083988 1441.953101
198.313210 235.957111 0.753460 0.399614 45.038954 60.047419 60.047419 22130431.217614 280.105917
425.360988 262.358944 1.381064 0.253250 47.388137 53.258619 53.258619 6939472.106960 692.431422
343.670339 141.289525 0.747873 0.417962 71.538759 71.562290 71.562290 248.190962 658566.254341
148.232513 57.672365 0.253916 0.327167 94.872951 97.447076 97.447076 380911.076851 4252.877679
169.391225 202.289185 0.517185 0.125902 77.541059 78.924437 78.924437 366270.961281 9999.178805
237.412332 139.821883 0.487134 0.288558 82.683248 -1.000000 82.543929 4609.287049 -221380.224261
328.721659 193.093468 0.859874 0.444018 59.977905 64.672659 64.672659 3358128.911895 1224.966123
391.114307 206.967234 1.070901 0.381478 56.623760 59.903793 59.903793 2211336.169455 2015.661561
169.622301 244.038651 0.708569 0.230122 59.069584 61.426907 61.426907 2513378.344115 6958.468227
249.494894 162.808482 0.565104 0.275550 74.526176 76.776651 76.776651 699510.117254 4450.476369
314.263952 253.118573 1.018028 0.315061 56.220667 60.402597 60.402597 3383019.050955 1574.991798
62.744223 46.192317 0.176737 0.236407 62.624580 81.029479 81.029479 10880944.371964 516.294597
365.557495 285.418561 1.282869 0.275719 57.689284 -1.000000 57.587324 6273.202783 -210211.256578
327.836620 356.001185 1.550127 0.184200 40.461269 49.491972 49.491972 15518289.089007 2936.368385
280.227454 197.066358 0.746672 0.358744 59.639994 67.123858 67.123858 6592320.247647 736.163563
287.266431 18.321581 0.478692 0.462967 78.186931 81.374993 81.374993 872588.995983 2286.395651
175.574939 177.262193 0.506750 0.311792 51.224019 71.526881 71.526881 23615032.673502 86.562630
62.165072 12.517575 0.227853 0.485859 66.928195 81.957014 81.957014 6843530.085225 660.103176
66.593783 69.639955 0.188103 0.229111 88.486171 90.578412 90.578412 820874.687910 13431.800365
242.811165 305.207259 1.066655 0.146512 57.717280 59.815559 59.815559 1234201.136485 5676.418436
211.862007 197.692385 0.576545 0.177626 75.029822 76.528452 76.528452 388474.864441 7794.857566
370.751568 253.930107 1.157789 0.195921 55.659772 58.401259 58.401259 1687637.528294 2427.951959
151.246406 200.932591 0.481677 0.087344 78.885315 80.257761 80.257761 381359.000585 10983.842328
258.124464 395.257386 1.645401 0.126928 29.994788 37.725209 37.725209 18816919.876318 1145.379087
228.679354 300.263276 1.034346 0.237629 55.946125 58.767659 58.767659 2423127.686476 3213.285470
274.070026 330.722775 1.284836 0.274620 51.562227 54.507981 54.507981 2678580.571186 2640.356245
307.728528 285.872650 1.140408 0.350536 58.542747 59.476599 59.476599 303415.317911 11164.369046
258.088065 259.572326 0.878613 0.113283 65.937048 66.551231 66.551231 100104.989414 17352.321004
213.680645 291.780968 0.981902 0.428210 62.810176 63.084556 63.084556 64603.151454 53609.609985
178.695153 232.378708 0.657616 0.257875 72.643607 73.138216 73.138216 106105.062570 32153.422207
306.369014 159.322858 0.710010 0.478862 70.490520 71.624418 71.624418 240291.028745 9366.096587
284.747252 387.040042 1.606320 0.048520 48.240161 51.253347 51.253347 1926177.131394 1082.104789
214.665807 309.727599 1.077802 0.297391 51.992143 54.254828 54.254828 2757675.147828 5428.327930
347.154297 248.638784 1.067536 0.191342 56.896234 60.127367 60.127367 2105305.358913 1956.956525
265.240389 390.029436 1.591599 0.141941 51.077640 51.531900 51.531900 172090.022145 24254.155772
177.616331 156.971300 0.440935 0.276829 71.157305 79.225947 79.225947 5324007.230957 844.446745
161.854801 21.893971 0.217725 0.206172 87.298817 99.296411 99.296411 4742091.461817 268.958457
86.387139 120.566357 0.356555 0.394532 25.764532 41.875618 41.875618 11424825.157204 3070.320677
284.675191 268.508421 0.996467 0.266801 62.561002 63.180101 63.180101 130431.090289 17873.931390
164.640505 214.905459 0.615653 0.465448 73.866179 74.263503 74.263503 91653.800546 44095.603748
134.356162 154.368325 0.452384 0.488056 48.194031 66.991299 66.991299 19360054.306376 217.443811
318.540396 185.520218 0.780875 0.306265 70.155586 -1.000000 70.033604 5472.557910 -214121.286319
368.047651 234.757496 1.044943 0.010759 62.906486 -1.000000 62.652485 1094.492739 -242023.934400
196.446660 232.792268 0.695536 0.291837 68.318877 70.107710 70.107710 796946.005584 6969.679322
151.217705 218.850148 0.580273 0.203083 68.075947 68.586422 68.586422 373563.464500 51158.284093
272.412891 52.077314 0.446930 0.349132 67.103442 81.382760 81.382760 10443852.039993 29.344140
257.183128 154.442864 0.581070 0.384977 72.268885 75.500829 75.500829 1275412.074076 2543.036097
197.278085 190.893039 0.531573 0.164435 74.610457 77.492902 77.492902 1139022.691116 3617.392755
393.571259 251.338874 1.238241 0.337868 52.237312 56.113508 56.113508 3347308.562893 1406.551284
182.500685 249.163016 0.760152 0.376183 63.400095 64.948485 64.948485 1084816.494232 9348.037822
95.555671 42.902259 0.213109 0.368276 95.795322 99.286314 99.286314 627872.877117 3832.776879
181.866586 209.965538 0.605954 0.387345 75.281329 75.751818 75.751818 72505.675411 33226.673822
260.754663 359.295792 1.387323 0.100161 54.555630 55.111290 55.111290 144515.512648 18125.817290
382.509216 168.116893 0.926007 0.427044 65.669639 -1.000000 65.511804 9750.748968 -158468.501172
64.519762 65.201084 0.205721 0.289357 79.724991 83.263840 83.263840 1676185.021266 6907.457305
243.927856 263.858458 0.867298 0.093309 63.262598 65.665675 65.665675 1039879.284592 3178.679551
188.803678 82.214619 0.338807 0.384248 89.181471 90.885061 90.885061 232096.520004 6730.729951
320.070080 126.376865 0.674649 0.478972 68.567497 71.848596 71.848596 1384063.251609 1844.267646
240.029399 347.402642 1.290442 0.119031 48.032198 52.145948 52.145948 5185145.660692 1969.427299
91.138572 43.559317 0.253580 0.533870 87.677689 93.227655 93.227655 1338527.931620 1973.126146
323.086975 123.830126 0.670718 0.480655 74.158034 -1.000000 74.025178 5082.813923 -214276.455309
57.353630 30.557454 0.177558 0.267634 53.633828 77.882068 77.882068 14061618.589513 325.927136
328.708459 219.418540 0.889731 0.098311 63.497468 65.620593 65.620593 755352.761044 3445.370869
218.046962 209.878390 0.674123 0.424741 67.953409 70.780326 70.780326 1376993.815789 3524.499381
231.136801 30.301107 0.395230 0.540792 79.336793 85.873491 85.873491 2197121.903217 517.973224
40.573692 44.715100 0.266494 0.499551 23.654226 37.473478 37.473478 5488876.411181 10613.053384
250.876876 245.548155 0.867121 0.390469 51.184666 61.305643 61.305643 12857225.190232 402.066532
130.428149 147.321617 0.369968 0.275793 72.334282 79.362308 79.362308 4748874.965099 1581.771405
390.107765 371.035977 1.796748 0.045304 50.057124 -1.000000 49.942460 5159.117712 -189844.095252
475.956850 315.055386 1.784841 0.021982 50.114401 -1.000000 49.768069 17734.401248 -87032.725197
127.920880 99.144093 0.269031 0.274173 90.521773 93.964671 93.964671 880697.062295 3686.276076
106.971784 144.117602 0.323519 0.168218 67.313219 73.102777 73.102777 4797425.418006 2966.470939
261.376041 293.232768 1.069284 0.402875 62.315239 62.335325 62.335325 360.577621 718768.147482
198.545682 218.235333 0.615806 0.146818 74.661835 75.410964 75.410964 130602.197419 17979.855621
173.389185 238.819093 0.675031 0.179536 62.259585 65.922111 65.922111 3288164.568035 3311.429266
351.672052 206.364202 0.932591 0.210587 48.350237 61.715463 61.715463 18257615.103604 44.158053
373.295207 347.062298 1.621145 0.157030 43.970391 49.788216 49.788216 7519825.864696 536.973104
269.221558 269.469147 0.985566 0.299506 52.125805 59.360559 59.360559 8495167.058903 703.944427
340.157992 162.083312 0.803938 0.479361 65.356012 67.640170 67.640170 905028.438967 3507.923309
86.140827 86.637503 0.159197 0.071024 90.304789 100.366973 100.366973 4154068.380396 1034.552661
289.584031 295.417594 1.126708 0.179804 53.625210 57.904626 57.904626 3792410.046059 1419.420988
230.912494 254.086423 0.830341 0.272438 64.961849 66.487019 66.487019 612898.046148 7305.939537
318.873811 250.204565 1.028925 0.371555 53.199694 59.360566 59.360566 6400689.486783 841.358554
239.130436 356.226307 1.353360 0.262617 52.876785 53.205268 53.205268 226426.982087 46438.136178
287.835997 10.531407 0.485699 0.530736 83.123995 -1.000000 83.107802 71.916775 -1773269.535483
321.327440 217.357772 0.905255 0.413884 65.348169 65.841732 65.841732 74373.383198 23218.428550
436.007317 267.551365 1.420155 0.149159 54.561701 55.017997 55.017997 79114.594333 18863.801690
246.680088 188.729002 0.615219 0.176898 69.014741 73.457607 73.457607 2399652.648374 1525.177180
256.520448 243.251816 0.856817 0.444046 66.523776 67.040337 67.040337 87671.989291 29907.764267
327.334864 144.852521 0.713952 0.403928 71.424056 72.010157 72.010157 75488.569087 19973.981759
159.586148 66.028786 0.245705 0.212254 86.753621 96.016027 96.016027 3599351.042432 458.370751
170.361844 187.404980 0.549850 0.527388 76.730664 77.557509 77.557509 166474.983729 18255.532636
324.237630 260.255242 1.071196 0.389842 61.517291 61.812114 61.812114 36026.486620 39240.412396
393.220596 203.369615 1.035148 0.174412 59.720892 61.671828 61.671828 818490.181635 3828.234372
224.568006 307.146430 1.079418 0.316017 52.649005 55.858676 55.858676 3600053.882027 3118.430948
388.450605 307.431172 1.459360 0.200916 49.042804 52.623322 52.623322 3210482.819686 1369.601075
325.430135 130.043839 0.658891 0.292074 74.579612 -1.000000 74.416073 7555.285980 -173987.972519
165.160848 201.442691 0.563584 0.265764 44.421280 64.607243 64.607243 27214108.596205 155.101954
236.075737 338.583525 1.267776 0.267625 45.232219 49.713221 49.713221 7244925.650896 1968.120905
247.161206 358.401054 1.389161 0.310334 51.351484 52.310038 52.310038 790300.978500 12455.205070
88.375055 82.994967 0.277588 0.489784 85.516874 88.513488 88.513488 893409.707583 5804.536682
210.202706 282.706752 0.919387 0.249322 60.191559 62.038007 62.038007 1241318.062373 6385.816020
240.689539 317.742103 1.156708 0.264208 48.357600 53.938531 53.938531 7708540.766003 1309.908849
326.854535 270.280367 1.104195 0.195525 55.988714 59.168999 59.168999 2172655.414866 2172.911033
112.129092 151.303042 0.433078 0.393859 9.937537 48.352672 48.352672 30338346.786595 334.871849
163.662112 5.295168 0.296591 0.538930 93.128628 94.707983 94.707983 131235.787268 6224.954323
374.582312 331.049906 1.545935 0.231332 45.367576 50.590148 50.590148 6502729.188861 785.008053
156.819328 105.328015 0.349062 0.435175 75.321720 85.635706 85.635706 5305140.959208 507.796168
90.765433 123.441249 0.251672 0.105163 54.493373 69.154469 69.154469 12499541.001145 847.986661
357.466791 277.287986 1.241929 0.360929 52.944599 56.121310 56.121310 2501230.665045 1961.971289
227.659799 122.649749 0.443533 0.303085 79.381610 82.733751 82.733751 1067103.250476 2664.101891
326.748807 133.572171 0.668847 0.273889 71.921904 73.200043 73.200043 282791.658501 7960.221701
231.428927 271.424571 0.871654 0.069097 63.643958 65.806089 65.806089 805664.675438 4021.018226
310.229189 149.080036 0.671247 0.281096 60.057222 70.162303 70.162303 9264934.633019 325.326309
241.124938 291.129211 1.023905 0.354873 59.465506 60.900410 60.900410 727834.948740 7378.385540
231.779694 229.115147 0.711914 0.107828 55.649914 68.054277 68.054277 13400228.185932 152.902447
214.142326 294.194120 0.945652 0.091772 65.424558 65.443232 65.443232 275.013154 837350.085499
228.136239 346.252649 1.327134 0.317667 42.052786 42.714505 42.714505 1281031.167332 83206.854413
278.064883 319.547544 1.207200 0.085710 48.622599 56.292931 56.292931 8754784.178492 321.660570
52.940192 19.012185 0.228582 0.476572 63.912591 75.163366 75.163366 5297109.747953 1416.267762
338.317362 269.363284 1.155303 0.318646 47.147023 56.097342 56.097342 12434484.254773 -147.669308
114.196761 93.532741 0.255737 0.298521 92.525250 95.191618 95.191618 582519.754596 5556.963850
305.294381 217.008652 0.844218 0.201961 55.572591 64.292197 64.292197 9030904.511822 381.386285
223.300968 293.095113 0.976872 0.146030 54.658737 59.472404 59.472404 4878774.892395 1695.570576
125.185352 24.297000 0.245426 0.457268 99.724683 -1.000000 99.328171 11960.143978 -102355.465545
296.039967 340.746173 1.377533 0.199767 51.550677 53.874837 53.874837 1703813.406815 3143.293194
362.526876 147.582323 0.811088 0.314079 58.513876 65.856901 65.856901 6448662.165034 518.446309
246.674120 101.177843 0.456178 0.380866 79.679274 82.485853 82.485853 744974.452865 3159.834128
289.612568 283.173201 1.104544 0.400930 51.674924 57.201055 57.201055 6083921.631989 1065.718325
68.586179 60.507134 0.229982 0.455226 100.194345 100.277966 100.277966 4247.482714 327413.183856
404.905471 248.038788 1.243893 0.239816 56.180386 57.442050 57.442050 474342.189336 6693.639349
94.571179 114.726582 0.347144 0.461345 46.659816 61.999123 61.999123 12521653.183144 712.122599
188.055980 291.192024 1.061388 0.418314 9.009691 20.280757 20.280757 12433628.473225 12620.644826
80.868392 105.183075 0.284672 0.334573 69.155445 70.110685 70.110685 624033.873158 93492.993364
292.468708 211.224524 0.807427 0.377729 69.528207 -1.000000 69.505385 292.217363 -1041107.572249
170.810267 210.627459 0.597096 0.405980 75.491250 75.901330 75.901330 68232.663123 40721.577166
270.939853 364.705842 1.451826 0.123050 47.279630 51.417276 51.417276 4655317.540442 1541.067066
308.722204 282.641758 1.124910 0.284474 56.038532 58.638677 58.638677 1702770.183837 3080.719703
221.328356 148.996197 0.527768 0.497124 71.035645 76.738412 76.738412 2941425.411943 1655.869903
131.939692 125.820775 0.333026 0.334467 84.128218 87.538138 87.538138 1144189.239503 3909.212748
247.619031 342.858481 1.285463 0.290635 56.999944 57.175766 57.175766 28995.758600 73347.608609
449.069046 252.417931 1.415572 0.255521 53.732314 54.649738 54.649738 299729.756964 15718.345271
174.537410 5.535527 0.247020 0.274197 93.767265 97.920618 97.920618 823265.619581 1823.291737
127.249855 50.110596 0.182962 0.158613 86.425058 101.401418 101.401418 6660191.013488 171.249544
319.944886 294.367781 1.187187 0.169507 59.003376 59.319192 59.319192 40738.789454 33635.342163
441.145750 203.325429 1.203695 0.184420 48.353736 56.525055 56.525055 9992130.633043 305.659590
204.426125 126.510086 0.415749 0.342929 87.269306 87.284116 87.284116 67.251467 1314344.662337
196.691629 280.063690 0.917438 0.387502 57.952129 59.169612 59.169612 1097510.614957 12461.520359
283.775264 187.101127 0.695531 0.226740 68.621778 71.198726 71.198726 1041022.111996 3361.804093
378.673550 346.163746 1.634232 0.198817 47.861775 50.407016 50.407016 2018448.242139 2300.525659
85.138297 40.956893 0.221987 0.419225 89.216234 95.089858 95.089858 1579188.103494 2071.878498
393.537594 359.961736 1.754391 0.155983 47.820991 49.445402 49.445402 929578.721820 3287.625446
136.356074 171.701207 0.445168 0.271683 58.336722 68.955443 68.955443 10840907.562926 839.934532
124.192565 148.256880 0.388748 0.421922 83.486131 84.433319 84.433319 239580.765411 19994.630891
393.842841 145.423829 0.916881 0.416905 53.124907 62.416549 62.416549 10236132.390330 304.354207
132.438988 148.366398 0.432647 0.526649 67.564022 74.428685 74.428685 4698107.443527 1589.423152
253.197827 10.593148 0.412058 0.479510 84.644753 86.177389 86.177389 201245.414803 6324.463941
275.841027 304.069855 1.137812 0.266010 60.636510 -1.000000 60.569214 3210.441075 -316351.852277
187.852320 5.044925 0.265048 0.281950 95.099427 97.134523 97.134523 252095.333290 5096.909116
220.451229 205.201755 0.650607 0.366778 70.700751 72.634770 72.634770 692327.873584 5721.453630
161.552813 161.949120 0.480830 0.479974 64.874244 74.329822 74.329822 7328205.172015 779.433500
252.121690 239.868375 0.850928 0.400537 47.843790 61.311694 61.311694 18945122.904282 159.498092
187.864958 153.310096 0.402055 0.126208 87.858803 -1.000000 87.742956 2959.109031 -277500.137322
214.896250 317.854633 1.139786 0.386946 50.837589 51.506333 51.506333 867716.740658 31999.085256
222.812739 118.273380 0.377942 0.090252 80.360014 86.921716 86.921716 2661436.034131 34439.674809
172.653190 223.787921 0.639171 0.267325 60.896233 66.271827 66.271827 5242615.299040 1995.194183
429.824617 186.799677 1.105246 0.162195 55.518496 59.446590 59.446590 2768918.023293 1251.449726
259.556882 185.251485 0.647373 0.274201 69.677548 72.659501 72.659501 1295896.592709 3011.908770
236.498097 240.119584 0.819305 0.398393 54.370627 62.793909 62.793909 9522548.350580 621.574123
272.732600 79.986788 0.455352 0.273445 80.920316 83.016282 83.016282 461231.230389 4624.370744
159.641248 240.556825 0.696235 0.158010 31.837906 42.637046 42.637046 16248868.903048 1707.204444
93.927420 80.750447 0.185439 0.166969 102.885411 104.106442 104.106442 148403.843544 15929.628854
286.941321 318.147908 1.271497 0.350942 38.458388 51.656468 51.656468 25343605.838409 144.639704
315.553262 230.995091 0.927954 0.289718 61.375704 63.747810 63.747810 1182630.452473 3452.539316
102.359409 129.099489 0.379531 0.514085 64.584025 68.743477 68.743477 2963547.229743 4736.438746
188.046192 268.916723 0.884564 0.313882 26.696714 45.681817 45.681817 34021704.196357 241.799448
198.753019 209.989662 0.590596 0.138845 70.756588 74.255718 74.255718 1724802.381566 2657.300789
172.723292 246.982029 0.751055 0.319510 53.719548 57.075307 57.075307 4301251.311872 4394.502230
283.234752 29.712912 0.465649 0.408784 75.461763 81.288780 81.288780 2449312.116472 1292.896486
257.650342 364.545742 1.439641 0.248614 49.601501 51.415941 51.415941 1729546.338969 5377.083104
227.638779 149.046066 0.516965 0.399923 75.693143 78.625243 78.625243 984195.655943 3174.378144
363.067033 256.130956 1.162475 0.376837 58.166347 59.134473 59.134473 303487.759414 9598.025553
294.091195 186.837389 0.717419 0.229390 69.247056 70.947802 70.947802 518211.522531 5691.171562
352.040264 292.567198 1.263602 0.117981 54.618370 56.787161 56.787161 1105045.816945 2886.986440
251.404895 286.043886 1.010768 0.288850 59.949657 61.491381 61.491381 738472.122296 6521.083284
305.877267 172.913990 0.732579 0.425504 71.778468 -1.000000 71.636509 6712.649583 -189559.560185
202.286332 175.728620 0.471701 0.071347 82.067616 82.954340 82.954340 99202.047347 12872.057362
229.493482 308.811963 1.103995 0.351892 50.904092 54.877529 54.877529 4914830.860092 2289.795206
245.081962 49.023308 0.390004 0.371676 88.256124 88.546193 88.546193 11063.665098 50979.935395
393.688546 152.195882 0.921361 0.367829 58.806065 63.327481 63.327481 3241914.469679 1302.077862
335.311247 240.846930 1.011062 0.230548 56.770589 60.940209 60.940209 3183319.492511 1663.590282
438.009938 307.610281 1.619471 0.169895 50.517339 51.572931 51.572931 402502.167913 6784.359116
408.596387 320.659194 1.581332 0.162683 52.889583 -1.000000 52.810928 4093.799409 -245196.336887
89.476818 96.879816 0.236317 0.250961 87.540180 90.688181 90.688181 1208711.923793 6000.389209
208.722015 174.982323 0.521172 0.278345 80.775384 -1.000000 80.623148 6556.698665 -194253.590276
320.715291 304.715328 1.270677 0.327979 49.904768 54.616841 54.616841 5097543.479463 1114.043873
284.606739 120.906521 0.586286 0.508663 74.209082 76.213431 76.213431 509422.996800 4554.060371
178.607751 199.828925 0.570192 0.298083 62.764185 70.537479 70.537479 6998757.881891 1000.793020
125.075701 63.672018 0.236360 0.308512 85.520943 95.336105 95.336105 3727173.981459 621.629399
273.328340 125.384658 0.565381 0.433178 61.397554 74.411156 74.411156 11269532.084580 104.303148
184.648861 113.045138 0.376537 0.359025 76.937022 84.949363 84.949363 3906399.431598 568.681187
246.036113 279.702519 0.977842 0.370551 62.828149 63.405368 63.405368 135852.854262 21113.566417
279.933991 145.474165 0.599085 0.321558 66.470768 73.523599 73.523599 4766665.039446 613.138560
112.323802 39.745563 0.256896 0.515249 94.841453 97.038586 97.038586 243151.002099 5467.130640
220.509388 282.784723 0.955182 0.401806 61.186215 62.350194 62.350194 564968.822896 10454.707175
153.214506 226.468856 0.636290 0.221151 53.239974 55.221532 55.221532 2574337.238378 14812.990031
182.137564 262.233618 0.766727 0.181038 69.203583 69.372745 69.372745 32732.337221 103586.857267
288.538088 314.729442 1.233072 0.330054 56.155496 57.254995 57.254995 463643.894678 12786.761106
66.680266 81.479208 0.221843 0.223972 40.700893 59.246405 59.246405 12629139.962218 1047.063212
241.892877 324.828795 1.204535 0.291599 45.497196 51.925666 51.925666 10151481.729125 1058.418699
213.184782 308.355219 1.083067 0.299499 45.132035 50.015778 50.015778 8220202.570773 2095.499798
131.367957 142.604320 0.330257 0.195905 86.722644 88.867470 88.867470 612556.650615 7231.585610
268.704089 206.649936 0.721952 0.201835 64.835060 69.243054 69.243054 2711856.189524 1390.515691
339.446741 99.703743 0.670345 0.454308 71.369734 72.960460 72.960460 391152.388964 6260.649454
155.495935 3.192627 0.188462 0.154381 105.982370 -1.000000 105.571667 13381.333649 -105322.049158
291.850677 262.878215 1.007146 0.306635 52.794278 59.484537 59.484537 7361366.276885 29205.483026
257.332456 199.386210 0.676785 0.198457 61.346423 69.667824 69.667824 7247164.879082 575.082025
439.015829 303.967735 1.596298 0.083670 50.031676 51.885362 51.885362 853081.644101 2259.878921
251.463699 268.327983 0.944549 0.306954 54.374117 60.399429 60.399429 6402680.035776 1047.504884
244.954971 355.737668 1.359519 0.119957 28.732304 46.580280 46.580280 39808748.688596 96.693635
238.723352 294.797149 1.061141 0.345496 39.330885 53.434783 53.434783 25882196.445694 251.763202
150.102602 195.414109 0.516350 0.219097 53.131025 65.501893 65.501893 14778809.793931 521.302354
206.429097 292.063687 0.915846 0.040609 65.997692 -1.000000 65.872822 5263.608922 -201884.398224
264.770886 375.037878 1.501309 0.155616 50.639769 51.911048 51.911048 825926.849582 7596.440154
168.445167 169.355768 0.494995 0.436005 68.850156 75.346068 75.346068 4307384.103211 1485.969582
161.587073 200.944591 0.528246 0.262720 78.982641 79.362250 79.362250 53517.915952 45940.928467
302.692978 331.074980 1.363688 0.319621 46.600649 52.199964 52.199964 7447304.199804 945.846437
372.514220 363.643678 1.712447 0.134483 42.332756 48.687174 48.687174 8749908.284313 367.539241
263.918615 216.244139 0.773693 0.400497 66.211730 68.296778 68.296778 850918.563219 4677.306916
212.032116 98.172156 0.347393 0.187901 90.158145 90.968270 90.968270 73379.814609 17036.245511
450.041475 234.808475 1.331748 0.113365 56.950369 -1.000000 56.898253 1452.271531 -408089.075083
215.188670 145.948095 0.497271 0.447241 78.058789 80.148159 80.148159 524004.912390 5003.348743
89.735889 81.296522 0.240218 0.298527 49.939862 79.983961 79.983961 22159303.984248 59.452559
105.258573 36.524913 0.172547 0.226392 108.032405 108.255567 108.255567 4617.901722 93498.621907
333.933073 121.431520 0.694998 0.437179 65.913429 70.565475 70.565475 2589622.287445 1250.595184
205.052451 253.915839 0.805719 0.323763 58.873837 63.248036 63.248036 4049940.263092 2205.571027
249.111197 160.483234 0.563384 0.321673 77.768759 78.298995 78.298995 55076.455055 25209.516511
216.086829 237.863741 0.720779 0.190434 72.546629 72.557844 72.557844 84.700555 1530300.100700
100.164968 45.618760 0.183458 0.237831 91.379507 100.054399 100.054399 2861394.223813 994.806333
334.386705 138.063429 0.686575 0.223638 73.856859 -1.000000 73.844852 71.181655 -2166191.700309
271.983252 219.096080 0.806575 0.359431 48.872922 63.565910 63.565910 19902003.999096 136.736487
215.894498 169.373693 0.480345 0.084380 80.501455 82.016180 82.016180 267578.859973 6836.627604
78.832215 15.099712 0.181142 0.319531 95.792489 100.608777 100.608777 1071623.575528 2871.773167
210.670405 136.381454 0.464675 0.430118 81.979413 82.944518 82.944518 126707.330041 13285.525165
199.738899 281.389819 0.918470 0.245085 47.432153 54.292020 54.292020 10584209.967845 1324.643155
352.060496 374.708351 1.710976 0.089543 45.517504 49.510800 49.510800 3714496.122408 793.878723
258.731347 279.169432 0.977171 0.186263 62.456935 63.341316 63.341316 244091.903769 12219.791869
214.089286 293.980491 1.036273 0.366542 30.192299 48.197902 48.197902 35992053.039659 180.434711
188.652975 206.808445 0.604157 0.367828 74.143708 75.117385 75.117385 234340.023030 14309.753079
298.651859 217.976737 0.814458 0.130657 64.316524 67.241122 67.241122 1357857.468125 2405.021982
265.109997 405.026530 1.686447 0.044437 33.974846 44.974658 44.974658 20497436.070772 297.390788
231.002564 326.957423 1.187545 0.351016 55.097236 56.092286 56.092286 704380.877715 12492.236380
273.551358 224.866397 0.807232 0.345411 15.787499 -1.000000 69.608089 90600926.819041 -147.539787
253.411559 387.050660 1.560484 0.102018 42.401593 45.249268 45.249268 4671792.043511 3875.995855
407.129324 197.510898 1.078081 0.302433 58.730599 60.557350 60.557350 804243.049314 4343.326745
120.762093 172.052304 0.421778 0.176071 44.786973 56.591934 56.591934 13503721.875316 1154.823969
