194.756422 104.804950 0.389322 0.442593 86.006860 87.388627 87.388627 185310.679345 8398.602444
239.929698 217.770902 0.739485 0.464152 68.859933 70.051437 70.051437 325571.660745 9518.978791
270.607166 335.551167 1.275975 0.115416 55.918615 56.851871 56.851871 307572.010858 10031.185388
355.183906 279.103117 1.240058 0.342956 53.823441 56.442721 56.442721 1807219.107256 2612.587402
134.754288 188.646385 0.493347 0.262272 60.519265 64.253430 64.253430 3829439.907536 4721.965335
229.393708 232.082443 0.752365 0.353720 69.118212 69.933040 69.933040 183909.687955 15459.316593
284.467657 54.425219 0.470389 0.376053 41.432596 -1.000000 84.036594 50205745.333042 -184.811165
255.633295 250.478749 0.873996 0.304827 59.472387 63.610947 63.610947 3175284.753672 1863.115957
198.058507 161.459561 0.476320 0.293242 79.685809 81.368570 81.368570 397100.809969 7495.201788
319.079611 235.868780 0.947913 0.229561 59.495234 62.828943 62.828943 2098554.323809 2016.780285
149.081486 180.884975 0.537658 0.525650 56.359293 65.806308 65.806308 9511050.114190 961.277552
91.606477 108.980722 0.211913 0.125365 98.811587 99.726388 99.726388 160946.009253 24734.094351
147.778021 213.260490 0.566311 0.147196 37.580326 54.000958 54.000958 22880864.218862 472.666823
148.214529 151.130097 0.452536 0.521824 62.744842 74.084635 74.084635 9064824.413761 611.022484
321.362467 159.126176 0.698210 0.156686 64.873382 70.473327 70.473327 3557945.487808 871.552122
299.283145 149.057964 0.664508 0.415765 67.586809 71.731906 71.731906 2116621.358880 1660.623778
65.622595 50.482326 0.221948 0.359150 37.273941 71.900231 71.900231 20975928.476654 144.720191
43.191870 33.403019 0.260107 0.545699 49.135561 56.139531 56.139531 3424744.257421 9660.514074
193.783230 193.097550 0.600311 0.422979 46.684176 67.685338 67.685338 26920235.231833 25.989848
300.688025 119.297899 0.603677 0.391039 67.014147 73.683679 73.683679 4183236.881537 -640.848257
386.092163 185.226653 0.970095 0.318644 64.655205 -1.000000 64.574976 3028.802413 -296675.792342
86.043102 89.583651 0.294826 0.474498 64.965424 74.875841 74.875841 6056424.695485 1507.318335
195.974836 228.969051 0.685929 0.325078 69.081382 70.693313 70.693313 656575.446718 6999.338544
327.721629 139.066084 0.718613 0.477945 67.675823 70.399329 70.399329 1081991.214159 2761.159153
359.865979 156.788638 0.817722 0.281068 62.425609 66.533960 66.533960 2510411.912401 1543.747033
178.929166 268.060846 0.797743 0.095115 45.227277 52.913166 52.913166 11626242.802064 1414.580954
159.231727 191.823288 0.508829 0.254105 69.755247 74.246316 74.246316 3068860.532433 2605.987446
222.625567 342.071215 1.243280 0.081749 26.851786 39.432949 39.432949 25510523.284847 648.996187
149.212063 209.479718 0.609580 0.410384 56.322249 59.394341 59.394341 3460691.764292 5860.137436
325.947289 300.701226 1.242839 0.236576 57.014274 57.728546 57.728546 191405.814507 13416.326773
166.061621 204.030254 0.517041 0.109001 74.590554 77.387337 77.387337 1204231.429742 4294.620839
384.696713 323.440303 1.517059 0.146790 53.821830 -1.000000 53.736461 4558.950660 -239542.228478
139.306391 138.922829 0.399452 0.480286 78.031417 81.957382 81.957382 1610793.920191 3078.413581
216.913468 103.002145 0.395285 0.324538 84.718560 86.656555 86.656555 361331.755187 5604.402442
434.256581 235.228663 1.294364 0.270821 56.650428 57.115545 57.115545 84559.489685 20759.606119
125.780730 156.514918 0.428013 0.417814 65.494406 71.258840 71.258840 4562786.185588 2324.113193
163.697861 123.711836 0.362474 0.318529 72.522637 83.860476 83.860476 7172341.992022 441.245549
230.794137 191.053424 0.649521 0.507343 70.054793 72.485082 72.485082 930999.364847 4107.328344
247.699285 274.257553 0.910463 0.043333 66.153716 -1.000000 65.962248 8474.158284 -145817.502458
203.421868 180.413367 0.515961 0.205535 78.677861 79.809765 79.809765 218834.510813 11464.268355
42.044521 10.968139 0.157307 0.235408 68.756405 76.702642 76.702642 4036044.979824 3118.680133
351.755776 327.396552 1.471233 0.279280 37.731929 50.142431 50.142431 24176297.569076 93.111109
54.076496 28.955152 0.187595 0.337757 85.683796 89.165043 89.165043 1224049.106224 6617.526265
295.508431 330.858983 1.328299 0.207597 47.975915 53.286797 53.286797 6414983.628549 1029.387023
292.364844 185.577023 0.688863 0.122558 73.464832 -1.000000 73.321083 5854.723311 -195563.078147
187.048506 263.881828 0.836062 0.304070 49.984746 55.421277 55.421277 7777165.220978 2028.689729
134.858510 114.900387 0.314736 0.336377 88.098600 90.615611 90.615611 593545.013683 5422.073835
210.904861 9.010634 0.300739 0.300975 95.568648 95.629863 95.629863 544.729183 306896.744539
182.664815 133.065844 0.424635 0.457847 83.617102 84.882732 84.882732 192652.764451 10215.490944
265.770161 343.050452 1.328516 0.175788 43.706438 51.553655 51.553655 12489470.800684 589.065914
210.725936 318.585916 1.067246 0.048745 46.776746 54.045632 54.045632 9386664.615659 1041.212231
301.815390 185.802642 0.710583 0.115945 72.828566 -1.000000 72.771448 1111.901555 -464632.317039
94.139419 74.830047 0.272313 0.485148 81.542706 88.098044 88.098044 2414871.371704 1824.848192
88.240654 51.866407 0.169049 0.213304 103.982321 105.686155 105.686155 210238.654657 10718.586170
210.799585 132.694460 0.375273 0.056575 89.616487 -1.000000 89.402256 5618.162149 -172156.112049
342.070012 292.157313 1.258914 0.298737 53.023642 55.914831 55.914831 2176510.286813 2275.607416
330.276524 318.123341 1.358065 0.261509 44.922229 52.461828 52.461828 10997388.223397 531.193749
266.389396 333.592154 1.277427 0.217411 50.738813 54.259166 54.259166 3549594.355559 2079.826579
407.766050 301.120258 1.487457 0.157772 44.426654 51.706317 51.706317 9780846.009216 315.497547
258.048807 175.430728 0.650796 0.450877 65.843682 71.320917 71.320917 3440473.915427 1166.810606
223.963902 302.423664 1.026104 0.258033 62.473639 62.667762 62.667762 27456.283921 72170.785509
272.250561 182.086697 0.673076 0.294219 62.043676 69.906883 69.906883 6513553.524934 659.844815
118.850917 137.878320 0.288717 0.136106 94.632267 95.097227 95.097227 43645.737032 43167.162273
305.510478 359.444596 1.488757 0.071505 52.640223 53.608922 53.608922 281456.305124 7020.881861
80.389645 102.274760 0.273593 0.294915 59.459782 65.952284 65.952284 4806503.038373 3556.781448
76.010539 55.273515 0.224805 0.420393 94.917959 96.671190 96.671190 302376.324517 11226.979007
326.159006 87.782697 0.609925 0.369144 67.936526 73.800691 73.800691 3374023.012836 796.424199
233.609666 349.149841 1.289034 0.162075 53.539302 54.201447 54.201447 466793.286595 20475.826194
339.928118 295.275587 1.265889 0.310893 54.964290 56.543764 56.543764 787695.467341 4436.156648
327.020140 182.725061 0.821941 0.475685 66.633457 67.765289 67.765289 280433.586986 9018.071391
299.589315 326.344008 1.327888 0.286986 45.672776 52.491977 52.491977 9794657.248286 661.968857
358.782656 133.088371 0.763706 0.357696 70.849379 -1.000000 70.768929 2393.325896 -323536.099371
192.463911 272.187744 0.866071 0.285715 55.142081 58.243998 58.243998 3604149.619666 3983.588785
225.916676 272.632753 0.934439 0.452105 58.142144 61.101692 61.101692 2355809.071981 3266.628041
206.934312 266.307752 0.860403 0.239093 37.442352 56.383688 56.383688 33204673.204873 67.208244
160.400904 225.244754 0.649574 0.331505 60.077305 62.586786 62.586786 2568792.267781 6333.278323
278.924605 169.185371 0.672405 0.406701 60.175713 69.677500 69.677500 8469022.986848 370.776313
171.197173 240.613891 0.676654 0.235069 71.052121 71.413539 71.413539 108758.120124 49221.016060
74.731602 30.472370 0.130036 0.148755 102.192183 107.075301 107.075301 1142367.170719 3151.295087
78.915655 77.312780 0.241430 0.382296 87.601000 90.041791 90.041791 774106.247712 8386.073471
151.715369 164.359444 0.415242 0.281194 87.135826 87.171027 87.171027 508.574789 585388.182327
62.476416 69.553154 0.284973 0.510198 47.491266 57.683199 57.683199 6071531.275194 3177.257749
201.662075 246.317024 0.744745 0.261999 69.598177 70.180727 70.180727 124061.753316 23975.713906
322.123747 162.030825 0.742186 0.420022 71.604364 -1.000000 71.529880 2084.912427 -346534.411923
51.992403 51.483679 0.263756 0.489902 36.768345 52.628295 52.628295 8327167.398287 2561.867963
200.023777 221.475406 0.675736 0.441280 73.893927 73.975844 73.975844 3255.179827 202102.176315
232.644555 178.136112 0.553721 0.145340 63.343283 74.693396 74.693396 9854301.767275 258.188474
243.717506 261.034163 0.886909 0.259655 59.073836 63.082570 63.082570 3153866.350081 2051.564784
331.897723 259.197851 1.074487 0.293182 62.077517 -1.000000 62.002746 3146.973280 -298468.179637
222.815293 87.578629 0.391329 0.370474 88.163285 -1.000000 87.848053 14322.146625 -111457.977117
168.504427 116.393849 0.327772 0.247334 93.228130 -1.000000 93.134777 1727.423770 -359497.454415
247.139220 53.847840 0.370647 0.228709 80.763118 87.067402 87.067402 2520018.092561 922.121471
180.214515 157.480661 0.465616 0.355766 64.197769 76.483418 76.483418 10242333.408379 363.180312
318.905488 411.316399 1.850010 0.054449 47.819186 48.863071 48.863071 338156.976314 5307.262933
141.876367 160.136199 0.466711 0.512046 64.266718 72.288435 72.288435 6278824.912496 10679.298384
344.915394 319.365484 1.398901 0.303547 52.682487 54.214237 54.214237 818808.209271 5217.025255
267.334908 313.675675 1.184308 0.252837 48.174813 54.713758 54.713758 8744937.324300 780.093598
405.767830 273.879022 1.361793 0.299925 54.607317 55.497591 55.497591 288456.272362 7717.562043
328.711692 333.400195 1.406810 0.148505 55.685299 -1.000000 55.656470 651.642751 -681542.360841
102.995346 138.481279 0.289748 0.125412 74.292843 79.133520 79.133520 3401048.667180 3702.908917
214.752817 15.141279 0.320756 0.341184 87.678745 91.621877 91.621877 896958.863857 1808.231577
102.626037 121.051582 0.322083 0.364460 72.154355 77.591660 77.591660 3421348.579221 2863.140488
240.455677 195.843767 0.645731 0.277807 66.298668 71.392269 71.392269 3284269.706734 1460.576593
193.485438 212.333149 0.613650 0.266679 72.020767 73.819815 73.819815 665037.695142 6893.511217
376.363749 285.622211 1.315545 0.272127 57.148795 -1.000000 57.072590 3759.749690 -276277.503323
310.496923 54.427374 0.558880 0.508935 72.538501 76.799440 76.799440 1673041.829607 1476.358220
325.436765 255.534360 1.052083 0.328037 59.726206 61.160651 61.160651 564877.032847 18409.867650
174.934902 236.197306 0.732379 0.381985 43.078305 54.998650 54.998650 18074140.927149 558.726636
371.001022 262.009282 1.176487 0.110172 59.958995 -1.000000 59.919432 833.102732 -553471.755203
249.492352 177.286686 0.649869 0.484080 58.357543 69.722703 69.722703 10888335.405119 270.199671
203.340483 77.182270 0.310313 0.196082 88.062205 92.082439 92.082439 1062519.929354 2051.443010
219.202903 154.500882 0.528562 0.483291 77.217042 78.839419 78.839419 358505.152324 6871.661141
217.057502 123.792700 0.469319 0.517166 79.673028 81.859713 81.859713 485021.614515 4577.259619
89.719757 82.285453 0.204202 0.227316 98.872685 100.381699 100.381699 256526.648109 13158.936418
217.273709 70.429047 0.320401 0.192559 93.944403 -1.000000 93.875111 845.241311 -499949.651727
86.705994 21.439050 0.121709 0.115765 96.907612 108.070491 108.070491 3627921.598565 637.420004
208.761890 189.522807 0.574779 0.262336 57.858210 71.381003 71.381003 14267205.382514 202.329750
287.189419 269.311930 1.021831 0.307268 54.914286 59.696894 59.696894 4422258.636656 1341.967843
135.771245 25.922821 0.181683 0.181782 103.187561 105.466090 105.466090 264786.752053 5343.923667
339.395738 239.694945 1.029141 0.292637 53.764859 59.770549 59.770549 5958671.889595 867.582541
128.403088 101.788900 0.211803 0.066877 93.960851 100.419830 100.419830 1812170.152570 1088.778434
252.011217 236.556781 0.801152 0.265286 65.510088 67.442763 67.442763 803404.325778 5267.553037
319.020679 212.320705 0.849195 0.144983 61.361045 65.678927 65.678927 2722457.740837 1290.908125
169.055760 202.055522 0.588945 0.460344 69.694091 72.219910 72.219910 1360620.019735 5180.214856
211.120199 322.983130 1.122732 0.104266 37.737541 43.572881 43.572881 11056849.835778 2261.068406
358.053768 162.304630 0.840459 0.383743 63.426924 66.255209 66.255209 1372913.575536 2607.575506
314.113205 135.233262 0.636267 0.250425 73.478582 74.624136 74.624136 224222.186068 9397.911797
155.568119 179.553663 0.523432 0.497343 66.035838 71.686927 71.686927 4187922.366222 1863.723618
202.291512 252.635992 0.806781 0.430482 63.150592 65.171112 65.171112 1230957.344092 5934.114024
172.514803 218.360203 0.639881 0.425161 68.043460 70.054879 70.054879 1139631.239131 6857.821996
292.118993 92.001987 0.492824 0.170094 77.929361 80.693984 80.693984 801490.694884 3261.014594
158.822387 233.295187 0.643940 0.190349 63.026634 63.695298 63.695298 623352.361722 42368.696769
354.379797 141.663080 0.795227 0.467265 62.990121 67.160452 67.160452 2452927.373919 1811.515872
182.251196 151.212343 0.463912 0.451417 78.071328 80.898529 80.898529 902575.318718 3854.219701
384.532929 260.290366 1.251577 0.339986 47.747683 54.875831 54.875831 9095032.448014 537.661438
255.734767 206.921295 0.689751 0.204513 72.524157 72.981882 72.981882 52695.458672 28127.503184
201.678082 144.982729 0.442280 0.287332 81.323559 83.289265 83.289265 463465.943069 5879.273560
104.193938 49.387230 0.191680 0.260488 101.415476 103.445832 103.445832 250966.387819 7459.427180
262.907998 267.671517 0.967318 0.380481 59.845020 62.107678 62.107678 1296926.620073 4298.087885
362.969127 299.952773 1.344797 0.191296 48.891448 53.978233 53.978233 5404663.912765 799.867647
63.328952 11.241882 0.129234 0.167918 92.160530 101.040540 101.040540 3201465.181436 1554.871563
160.012217 209.112636 0.622294 0.451928 55.040007 61.996433 61.996433 7894234.800008 1528.050705
248.006175 183.298833 0.608367 0.237331 74.815530 75.773625 75.773625 173484.310830 12489.075887
348.262761 177.915546 0.809657 0.092596 61.805731 67.361771 67.361771 3469889.507638 562.678644
396.011626 163.189915 0.935899 0.285604 65.509836 -1.000000 65.398740 5156.906816 -221745.998343
76.238607 102.236001 0.272433 0.291721 62.393696 63.558835 63.558835 833573.755200 114664.313859
218.512427 263.191632 0.813388 0.096408 69.318751 -1.000000 69.291925 395.368655 -863750.488744
186.360990 221.957175 0.630754 0.164999 48.764873 66.186224 66.186224 23448132.949964 149.995258
159.194498 220.364640 0.645221 0.395359 59.226837 62.206396 62.206396 3086960.847116 5073.839135
272.736559 173.462739 0.644728 0.256331 55.788073 70.326064 70.326064 16053064.969509 68.947203
128.578271 159.249146 0.408018 0.363589 80.242850 81.597187 81.597187 491675.055664 13442.894138
175.907515 69.833010 0.313862 0.406617 91.550572 93.034486 93.034486 162127.576820 7828.144919
370.968715 314.193119 1.455379 0.272271 41.160196 50.943343 50.943343 16681466.396401 199.893949
73.288805 67.164281 0.246586 0.409787 67.996915 78.097229 78.097229 5537985.133824 1357.187433
347.680997 292.953583 1.261221 0.145165 47.357735 55.187127 55.187127 9830485.789467 329.497103
253.838986 333.526461 1.274594 0.254728 33.295792 49.261760 49.261760 34240039.907018 159.921798
160.258487 235.077488 0.618301 0.114799 73.816007 73.993472 73.993472 44084.949983 115369.791140
267.189880 257.396297 0.922497 0.313104 61.603540 63.669188 63.669188 1026663.255262 4327.301500
207.710191 297.317538 1.006260 0.274771 50.567714 54.226852 54.226852 5020306.021525 3051.582817
303.975556 353.305360 1.447630 0.067115 54.820613 -1.000000 54.678710 9082.028825 -155180.466648
174.527001 122.739077 0.374094 0.351723 85.403700 87.499927 87.499927 432117.079237 5695.015728
144.305326 157.946792 0.411731 0.338149 81.430621 83.278326 83.278326 559331.934504 8170.397104
213.161797 131.309620 0.476544 0.539519 83.474381 -1.000000 83.416163 842.378483 -512085.948616
211.685794 197.303954 0.628842 0.397674 59.478902 69.312054 69.312054 9448844.675524 508.659830
380.046360 169.203172 0.932127 0.431444 58.458427 62.939048 62.939048 3246872.669035 1216.463636
254.648583 368.994973 1.447033 0.265134 54.574324 54.645155 54.645155 8094.453107 186002.522842
150.527617 205.396711 0.561454 0.415634 75.985729 76.111722 76.111722 30519.451347 176262.318265
229.666358 336.190378 1.263999 0.242864 23.797528 41.827165 41.827165 40453761.592877 138.561117
164.007078 196.996488 0.566183 0.341625 44.443594 64.052806 64.052806 25850113.102462 181.348967
281.530159 232.537942 0.832264 0.187289 67.845959 68.203626 68.203626 38820.309827 34295.872949
189.663553 274.375894 0.830963 0.163654 65.519075 66.001616 66.001616 180467.713505 33078.540820
75.535457 72.888621 0.246904 0.461028 96.761328 97.029402 97.029402 26056.288870 95162.720347
391.060706 234.024038 1.156721 0.365557 59.222598 59.732483 59.732483 94654.394133 19714.489623
125.632793 178.968482 0.452223 0.189418 38.792600 53.950023 53.950023 18041461.468118 572.792153
225.999578 325.558028 1.184159 0.217992 33.547742 46.412793 46.412793 27121004.775752 314.712520
232.791517 205.627952 0.624196 0.102948 73.688534 74.998169 74.998169 276748.338088 7952.709908
411.606597 318.951638 1.585203 0.165510 51.172846 52.104411 52.104411 321905.577234 10058.061718
339.872788 163.858801 0.768845 0.206879 62.358096 67.807080 67.807080 3779905.262281 951.986176
358.832911 314.768998 1.409884 0.219659 49.054067 53.049869 53.049869 3899721.814514 1435.156688
163.763756 84.179533 0.269240 0.213403 91.912778 95.412873 95.412873 784359.146836 2971.446501
178.132107 165.360507 0.435787 0.155035 62.214609 78.469518 78.469518 15277868.021107 207.674656
327.441504 301.916954 1.267164 0.275482 50.071007 54.861744 54.861744 5090587.823915 1112.355022
238.261698 219.865499 0.744435 0.372766 54.677144 65.239936 65.239936 11981434.354268 402.279412
97.747309 44.515676 0.187520 0.250164 75.649911 96.394173 96.394173 10882049.780105 99.956824
71.422610 66.143230 0.245436 0.396809 58.839388 73.673888 73.673888 9023837.325428 777.064532
182.396245 129.992308 0.427555 0.512405 84.956478 85.524054 85.524054 45187.599410 25685.513773
190.517688 253.596655 0.753860 0.219519 67.176594 68.280648 68.280648 454650.576278 12528.600960
232.324916 315.620577 1.122922 0.267444 54.217065 56.614548 56.614548 2167730.889042 4278.776032
309.344423 219.952959 0.895482 0.415655 58.697291 63.408310 63.408310 3624341.905368 1220.483450
285.648844 271.269248 1.015216 0.213877 51.293850 59.184315 59.184315 9420869.553699 545.257083
136.597424 93.339397 0.329462 0.543955 89.640519 91.133514 91.133514 182952.800609 9068.639632
202.071985 106.472190 0.377154 0.318275 84.858825 87.419649 87.419649 572273.094886 4043.963048
335.490428 283.799361 1.176299 0.134091 58.061698 59.040512 59.040512 274506.473404 8981.168953
78.689919 81.369896 0.232366 0.356603 96.924648 97.334276 97.334276 56700.159084 62082.418958
301.668502 205.902962 0.818457 0.421613 68.992014 -1.000000 68.907238 3097.782433 -296592.997245
159.423665 195.118400 0.506109 0.199261 70.316578 74.768540 74.768540 2987836.284665 2557.336375
215.526984 116.481531 0.381080 0.184353 89.437925 -1.000000 89.376012 851.584222 -518220.162511
282.249111 171.866226 0.641650 0.199250 72.895544 74.215183 74.215183 298335.892105 7964.971155
286.468133 197.144051 0.738962 0.278035 68.754592 70.229288 70.229288 426716.835319 6859.697537
317.864441 200.373868 0.853315 0.470313 64.315236 66.189350 66.189350 713206.895397 4943.257949
414.399195 167.312829 1.015902 0.317966 59.898958 61.939702 61.939702 916227.987098 3819.372836
198.732655 211.111821 0.652750 0.447436 68.263756 71.031639 71.031639 1407126.081242 3936.911133
102.674794 85.309172 0.180163 0.099246 81.191857 98.054900 98.054900 9197694.197710 266.748391
358.048376 193.169342 0.930792 0.441771 63.680023 64.690515 64.690515 258050.205041 9606.425415
204.692417 305.560893 1.071464 0.318333 43.706638 46.217649 46.217649 4474729.458045 7484.542671
267.290595 236.161009 0.829938 0.271024 66.030076 67.243059 67.243059 359764.162398 8758.934104
243.301679 179.503369 0.600731 0.291631 73.067357 75.132170 75.132170 656599.089649 5021.500746
293.305231 147.529452 0.592263 0.115664 67.572388 74.789415 74.789415 4535453.832115 482.094114
298.299453 109.899631 0.568379 0.367188 78.690469 -1.000000 78.600245 2200.099400 -355383.728828
188.420899 167.376293 0.520397 0.491819 73.098893 76.916611 76.916611 1698407.569196 2556.896511
175.801036 180.815184 0.479575 0.203314 77.038996 79.735996 79.735996 1028239.058075 4430.961364
181.037890 182.453804 0.498082 0.227724 74.507200 78.067698 78.067698 1666936.098162 3049.688183
213.439241 277.575897 0.921739 0.313811 54.388185 59.088985 59.088985 5282223.439263 1917.557066
279.323005 140.743939 0.576562 0.282608 72.558298 75.882783 75.882783 1322752.306926 2418.610917
243.471961 314.278666 1.128611 0.300788 59.429642 59.872260 59.872260 110425.173937 27828.896095
93.445629 90.492336 0.233965 0.291293 96.838694 97.891237 97.891237 156903.497746 19542.531812
78.913410 79.748092 0.156579 0.111025 106.293382 107.234337 107.234337 111725.520463 24238.666138
347.273566 191.704260 0.854011 0.157763 67.982594 -1.000000 67.918878 1660.255641 -390892.582596
271.774152 238.991359 0.819876 0.078580 66.653020 68.038282 68.038282 330365.376695 5882.489175
178.426661 249.256124 0.686137 0.040299 55.861433 68.738992 68.738992 11873902.216294 195.208725
355.675568 356.016566 1.610146 0.147870 52.514534 -1.000000 52.457202 2455.560803 -334667.722227
419.341455 265.740187 1.360147 0.145170 46.792776 53.948050 53.948050 8657951.482001 323.341682
50.637140 16.659983 0.221369 0.495894 87.968191 89.273941 89.273941 327782.295270 22972.998112
416.660066 171.676695 1.046445 0.401615 58.897032 61.077417 61.077417 1060367.819166 3516.143217
385.251280 324.352867 1.533283 0.223357 52.115987 52.873966 52.873966 237625.605452 5851.262171
333.234445 242.529551 1.003494 0.203328 61.246389 62.591548 62.591548 452732.012793 6330.092842
448.297467 242.045249 1.365022 0.195309 54.287598 55.421601 55.421601 402909.661365 6759.930677
54.273136 39.848216 0.154463 0.185298 59.627580 78.363984 78.363984 11069720.211098 619.372019
164.095134 90.913411 0.327946 0.427529 90.997491 92.052344 92.052344 99194.220352 12797.636361
367.664671 267.828499 1.224405 0.305947 52.219983 56.248342 56.248342 3579306.596452 1393.683828
245.934041 240.236502 0.809346 0.314269 66.216937 67.557960 67.557960 447841.955521 9016.461953
324.462058 271.025692 1.128948 0.333042 46.431495 56.275264 56.275264 14282215.741424 464.612266
417.964868 382.102298 1.958093 0.045983 48.193778 -1.000000 48.067301 6534.537750 -168527.216365
304.689601 165.490463 0.709689 0.336013 55.965633 68.202392 68.202392 13086268.769171 144.853467
107.173504 58.399550 0.238442 0.393268 91.690745 96.255287 96.255287 1039058.533491 2412.311994
129.452565 182.271896 0.553557 0.465835 14.381730 42.064090 42.064090 26706577.633331 668.615930
112.412523 150.257946 0.373105 0.266728 63.243389 68.658495 68.658495 4778857.755751 3154.583517
370.445586 293.119910 1.312375 0.062511 55.237982 56.634568 56.634568 405222.757512 4229.720812
189.911617 215.392434 0.675469 0.487416 57.080347 65.321113 65.321113 8572251.488572 884.308590
233.112286 90.670739 0.402600 0.307699 81.348223 85.308800 85.308800 1233009.818635 1985.899964
138.420365 196.629481 0.464001 0.149395 83.246900 83.273296 83.273296 2151.891717 895432.777763
215.214669 316.946682 1.159884 0.309297 24.744120 40.005804 40.005804 32149417.358740 2537.357013
328.075294 242.354783 1.007519 0.294092 56.407244 60.754795 60.754795 3499091.283307 1384.101479
227.361679 266.401052 0.886103 0.365878 64.726840 65.485756 65.485756 213855.691737 16515.970349
303.698252 312.529240 1.270449 0.290461 39.441450 52.576403 52.576403 24355713.915348 150.890365
264.240798 180.441793 0.667434 0.373462 59.469927 69.470947 69.470947 9367026.724348 389.666776
65.449708 48.650072 0.252638 0.527493 76.169851 81.967731 81.967731 2297637.017095 3155.430007
118.168306 94.988631 0.303380 0.454479 81.066726 87.817514 87.817514 2645348.705448 1415.775556
372.382848 200.950566 0.984360 0.328901 60.729874 62.678743 62.678743 847355.485939 4302.061943
236.266676 107.962149 0.451761 0.404240 81.278557 83.186535 83.186535 378762.843720 5366.124230
398.138384 170.730308 0.969908 0.300907 61.101258 63.111813 63.111813 860144.044518 3962.901513
257.790189 182.346566 0.643846 0.297853 64.523029 71.221427 71.221427 4916962.156648 949.503010
78.487309 16.190708 0.240487 0.543586 84.431943 92.147707 92.147707 2153846.903374 1340.617613
119.371139 81.863005 0.225165 0.216030 87.778348 95.849477 95.849477 3128068.421356 1059.803421
202.879441 258.940741 0.814043 0.330791 64.600318 65.991587 65.991587 673900.270604 9146.584050
274.560057 349.684306 1.372439 0.163324 52.628061 54.257706 54.257706 972864.129924 5138.521162
187.634554 102.001558 0.391137 0.532105 88.675380 88.750489 88.750489 975.383800 235226.084150
128.452669 175.092092 0.513565 0.442542 34.065074 51.123819 51.123819 19646816.188259 648.899318
142.155316 46.909840 0.214322 0.224507 90.065378 99.180448 99.180448 3090272.828232 564.143009
156.672655 162.138985 0.426084 0.327639 85.875606 86.044276 86.044276 7883.439954 109795.161368
252.140650 369.766533 1.474415 0.240749 43.330489 46.927212 46.927212 6060269.199508 2585.853384
377.820862 134.689554 0.825867 0.323837 61.911409 66.236623 66.236623 2730046.745454 1359.081372
401.106120 248.602637 1.252131 0.309128 46.874178 54.883183 54.883183 10744302.570320 380.779001
73.369416 87.374185 0.266495 0.377716 67.503917 71.071966 71.071966 2165981.277238 8610.090192
234.787291 285.014325 0.977045 0.225657 51.175082 58.413037 58.413037 9162647.580508 871.278967
108.826453 86.760186 0.286378 0.479959 91.649219 93.367304 93.367304 260476.630139 9346.927220
227.954964 315.381025 1.157127 0.336029 31.605340 47.185341 47.185341 32948271.469557 167.863409
370.966520 254.535176 1.171323 0.313947 58.278056 59.110141 59.110141 229763.834220 11284.779495
376.899098 148.050654 0.843249 0.278586 64.524907 66.642539 66.642539 828670.302924 4538.270517
266.115854 298.160089 1.084179 0.196463 59.238081 60.413659 60.413659 445877.384519 8511.112237
327.677537 148.508922 0.730718 0.389839 61.439835 68.461355 68.461355 5480957.447481 802.972368
254.409782 119.316419 0.494388 0.344834 76.706131 80.005615 80.005615 1103673.101195 2529.685871
299.038869 310.495351 1.241464 0.253806 43.543677 53.599922 53.599922 16269699.581897 284.626290
147.569384 95.977969 0.345859 0.527354 75.837133 86.025424 86.025424 4715127.875942 495.426644
150.059296 49.766752 0.275890 0.433689 92.990265 95.589309 95.589309 359017.704324 3815.299234
310.590067 166.868332 0.713297 0.308943 69.893565 71.307726 71.307726 368214.091966 -1214.222529
244.606403 263.818616 0.854300 0.013923 67.241447 -1.000000 65.223133 103094.191458 -29559.488024
299.960957 200.721715 0.813488 0.461173 63.138545 66.493950 66.493950 1866190.021938 2209.620021
217.743611 252.657834 0.846673 0.394615 40.993541 58.271082 58.271082 28229803.821817 72.484590
85.852363 26.045807 0.144039 0.191074 112.083276 112.181922 112.181922 1120.589078 242786.073995
182.478158 270.044692 0.884481 0.272543 21.259778 39.738589 39.738589 30856349.644002 649.257850
250.876098 381.694666 1.526579 0.194056 49.084080 49.217553 49.217553 126921.798199 211551.069337
115.475449 119.226750 0.369447 0.544981 63.370537 75.355827 75.355827 8370843.389690 648.985328
142.595397 116.888733 0.273535 0.122826 76.873476 90.887880 90.887880 8672507.266725 278.532109
253.228711 269.092508 0.952114 0.341636 57.876286 61.442897 61.442897 2793681.443590 2362.429315
230.031289 147.104049 0.479624 0.232928 82.113825 82.638418 82.638418 47363.034103 26780.033579
186.248286 105.538354 0.397339 0.497109 68.415459 83.092160 83.092160 9437813.826748 58.107443
95.491405 110.134524 0.298553 0.410792 86.595654 87.732337 87.732337 333726.324669 19393.245175
247.072151 77.958759 0.421991 0.356015 79.647577 84.045656 84.045656 1469185.474522 1546.284128
92.191668 67.625670 0.176821 0.163888 79.039475 95.501901 95.501901 8964591.625831 364.092119
300.020517 297.687319 1.157535 0.165376 55.889695 58.298132 58.298132 1433471.536895 2690.260276
402.267660 341.714754 1.675990 0.114859 44.426006 49.709597 49.709597 5983697.019316 13260.746565
177.941587 223.768224 0.622020 0.160750 58.746701 67.521936 67.521936 9310907.041358 833.727857
366.294624 313.676822 1.411931 0.143369 53.435772 54.595385 54.595385 428490.585680 7141.636512
255.702120 254.313178 0.900453 0.375521 58.917495 62.808034 62.808034 2986852.766428 2198.740340
400.405406 245.345559 1.243070 0.353172 46.596778 54.910497 54.910497 11387826.766339 362.727906
60.414316 18.511905 0.113172 0.115335 66.306122 96.489351 96.489351 16963358.124036 107.152128
48.133908 49.840838 0.192904 0.269857 63.515434 66.670847 66.670847 1768692.832631 22700.050259
65.163252 69.189502 0.216851 0.325058 85.130755 85.996182 85.996182 337192.796550 48643.091515
221.726212 276.796811 0.924985 0.345861 60.766587 62.576638 62.576638 1071283.703952 6199.737442
368.635592 264.665554 1.222646 0.365601 51.140717 55.925415 55.925415 4784662.013030 1110.444475
204.069393 120.968969 0.386421 0.217517 73.899678 84.141363 84.141363 6289378.002316 423.140324
255.676855 158.665225 0.546103 0.167275 74.815435 77.630158 77.630158 961352.653345 3152.952916
230.446145 280.602268 0.934555 0.144937 47.930542 59.255526 59.255526 16085929.221303 317.046468
407.543632 304.805589 1.490344 0.069768 47.547565 53.066649 53.066649 4916276.762541 198.470486
343.987819 258.838224 1.110644 0.332106 61.192978 -1.000000 61.092881 5503.142638 -225947.738264
103.827316 138.096186 0.284237 0.116169 77.174482 81.884174 81.884174 3030377.457869 3703.940862
156.696436 77.307182 0.313478 0.458625 87.771643 91.534290 91.534290 807043.518798 2332.556240
245.374822 371.007681 1.507566 0.240307 22.031327 34.970971 34.970971 31432671.914379 569.096839
230.059030 291.572257 1.026171 0.382166 51.259399 56.584811 56.584811 6638388.791869 1471.010485
192.352450 105.846444 0.376323 0.377313 83.190553 86.834346 86.834346 1013016.858897 2101.277567
142.855421 129.978965 0.308090 0.159815 83.499186 89.293420 89.293420 2497407.538903 1746.053174
265.946012 381.151152 1.561170 0.198944 42.836773 47.305453 47.305453 7233588.874564 1623.363309
215.651337 216.066357 0.697969 0.399511 56.120866 66.120016 66.120016 10843009.738756 489.429435
208.917988 71.891516 0.339792 0.306276 86.196973 89.897677 89.897677 924731.897115 2220.690652
288.234705 323.785679 1.272580 0.186154 45.482838 53.551365 53.551365 11750676.740500 478.764938
123.432872 40.338838 0.270812 0.541363 94.780228 96.437297 96.437297 144828.084785 7305.990258
209.657255 184.262975 0.571754 0.415368 78.552872 -1.000000 78.496294 1220.862193 -505883.426748
143.276838 199.431754 0.578336 0.512455 65.406171 65.791526 65.791526 298546.495973 119639.933697
187.389566 162.511696 0.468280 0.301691 76.891029 80.262834 80.262834 1323848.700845 2996.139540
302.318150 178.564689 0.737906 0.399479 69.931578 70.799963 70.799963 162793.104553 12786.367242
156.622535 221.400565 0.629903 0.236737 39.919316 53.520945 53.520945 19986916.907269 653.039366
218.215411 284.802627 0.945526 0.314340 62.493158 63.299169 63.299169 300315.521772 15894.493725
269.952421 124.311759 0.553092 0.459560 76.358779 77.973167 77.973167 340076.708964 6258.284872
314.007930 223.388318 0.922533 0.435132 57.342386 62.487938 62.487938 4286637.645747 1164.137134
217.088955 263.161683 0.829911 0.231900 68.810294 68.824547 68.824547 172.982462 1217796.165626
224.324240 258.145332 0.856050 0.372932 61.253882 64.016729 64.016729 1842607.029703 3464.912505
250.955593 144.136356 0.558420 0.497970 79.100667 79.192610 79.192610 2186.194144 173093.862535
346.690228 212.970376 0.966843 0.370637 49.314016 60.372412 60.372412 14516529.414506 198.749928
237.941069 354.671386 1.315125 0.122626 56.648890 56.746113 56.746113 12703.396327 141515.188547
285.173042 107.759600 0.549023 0.390812 68.771663 76.106324 76.106324 4445913.191322 558.364684
261.518893 76.862671 0.432712 0.304411 85.841696 -1.000000 85.679583 4861.740952 -202781.150270
254.015871 374.494912 1.495052 0.203308 45.738720 48.260220 48.260220 3522847.778753 3777.956254
451.552728 313.492154 1.702982 0.166134 44.654194 49.264732 49.264732 5144758.339855 784.395367
60.094766 23.116425 0.244169 0.515906 25.780024 71.620078 71.620078 23175114.922048 227.385393
183.379007 147.091180 0.442193 0.397774 82.609831 83.781057 83.781057 190497.464321 11482.281754
113.318907 102.281056 0.281030 0.335204 84.130609 89.444651 89.444651 2057299.056114 2364.042165
376.399357 215.934852 1.043905 0.314515 59.751014 61.392653 61.392653 665649.922929 5982.182336
226.440969 275.724157 0.911113 0.266819 63.885053 64.707093 64.707093 251829.527667 14907.467723
389.567626 289.657513 1.387569 0.294723 50.386202 53.672278 53.672278 2805750.695256 1719.642990
56.129562 21.794176 0.197083 0.362952 72.642067 82.692525 82.692525 4610324.204560 1732.699839
259.901497 149.871781 0.579114 0.379614 66.008882 73.997734 73.997734 5635757.038868 609.319640
416.627996 313.411175 1.584317 0.210875 46.265676 50.600605 50.600605 4671313.902652 1169.782726
269.020351 15.780588 0.417098 0.336421 77.814063 84.112241 84.112241 2600748.250610 590.016865
182.872488 39.654579 0.293088 0.386576 95.950060 96.109087 96.109087 2736.571932 107555.937668
361.074152 277.396392 1.227442 0.161753 52.480781 56.589625 56.589625 3410649.993262 1301.902392
298.089905 287.776635 1.129012 0.310529 54.086425 57.779611 57.779611 3154528.445598 1722.933220
135.366309 110.057558 0.333348 0.437655 83.021450 87.598903 87.598903 1524106.297748 2348.079138
171.857372 211.226247 0.631676 0.393829 48.522435 62.192243 62.192243 17881290.491928 382.504883
140.820021 205.208649 0.576765 0.272642 39.726674 48.335222 48.335222 11572105.439090 2249.711791
116.482929 146.437834 0.412012 0.454413 61.009132 67.927543 67.927543 5818120.127637 2056.926391
268.035037 230.268792 0.827757 0.334447 59.454251 64.766388 64.766388 4358340.711940 1295.921735
276.439837 377.744593 1.547053 0.169746 48.796582 50.819194 50.819194 1695882.466290 3834.731928
206.004421 141.858934 0.487046 0.533797 81.631677 82.153948 82.153948 43388.136806 27008.038339
207.146669 265.587798 0.829736 0.218250 64.547663 65.958480 65.958480 638904.126674 36039.532617
328.804193 247.536460 1.039362 0.321099 48.629329 58.509307 58.509307 13247541.386667 272.439733
150.686900 214.987403 0.602755 0.345146 64.762624 65.173859 65.173859 348397.330540 95094.655454
265.503768 404.912771 1.699387 0.178187 48.279713 48.417677 48.417677 99963.219403 128252.045510
227.978867 121.246540 0.419852 0.215825 84.656801 85.719290 85.719290 141375.037013 11799.215957
66.239461 21.011880 0.235886 0.505861 64.360801 81.990503 81.990503 8342499.039280 452.295287
146.288306 175.473748 0.461636 0.335050 75.667526 78.148730 78.148730 1169656.956283 5890.155827
160.624409 57.097725 0.307067 0.511454 94.748989 94.908181 94.908181 2621.025250 106429.163613
79.179180 71.035291 0.197846 0.270445 100.635623 101.515885 101.515885 115688.171659 25590.271803
168.914405 98.946575 0.351606 0.434563 78.414942 86.706691 86.706691 3615496.314900 629.384224
261.193861 101.715655 0.471114 0.299043 73.489854 80.272991 80.272991 3531552.466377 999.989559
204.645913 295.940118 1.020918 0.264748 23.443893 44.186882 44.186882 40620032.670308 185.754954
451.147193 288.118750 1.571641 0.144642 49.179301 51.694410 51.694410 1688052.288336 2031.714168
315.115923 192.937747 0.792192 0.258529 66.070646 68.131163 68.131163 783868.143333 3662.111227
209.410481 183.908061 0.595998 0.486464 67.593005 72.760285 72.760285 3134063.248718 1540.258575
234.695338 283.750483 0.984435 0.305603 51.929438 58.164573 58.164573 7599831.755201 1098.382522
69.733087 99.113265 0.309004 0.381450 31.160264 38.384452 38.384452 4427051.018088 19713.465690
328.479389 326.552192 1.391611 0.270033 50.776838 53.530177 53.530177 2231670.155404 2519.408839
353.874423 266.508939 1.172047 0.360242 13.466477 -1.000000 60.140305 95610992.045694 -147.637799
187.029099 202.694868 0.558202 0.172156 69.334092 74.253075 74.253075 3109289.961402 38529.436389
67.544273 87.909510 0.160856 0.078205 79.542342 84.835768 84.835768 2942116.905934 4445.148570
249.216457 325.081206 1.196322 0.241967 54.600670 56.528423 56.528423 1378261.281445 2920.732441
272.499565 77.177507 0.441065 0.206285 70.986729 81.742229 81.742229 7089636.860126 204.588418
147.901059 99.253770 0.292583 0.277157 80.157566 89.970580 89.970580 4784653.046722 593.750879
287.005781 196.257251 0.773660 0.450509 59.235059 66.326546 66.326546 6116105.845037 568.612166
70.307216 59.325800 0.223062 0.351993 66.668217 79.412904 79.412904 7160782.310386 901.132391
173.828900 187.283376 0.539889 0.423273 74.129348 76.285621 76.285621 826570.265247 5891.233721
261.941477 280.296263 0.993548 0.229423 62.773232 63.298581 63.298581 102440.560283 22438.177596
197.021910 151.252757 0.433082 0.203249 79.321332 82.839495 82.839495 1268665.461850 2739.008570
286.957344 162.135437 0.665658 0.417208 70.283176 72.517699 72.517699 756237.413223 4059.548761
104.276842 13.460813 0.199485 0.328859 82.363873 98.216714 98.216714 6381029.505854 -292.763991
157.291223 81.620420 0.318765 0.451148 83.657664 90.016827 90.016827 2024579.277372 1032.323739
280.211014 418.366938 1.809895 0.102489 47.761529 48.443025 48.443025 340150.930750 14372.160524
203.905415 258.293072 0.785982 0.125216 54.301305 63.327770 63.327770 10484059.718271 611.260022
247.999579 327.145770 1.198517 0.157585 49.691137 54.725486 54.725486 5992146.602669 1289.483918
66.160827 1.996269 0.136288 0.203978 107.170943 108.877975 108.877975 213110.482527 12030.712039
237.621352 362.127043 1.444680 0.215895 4.157846 30.828871 30.828871 45134304.093281 467.740136
383.620837 165.121807 0.912415 0.295530 59.068703 63.595060 63.595060 3236992.336415 1779.023418
331.482785 231.785662 0.986599 0.394515 59.736557 62.143083 62.143083 1276510.195493 3304.140708
157.344807 194.068972 0.569258 0.458264 57.198361 65.595109 65.595109 8726531.604208 1075.324149
272.840968 336.884064 1.284411 0.068413 51.507594 55.712897 55.712897 3253802.538041 1085.521433
152.372794 213.772868 0.564134 0.166116 57.941258 64.221147 64.221147 7089267.227512 1935.757101
249.732411 234.599304 0.762777 0.129643 70.819578 -1.000000 70.719854 3752.902968 -261392.802248
221.173435 326.327088 1.151192 0.222021 55.427975 56.136926 56.136926 537863.340623 20325.904847
236.043995 196.269799 0.604861 0.104179 60.636030 72.944570 72.944570 11325368.427719 147.544781
394.642447 177.592136 0.948287 0.087586 56.112576 63.416790 63.416790 5947786.504657 243.612228
59.937972 78.007365 0.200644 0.176783 41.173224 54.375768 54.375768 8458557.249461 2899.299532
111.683197 74.520737 0.192680 0.177150 105.786407 -1.000000 105.622507 3578.053815 -234810.760488
212.509651 293.799836 0.934397 0.036781 65.301296 -1.000000 65.048092 16036.515694 -106364.637488
288.018636 268.220846 0.989892 0.166361 62.566686 63.327171 63.327171 170193.554260 13517.211682
110.312598 36.840866 0.253872 0.517990 96.822271 98.098381 98.098381 92765.699806 10931.070486
233.392307 244.699863 0.763346 0.079455 69.083143 70.013452 70.013452 169327.474062 11066.686494
114.743401 153.882052 0.350339 0.157010 61.722327 70.898737 70.898737 8584663.864765 1384.126994
257.452909 378.612743 1.516560 0.167585 47.606134 49.575387 49.575387 2170796.613213 5000.165121
245.041503 318.395603 1.174009 0.293855 47.244895 53.406876 53.406876 8948628.931639 1074.661392
159.544735 75.473399 0.275879 0.293835 89.611075 94.285617 94.285617 1211267.264546 1852.567498
193.009236 225.967692 0.681048 0.387478 69.501436 70.940921 70.940921 550358.657056 9043.434532
361.124849 251.510538 1.138683 0.379348 58.494649 59.559158 59.559158 351439.444091 8600.797650
192.834556 285.276414 0.867222 0.069159 65.932032 66.295480 66.295480 71615.372716 40998.441295
128.770623 140.688633 0.393550 0.539091 88.265986 88.331358 88.331358 1601.566004 317601.004363
130.846767 144.121874 0.377909 0.371479 80.987587 83.597836 83.597836 971824.614644 5800.375587
366.763391 255.635304 1.157920 0.209924 52.162712 57.466618 57.466618 5133408.407255 883.043247
300.969973 218.218561 0.865516 0.373864 56.984302 63.601018 63.601018 6141630.333168 848.632675
349.977335 210.159268 0.964047 0.405694 58.750269 62.276105 62.276105 2321101.065240 1914.062935
62.749221 54.755831 0.264489 0.494863 34.506935 62.536525 62.536525 15865486.300991 381.629104
143.629060 187.996617 0.511104 0.397231 71.563225 73.349332 73.349332 1040389.951458 9530.854459
287.689161 332.165027 1.299776 0.112259 51.177525 55.021897 55.021897 3277151.502895 1394.744086
227.309746 288.171949 1.005023 0.342325 46.999487 55.456584 55.456584 12807790.528462 10907.827637
256.499146 78.622403 0.402526 0.192157 85.072009 86.643410 86.643410 254722.829942 6897.460854
202.847157 300.852018 1.082004 0.373707 24.795206 37.736825 37.736825 25366110.460653 796.036946
261.644013 187.445904 0.656430 0.302896 74.744551 -1.000000 74.632487 4281.670151 -244624.026691
193.212664 282.849164 0.931695 0.332431 52.391903 54.011770 54.011770 2140977.936753 10669.051020
288.376684 283.496104 1.073851 0.184077 43.375053 57.224441 57.224441 22322568.806195 84.206691
168.993916 228.707067 0.650687 0.258870 61.763392 65.615785 65.615785 3628703.158437 3248.860928
154.459972 130.121905 0.301700 0.094268 84.624166 91.202389 91.202389 2626974.749380 1008.898440
67.683161 38.384712 0.164136 0.243218 94.886206 99.194709 99.194709 1221050.767516 4125.368009
298.173960 263.223958 1.008129 0.310788 63.695657 -1.000000 63.634613 2201.494994 -369836.669215
396.615154 329.793830 1.593693 0.202781 52.755981 -1.000000 52.703155 2164.270202 -366820.075106
121.112075 132.150248 0.308660 0.210903 80.516234 85.969938 85.969938 2796998.344442 2381.906769
229.457120 111.728011 0.442516 0.392251 83.264180 84.321041 84.321041 134516.668567 11483.473464
84.419429 96.222073 0.194274 0.108694 65.896160 84.300607 84.300607 13152073.448755 445.448854
178.714588 231.793850 0.655926 0.285296 74.677076 74.734298 74.734298 2410.362804 313946.275448
165.494388 159.829600 0.410455 0.227509 86.464350 86.794396 86.794396 22964.047005 51451.397200
260.601312 359.266479 1.431584 0.274287 42.271974 48.344745 48.344745 10605516.953794 988.730713
210.365137 303.789682 1.024489 0.143824 36.811412 50.308371 50.308371 25455110.384333 292.985838
259.772561 386.299731 1.603744 0.213794 32.620268 40.998162 40.998162 20114143.657600 718.398217
176.416275 138.395571 0.422420 0.391236 71.616909 80.530644 80.530644 5461937.189590 664.624489
170.994422 188.714366 0.542782 0.338489 50.004177 68.119263 68.119263 21960252.978821 100.314883
350.367552 141.856049 0.750576 0.262068 66.553382 69.335645 69.335645 1198217.894300 2948.998152
405.864267 215.920665 1.098387 0.033062 61.548038 -1.000000 61.384602 4914.645153 -176764.613059
127.931744 136.341164 0.299051 0.124932 77.775154 86.918684 86.918684 5510693.216680 1172.690855
322.567242 193.287000 0.771001 0.016127 70.385067 -1.000000 69.633186 20771.424370 -67971.879711
258.244965 7.508711 0.385065 0.295742 81.383001 86.487572 86.487572 1735839.908493 1103.114274
169.073255 232.942717 0.698954 0.341081 50.922540 57.784934 57.784934 9192101.609273 1570.498657
351.245698 264.519148 1.179309 0.373729 43.777409 55.284641 55.284641 18295696.084102 151.213059
304.658973 254.065540 1.019977 0.413390 48.184763 58.353694 58.353694 13961186.073495 292.967275
177.903565 250.577797 0.765677 0.438936 65.571814 65.916214 65.916214 181325.401666 56681.437746
196.438718 256.780246 0.838553 0.390405 41.927227 55.051901 55.051901 21387199.223376 307.474324
126.612325 141.899928 0.359793 0.374371 90.568804 90.641758 90.641758 2035.122981 292926.390663
222.032234 288.747540 1.023347 0.422679 38.588296 51.904693 51.904693 24488894.890946 344.488233
168.121283 231.778118 0.634540 0.172591 67.950174 69.931762 69.931762 1231307.910663 7372.417796
110.920171 141.968712 0.386404 0.445596 72.826670 74.846687 74.846687 1207781.214074 10479.621712
272.136771 129.434339 0.576807 0.500406 72.843915 75.989180 75.989180 1106140.813420 2500.283988
223.558557 324.698196 1.157685 0.340074 56.987341 57.363064 57.363064 202643.209913 39469.258238
278.828797 206.357335 0.797355 0.478149 47.835212 64.002172 64.002172 21872520.727594 27.703494
334.770346 350.229334 1.519212 0.137778 52.138790 53.018128 53.018128 292371.402229 9001.300394
171.826728 232.985717 0.701559 0.327113 46.821370 57.039648 57.039648 14713718.526181 771.718039
456.946470 283.775142 1.581697 0.187227 43.879811 50.440791 50.440791 8767987.810178 394.858898
217.254327 327.516397 1.198644 0.281843 41.942325 44.134431 44.134431 4176567.266354 9288.980947
296.710982 247.973504 0.950617 0.313835 60.799696 63.041562 63.041562 1141098.669377 3749.793538
285.824370 197.277146 0.760185 0.460153 71.055199 -1.000000 71.016405 709.753039 -648414.248247
211.711018 249.084810 0.763464 0.176330 64.899087 67.558304 67.558304 1476941.811871 3709.972358
174.596946 193.030415 0.564184 0.441900 70.855511 73.888213 73.888213 1550594.129501 3918.151727
407.441455 204.386887 1.110767 0.379494 58.080519 59.817560 59.817560 766779.839606 4636.310856
316.513546 368.445073 1.564631 0.010242 52.430031 -1.000000 47.863558 263468.951633 -20157.086761
202.312913 172.576527 0.554990 0.514746 73.639772 76.296662 76.296662 947892.721447 3968.237450
233.139672 272.099237 0.902971 0.260595 65.780935 66.031095 66.031095 28927.556467 54315.282933
201.964326 293.087272 0.992627 0.400762 55.107828 56.030585 56.030585 976037.906557 17849.716625
357.771419 369.601549 1.704243 0.154851 46.573218 49.413348 49.413348 2448669.593580 1907.905933
174.916020 174.549961 0.525730 0.481137 66.840250 73.736775 73.736775 4852282.645211 1110.895029
76.725057 31.466961 0.140258 0.163823 87.059528 100.569864 100.569864 5745076.517609 630.579899
323.848615 266.377947 1.088850 0.314422 60.361378 61.003901 61.003901 143879.375495 16177.205383
407.865673 309.938819 1.542799 0.223380 40.318924 50.162286 50.162286 16908330.764936 139.058777
258.424482 359.480359 1.402791 0.191906 50.114131 52.302016 52.302016 2005935.456403 4264.483258
107.421425 19.855114 0.240819 0.490587 94.346482 97.821177 97.821177 500186.347330 2921.751673
368.244906 179.697728 0.912916 0.378452 63.572400 64.950229 64.950229 431690.877184 6721.827997
187.621854 176.399834 0.520067 0.380933 74.790133 77.563453 77.563453 1073998.326322 4042.710747
222.997477 277.445820 0.925990 0.217230 44.032811 57.317217 57.317217 21512227.693461 276.818045
64.439720 53.302036 0.213915 0.365922 82.064623 86.325577 86.325577 1695121.423795 4793.904062
286.407085 191.495070 0.743820 0.410903 67.589451 69.607789 69.607789 730130.699076 4620.624606
243.355429 274.866277 0.953003 0.271933 53.274570 59.732307 59.732307 7350064.799187 994.419669
361.683067 269.966422 1.217400 0.345047 54.925597 57.144794 57.144794 1330495.054818 3164.752643
103.370711 134.506797 0.306008 0.241581 86.031498 86.616055 86.616055 211082.099055 44295.979089
124.839667 152.544727 0.387263 0.354962 81.369475 82.821778 82.821778 515477.932967 12590.839550
290.749289 333.554080 1.332817 0.219866 48.701453 53.306645 53.306645 5241898.557306 1341.605280
308.516128 340.015674 1.402786 0.211350 52.792102 54.183496 54.183496 708345.587384 5329.284969
173.556806 252.760088 0.724684 0.187871 67.054325 67.456956 67.456956 209371.246876 48121.787537
225.744670 152.577875 0.544809 0.515234 72.267806 76.501177 76.501177 1843856.946675 1873.115746
357.454867 328.898278 1.482870 0.221478 45.412963 51.284995 51.284995 7636194.018744 656.165806
353.029523 304.345372 1.339132 0.285447 55.865705 56.276700 56.276700 76696.937340 24662.481388
422.643549 179.616627 1.083798 0.312334 51.438516 58.693260 58.693260 8009019.405234 432.980995
400.737569 267.344043 1.291263 0.086923 57.639371 -1.000000 57.558670 2907.738594 -277881.717545
233.453490 326.431431 1.197143 0.294689 47.811711 52.077552 52.077552 6124341.306623 2052.252705
196.136353 289.008158 1.009865 0.360158 24.725185 39.262271 39.262271 27318998.283047 642.454194
199.624821 210.292029 0.623673 0.271271 65.535285 70.829448 70.829448 3873709.111566 1635.132727
304.955339 240.760716 0.963889 0.442326 57.796969 61.720566 61.720566 2922980.077828 1805.453094
