428.162236 220.336153 1.230085 0.292617 51.016921 56.106683 56.106683 5044270.596330 873.638924
244.681496 301.110548 1.102857 0.358367 41.677714 53.211224 53.211224 20327035.946984 9267.680812
202.087087 216.702831 0.632758 0.177659 60.654775 69.540978 69.540978 8504461.363116 698.213220
165.033124 186.556252 0.526831 0.475475 80.422949 80.515856 80.515856 3661.950403 197473.420846
195.796992 87.894625 0.323528 0.231809 81.008368 89.507961 89.507961 3858901.049585 739.513634
154.401772 211.063835 0.648307 0.491475 43.997937 53.798638 53.798638 13225616.794362 1066.056693
273.172991 370.958294 1.506751 0.247038 49.985345 51.520473 51.520473 1161398.163103 5917.071336
303.823501 108.171708 0.587155 0.419850 77.826054 -1.000000 77.739338 2074.131811 -331101.013253
98.657470 120.798368 0.348483 0.446415 61.346631 68.675584 68.675584 5519198.732528 2120.856437
262.780554 294.581210 1.106552 0.396310 45.980566 55.027817 55.027817 13743104.819538 473.778305
185.082903 270.896984 0.839851 0.258103 59.727598 60.401685 60.401685 607007.288860 29261.563481
380.376087 166.128668 0.926436 0.441134 58.458180 63.060301 63.060301 3366213.529835 1097.348328
278.806389 346.651258 1.361383 0.136437 52.573010 54.477455 54.477455 1163589.263900 4028.803884
125.358203 49.387068 0.201881 0.229691 92.090728 100.064226 100.064226 2462749.578200 895.074876
211.307856 115.553347 0.381296 0.207757 84.839891 87.265141 87.265141 555565.721620 4382.595382
116.445985 136.557405 0.302141 0.147499 67.231177 80.492789 80.492789 10771131.119818 631.825148
31.724743 6.224669 0.154297 0.212638 54.455738 61.300183 61.300183 3554732.160888 9328.212845
375.708497 309.323227 1.429590 0.220780 51.310154 53.543910 53.543910 1464677.450265 3081.021902
180.605602 14.341141 0.273133 0.336814 85.404589 94.559725 94.559725 3173924.907385 308.462850
440.343849 237.183938 1.326705 0.238698 51.371009 54.918385 54.918385 2891024.608905 1391.686987
169.948088 41.128750 0.294416 0.441216 89.173798 93.549879 93.549879 897463.077424 1545.713099
124.802668 153.518434 0.365199 0.210774 70.577931 77.502667 77.502667 5217486.405000 1811.078979
155.354927 188.539954 0.488110 0.226058 70.713870 75.247133 75.247133 3043970.680317 2629.029356
228.763478 251.587791 0.808712 0.201876 62.571252 65.886498 65.886498 2135893.640144 2642.020365
393.423484 187.174253 1.024127 0.424847 55.361742 60.387608 60.387608 4284422.729258 1013.049552
360.505958 141.598239 0.787860 0.359519 69.887446 -1.000000 69.742126 7183.530907 -182515.223640
381.661268 305.370780 1.427300 0.263459 54.382899 54.806367 54.806367 81990.239337 22104.401475
464.123947 269.751426 1.541251 0.169111 46.978912 51.510475 51.510475 4600106.243146 697.418945
227.834091 244.744970 0.818792 0.346296 45.803359 60.872759 60.872759 22465785.225322 45.162928
402.090564 308.082268 1.507399 0.183344 43.811736 51.169045 51.169045 10360989.111933 354.554593
95.760899 125.348049 0.270706 0.140986 57.144033 71.069780 71.069780 12156929.355789 827.749620
257.511516 368.015953 1.442902 0.094822 42.240776 49.660521 49.660521 11757024.875343 587.972850
142.929607 214.739054 0.594755 0.192607 34.543323 42.642706 42.642706 10922775.493075 3724.851558
152.422118 190.997515 0.570335 0.500192 51.371564 62.373314 62.373314 12636405.303727 657.051343
332.698221 246.044212 1.002209 0.094562 58.013973 62.049664 62.049664 2476275.073180 1279.158883
88.739969 88.523963 0.276324 0.444318 82.547716 86.257671 86.257671 1394979.026331 4617.659984
248.343448 360.311002 1.430468 0.272135 34.388864 43.627280 43.627280 20847424.456800 574.674833
267.344039 31.204220 0.437422 0.442610 82.984527 84.532354 84.532354 228250.909600 6366.144894
341.405300 146.209213 0.714600 0.127803 62.648352 69.915359 69.915359 5299598.748576 438.146962
104.419315 143.577785 0.303729 0.108199 56.736254 69.530020 69.530020 11910031.437457 920.483865
311.649075 149.933960 0.688327 0.386387 69.236508 71.637422 71.637422 870130.731961 3623.021931
323.599548 380.271073 1.679524 0.166724 44.214023 48.709661 48.709661 5584051.753551 1037.670090
121.726054 150.041670 0.357584 0.288218 87.872955 88.334806 88.334806 75605.069105 44995.961329
189.990792 95.442955 0.313981 0.193354 87.427516 91.503095 91.503095 1142554.894253 2151.048244
138.321683 186.880642 0.526117 0.405208 57.258903 62.555124 62.555124 5549000.773113 2686.852447
200.804630 262.918850 0.825344 0.232998 54.565014 60.783526 60.783526 7348650.974011 1353.909936
237.000912 229.513725 0.758833 0.335885 65.985708 68.300329 68.300329 1084946.784502 4290.919281
150.451591 17.649101 0.247281 0.372825 94.026904 97.897166 97.897166 654691.066363 2064.523871
118.769671 101.862321 0.287067 0.321830 67.206831 84.637336 84.637336 12050334.542035 226.772780
205.349458 290.424552 0.996065 0.342329 42.348265 50.173166 50.173166 13755411.351370 1046.034436
281.631656 204.437542 0.794021 0.463896 51.163698 64.398773 64.398773 16359687.315625 185.886453
278.981879 179.333503 0.699201 0.485500 72.890035 -1.000000 72.704528 10574.838932 -148545.009788
336.626315 273.527031 1.143892 0.186811 54.800550 58.268290 58.268290 2544620.100378 1677.594835
278.992813 254.879555 0.945872 0.421013 64.254339 64.682109 64.682109 66716.877446 27902.428872
231.948598 283.610495 0.971982 0.283642 54.754371 59.376643 59.376643 4762882.427765 1687.961293
115.735114 104.366121 0.301090 0.399128 83.544010 88.290998 88.290998 1721218.551302 2635.945540
210.003409 312.162243 1.089252 0.236144 44.555545 48.266882 48.266882 6434514.004952 3444.776809
225.044052 337.043722 1.185288 0.063724 58.141131 58.562349 58.562349 102315.421268 30026.748606
274.704961 344.477355 1.378243 0.309244 42.702287 50.173827 50.173827 12633013.765015 609.726719
218.454910 196.172671 0.650180 0.464884 54.850382 67.982620 67.982620 14425654.791651 200.405097
62.620083 31.349289 0.233205 0.457520 32.072749 73.522125 73.522125 22604769.318745 149.056910
188.233336 4.717326 0.286893 0.359272 85.829684 93.619526 93.619526 2475859.187490 471.528906
330.017915 315.105717 1.339390 0.238574 43.540368 52.610188 52.610188 14244975.840700 334.651710
246.104276 122.038836 0.493153 0.409292 80.144850 81.324210 81.324210 181024.776677 9730.207346
43.867691 32.099585 0.224545 0.430924 64.960322 67.520390 67.520390 1230295.167604 31995.877958
105.029113 109.278846 0.299345 0.357305 72.568992 81.341566 81.341566 5325727.051059 1331.089510
132.893157 117.825569 0.314287 0.281848 67.237601 83.672396 83.672396 12222575.735595 236.926910
206.783674 297.340746 1.007251 0.234908 43.396140 50.799749 50.799749 12839971.929510 1141.388677
170.404774 26.941156 0.282992 0.417481 89.248821 94.407659 94.407659 1150892.698553 1084.254037
48.718951 56.371114 0.113943 0.064132 59.156783 77.561566 77.561566 10088436.484697 895.001581
259.607801 341.365933 1.284226 0.125895 56.787865 57.169931 57.169931 71866.871170 28518.990887
401.762930 180.892034 0.992581 0.156634 56.902397 61.828326 61.828326 3712583.131494 1006.775683
368.992796 202.196692 0.976283 0.367384 64.633124 -1.000000 64.608894 361.284750 -931141.065855
164.224052 160.521400 0.487581 0.522518 65.739886 74.614158 74.614158 6497990.762280 814.674934
309.029621 131.561915 0.634620 0.341823 71.078573 73.725303 73.725303 949970.192188 3152.271982
206.933569 301.630020 1.025682 0.283923 52.336067 54.361344 54.361344 2535039.573472 7037.941202
105.978388 100.897361 0.258427 0.252627 71.226919 85.151700 85.151700 9166848.098828 541.885754
108.498858 68.813155 0.260627 0.424165 77.436860 90.063180 90.063180 5758617.364254 438.306752
264.498697 220.940659 0.791642 0.379172 62.736329 66.586769 66.586769 2457586.907260 1996.720327
412.830767 218.169001 1.176261 0.339615 52.335063 57.138944 57.138944 4485043.822440 998.759242
344.809035 323.207119 1.413433 0.209132 48.049624 52.696118 52.696118 5051047.338527 1085.577921
65.893374 73.214943 0.201659 0.251609 83.942452 85.417636 85.417636 661159.184311 23272.984385
274.381428 110.577495 0.535613 0.458226 79.904704 -1.000000 79.643863 13569.522295 -120572.969309
180.428759 165.871764 0.491615 0.422562 75.735244 78.794418 78.794418 1176251.228157 3618.164596
189.822753 212.252179 0.577409 0.089960 58.248213 72.344198 72.344198 14338733.563011 206.077084
245.341337 298.095632 1.038022 0.124707 51.777787 58.578863 58.578863 7650708.675039 738.382482
343.989406 132.685433 0.736655 0.370262 58.182212 67.924071 67.924071 9214785.174814 303.060595
308.023051 216.342420 0.869993 0.379499 62.981952 65.336182 65.336182 1105737.515721 10257.173770
340.359188 253.495774 1.082146 0.368678 61.969610 -1.000000 61.922801 1379.304866 -471203.506363
237.375187 189.785951 0.645443 0.484693 75.315015 -1.000000 75.255619 1372.542924 -477563.994323
179.642675 246.177793 0.749596 0.265924 43.698866 55.723651 55.723651 18745391.099701 491.347745
102.360665 114.967036 0.295134 0.284681 61.021507 75.590266 75.590266 11600281.481939 608.679589
259.624599 380.867561 1.567399 0.203408 27.001795 41.322109 41.322109 35858562.795763 203.533473
429.513602 213.513952 1.199544 0.221354 53.537966 57.280854 57.280854 2882772.423759 1422.348001
215.811932 312.087438 1.059218 0.150755 54.749752 57.081977 57.081977 2209581.368812 4711.534656
244.587144 179.442002 0.577764 0.134266 57.982983 73.667788 73.667788 16252272.624313 45.042296
252.157665 118.771224 0.476669 0.284158 78.014300 81.095446 81.095446 971897.710960 2795.390843
347.602945 345.503435 1.547596 0.204158 37.148460 49.408617 49.408617 24029266.533301 87.454728
76.425008 5.609931 0.221373 0.456351 65.189924 88.636862 88.636862 11388409.832222 126.573281
230.900082 238.810921 0.796496 0.467603 67.778501 68.494167 68.494167 156878.137669 17673.869436
234.530642 303.222558 1.049334 0.160806 52.927167 57.864435 57.864435 5290826.084667 1489.282950
114.728979 117.394733 0.289700 0.238350 66.052438 81.773871 81.773871 12078665.805535 379.765768
256.610474 328.739363 1.231450 0.208173 50.154809 54.434138 54.434138 4832633.278884 1668.379909
388.077460 146.774696 0.881241 0.301150 59.762940 64.467910 64.467910 3325814.418817 1188.222349
361.587714 208.828522 0.948171 0.136923 65.200852 -1.000000 65.089444 4768.022690 -224095.047840
433.984020 326.009617 1.694343 0.133907 51.431377 -1.000000 51.394135 1050.916265 -513157.148599
182.498936 203.402315 0.535603 0.086153 60.170236 74.286889 74.286889 13573315.856102 185.970687
132.105411 170.486540 0.452468 0.438442 79.395920 79.967551 79.967551 173991.549616 35584.233578
378.431534 285.100161 1.328559 0.223969 42.268435 53.273042 53.273042 18020868.243786 110.332097
398.224163 351.575383 1.721169 0.132220 44.262665 49.022214 49.022214 5370522.401658 676.573776
137.010496 196.035145 0.527612 0.263376 52.979220 57.703765 57.703765 5661494.086398 3903.573224
157.496467 201.089733 0.525516 0.169317 55.369461 68.014855 68.014855 14656356.091067 555.052395
233.177851 245.077816 0.768053 0.106354 69.875280 70.262462 70.262462 40582.465738 31680.481952
276.548724 227.668936 0.790376 0.082303 61.450330 67.594569 67.594569 4134696.154127 549.894301
91.984684 121.519763 0.285800 0.223108 68.110505 72.252641 72.252641 3110749.866423 5540.125202
153.446495 221.182036 0.668537 0.392249 43.936649 49.818784 49.818784 8321678.528203 2955.689290
120.009892 179.828824 0.397291 0.059922 40.206764 56.203360 56.203360 16412233.706821 796.849744
292.050797 159.414318 0.620304 0.124594 67.868783 73.673437 73.673437 3352385.482674 946.826406
51.299271 57.319363 0.242613 0.394057 48.303861 54.885078 54.885078 3731042.519368 10320.240537
52.390289 34.324267 0.134905 0.190351 107.816761 108.119561 108.119561 37079.757584 102600.403910
303.548847 166.177661 0.700183 0.302688 62.824705 69.510595 69.510595 5038925.634963 752.107356
122.431465 123.359177 0.272680 0.149154 85.517740 91.057321 91.057321 2359264.714069 2176.457074
153.293833 200.806310 0.584119 0.395983 48.656052 59.993054 59.993054 14294926.314230 757.169293
299.430366 84.119047 0.570224 0.523625 65.394819 75.106676 75.106676 6690528.635129 229.880903
259.020788 198.188350 0.695073 0.345600 69.901416 71.543563 71.543563 504819.880831 6363.340592
144.190349 198.104559 0.552186 0.422399 68.117319 69.114757 69.114757 697245.263838 21287.792278
346.947957 236.424041 1.002301 0.104262 62.852051 63.417835 63.417835 82308.258408 16512.764535
80.330685 89.725630 0.253026 0.288568 42.784922 67.496113 67.496113 18478274.912211 265.489616
236.916973 329.226148 1.195397 0.170668 47.111458 52.909761 52.909761 8346961.482749 1198.187493
219.914221 149.025698 0.447042 0.122212 75.676833 81.813539 81.813539 2992587.812260 1013.639339
212.928746 305.782808 1.058778 0.393010 56.688534 57.484776 57.484776 628331.590119 18468.719091
323.880506 358.208720 1.544479 0.210863 51.422018 52.379597 52.379597 394643.824947 8772.054152
220.325210 62.923945 0.333319 0.240704 86.439265 90.393128 90.393128 1049850.261642 1990.615843
267.683832 139.642012 0.571305 0.399652 72.648718 76.027551 76.027551 1311941.412810 2359.005775
307.722905 384.491490 1.648918 0.108168 52.041485 -1.000000 52.013628 706.025830 -673429.044390
197.798748 262.704389 0.825321 0.293065 59.465463 62.571879 62.571879 2744703.429783 3422.682127
271.968100 339.156953 1.324771 0.266245 51.216388 53.869656 53.869656 2367158.351191 3014.526895
116.346770 125.690785 0.311201 0.259641 70.587982 81.011733 81.011733 7372527.998974 924.654589
301.736296 181.005731 0.726929 0.304791 71.962523 -1.000000 71.807282 7963.162824 -173849.528356
429.854555 321.563691 1.661804 0.165799 50.081827 51.047759 51.047759 352265.035927 7796.223364
297.075713 405.909826 1.765096 0.092242 46.652252 48.727201 48.727201 1515313.625226 2982.292661
423.408214 229.996036 1.255876 0.317784 45.425354 54.746369 54.746369 13472036.574002 267.113842
67.053752 66.009293 0.251287 0.488920 88.373547 88.770485 88.770485 101333.444587 106499.150947
291.205088 126.684466 0.543067 0.135215 76.444502 78.483896 78.483896 506166.560951 4415.040196
68.965381 73.061990 0.278172 0.486737 57.522985 66.865583 66.865583 5606193.370010 2021.893782
184.400849 149.997471 0.456024 0.438549 83.328806 83.820109 83.820109 42085.844003 30925.486812
352.885416 289.930274 1.260150 0.162391 53.875863 56.460039 56.460039 1614821.131458 2389.407714
370.035808 325.102018 1.481791 0.131371 52.162888 53.447788 53.447788 519782.698527 5293.719643
226.158286 315.829941 1.145057 0.345862 44.963813 50.844866 50.844866 9757891.974405 1403.294443
384.941986 290.181344 1.380850 0.304102 46.801139 52.850783 52.850783 7606770.834024 715.518850
238.501192 331.661921 1.190557 0.135402 57.890271 58.444986 58.444986 158835.664621 21102.230959
279.850676 251.859603 0.931435 0.363038 63.058228 64.243017 64.243017 388313.215391 8693.883872
200.859531 201.173820 0.630163 0.401173 50.910962 67.081613 67.081613 19900068.397120 105.650430
77.725556 85.876415 0.175600 0.106265 62.187182 84.142514 84.142514 15432929.899565 264.174752
424.962735 198.277668 1.123486 0.188983 59.677010 60.391658 60.391658 151031.141982 12508.933733
155.722541 23.148518 0.255915 0.377025 90.975636 96.580127 96.580127 1265515.905957 1066.855625
423.082564 215.561095 1.169331 0.143955 59.056237 59.595847 59.595847 89770.889243 16826.805331
239.299886 241.417887 0.805304 0.336868 65.975225 67.451453 67.451453 539857.945823 7334.929327
246.742477 322.035924 1.181073 0.361432 58.594474 58.924646 58.924646 72477.489683 37902.700192
49.229349 49.173582 0.265205 0.511262 45.232039 53.880062 53.880062 4541858.127908 6995.776171
331.930730 258.162397 1.069295 0.285929 62.221805 -1.000000 62.155881 2484.927276 -335666.336519
102.389987 127.142609 0.337963 0.336508 56.605689 67.690282 67.690282 9514498.377047 1104.796670
238.766495 233.238862 0.807067 0.453238 53.818138 63.065613 63.065613 10598628.100112 509.990724
245.369064 196.390774 0.677876 0.372614 59.542240 68.667739 68.667739 8542707.067743 517.521661
285.453767 112.831522 0.496273 0.100824 78.016068 80.793168 80.793168 748549.662450 2656.858777
380.303196 209.139363 1.052354 0.380224 47.510366 58.507687 58.507687 15226194.715019 174.823923
193.947770 225.240239 0.666152 0.334885 72.631743 73.180426 73.180426 99693.185256 26758.797461
138.978909 192.669437 0.509601 0.315831 69.037030 70.248593 70.248593 885126.780186 16685.104849
299.489672 392.849811 1.677843 0.055016 51.471425 -1.000000 51.336477 8961.456632 -154293.588988
302.827722 308.798139 1.230632 0.293614 57.207265 57.882736 57.882736 186540.768262 14838.329189
168.804458 6.609665 0.275789 0.426202 96.705871 97.226053 97.226053 19698.355311 27194.655610
225.719709 164.326251 0.571183 0.517326 72.975387 75.839306 75.839306 1025574.521823 3553.224714
406.787052 269.286025 1.347905 0.325761 54.725162 55.677562 55.677562 323936.604027 7889.247111
287.808780 342.909453 1.372419 0.317011 56.250925 56.271719 56.271719 470.504322 638678.974529
256.061589 170.881411 0.633480 0.468142 70.768858 73.406096 73.406096 978015.224198 3467.216776
50.078678 0.697677 0.190436 0.341633 61.331274 76.220960 76.220960 7627644.979741 815.851721
363.933776 132.588319 0.787836 0.438739 70.197121 70.212975 70.212975 128.160064 1014996.225926
291.797615 264.808951 0.968958 0.056758 61.590165 63.762904 63.762904 699360.716773 16122.777805
370.651882 154.580497 0.841017 0.262809 61.379360 65.771841 65.771841 2855990.246674 1341.245255
240.212274 283.287857 0.990761 0.314013 53.940288 58.965374 58.965374 5351890.276231 1490.502714
201.540372 0.401750 0.316097 0.411580 87.471488 91.939987 91.939987 1010400.640056 1351.898964
407.529597 208.618693 1.106670 0.272279 61.353268 -1.000000 61.272501 3399.729168 -281454.822728
130.380644 79.961337 0.296068 0.493969 95.199572 -1.000000 94.913317 9601.272336 -127893.089248
113.892113 0.154007 0.190363 0.291753 102.662627 104.463490 104.463490 166056.943654 7544.386647
278.744349 161.864138 0.640146 0.387827 72.997605 74.237170 74.237170 265705.510202 8755.316567
295.995040 156.252196 0.683042 0.450024 62.373389 69.926704 69.926704 5793285.525042 549.299779
64.797166 52.537623 0.196609 0.334224 96.519598 97.612659 97.612659 218117.759168 22647.276853
118.012845 53.381991 0.217877 0.301496 94.882428 99.290354 99.290354 934410.610743 2396.828224
112.778104 98.021531 0.280175 0.384149 93.289853 94.517494 94.517494 165978.492291 14150.126520
198.134608 270.414617 0.884492 0.404958 55.644662 58.839881 58.839881 3464105.268313 3385.247207
396.993073 225.555901 1.143223 0.312653 56.632783 58.849064 58.849064 1199370.221490 3532.834893
50.131568 27.292050 0.161548 0.275370 99.389949 99.779305 99.779305 79174.630037 97848.471821
144.381034 180.729483 0.517042 0.468990 62.488843 68.281366 68.281366 5063668.336502 2061.275972
148.408034 176.194264 0.444206 0.285103 84.409227 84.608057 84.608057 14295.944684 96976.829278
214.726996 314.719076 1.058162 0.151478 61.637261 61.769664 61.769664 20659.538071 113401.215571
31.935887 17.682747 0.174972 0.263963 55.438720 58.332114 58.332114 1483461.146439 53399.463542
108.532727 110.677392 0.231155 0.139955 97.235790 98.724698 98.724698 250802.943307 12190.507902
185.422190 260.110226 0.798780 0.229414 51.562673 57.682906 57.682906 8346057.199349 1702.879129
329.547934 278.569997 1.163102 0.258410 48.184453 56.192102 56.192102 10491450.475150 381.648399
254.362612 96.324275 0.478516 0.464194 79.559805 81.654837 81.654837 444345.757770 4435.071064
203.065606 253.340440 0.749808 0.120805 71.293383 -1.000000 71.229965 2107.652325 -393462.775272
260.191388 397.072178 1.636089 0.074439 34.814306 42.782160 42.782160 16421243.392438 753.333163
334.284050 256.225844 1.101268 0.386499 41.201476 56.461808 56.461808 26121205.361829 44.457417
158.356373 224.425480 0.674556 0.449274 57.357187 59.135508 59.135508 1954167.386896 11716.307956
152.306689 214.565765 0.541210 0.170426 79.757749 79.784577 79.784577 1138.772382 766239.809717
101.579095 140.832956 0.345536 0.258260 64.085180 66.212663 66.212663 1799862.177420 17494.400983
215.133336 181.590386 0.569600 0.372400 76.073438 77.155851 77.155851 214572.255361 11944.032786
285.896392 210.966385 0.769696 0.201170 68.213166 69.426779 69.426779 309873.490462 8492.300022
420.970312 214.226733 1.180725 0.366647 59.792595 -1.000000 59.729288 2378.263000 -349274.567181
352.631427 185.999228 0.871918 0.224864 54.742965 63.786394 63.786394 9547235.283586 361.961375
430.195900 213.276673 1.224563 0.357671 45.833703 55.303265 55.303265 13522923.003186 236.208809
248.199083 130.637182 0.523274 0.455919 77.193875 79.151676 79.151676 459597.222650 5077.765015
393.171083 170.851056 0.965032 0.408636 63.471573 64.130475 64.130475 122745.292062 15726.414549
264.462990 20.555022 0.394064 0.283264 86.549566 87.596110 87.596110 114941.290189 11213.167240
331.201183 362.538758 1.570738 0.044648 52.996255 -1.000000 52.848806 7672.110020 -156685.820210
256.061043 262.912484 0.927599 0.278782 52.508139 60.467711 60.467711 9480805.006584 626.756348
170.344060 118.131851 0.320879 0.174396 83.511021 89.561219 89.561219 2436717.711802 1289.687758
314.676532 275.048413 1.112787 0.266204 43.646671 56.356883 56.356883 20480027.890573 134.167394
112.226134 149.694418 0.388006 0.387695 76.260256 76.587928 76.587928 174813.081462 146081.772451
158.803135 75.061579 0.246264 0.201958 100.441728 -1.000000 100.357039 1045.516836 -431089.617940
193.422346 67.654570 0.271716 0.157094 97.950088 -1.000000 97.816968 2413.962946 -279571.796987
277.350746 423.924719 1.849759 0.095750 43.164768 44.875160 44.875160 2152412.292133 5939.647306
114.464667 164.459951 0.457260 0.367185 46.095081 50.421738 50.421738 4613988.310772 10083.497562
350.696164 131.213936 0.726918 0.229843 60.524443 68.747414 68.747414 6990564.467115 368.496959
44.210822 14.341527 0.166663 0.277484 81.516042 84.526111 84.526111 1243625.892477 10330.779276
148.036718 160.108685 0.426901 0.389292 84.068269 84.680952 84.680952 83541.920820 28019.356810
202.254117 58.905651 0.354549 0.475256 86.775099 89.446310 89.446310 461735.569814 3142.744269
361.041941 168.557697 0.856071 0.290392 57.200296 64.457460 64.457460 6666193.948405 524.847960
199.153446 188.147924 0.536706 0.198751 70.060807 75.578773 75.578773 3414977.928187 1445.097512
228.524302 229.053984 0.715988 0.174060 65.192400 69.112953 69.112953 2394975.882570 2069.600791
390.481782 178.791584 0.962053 0.279559 63.593721 64.245738 64.245738 119261.878504 15787.406453
390.251400 140.753203 0.883111 0.347113 56.941035 63.818289 63.818289 6192591.243488 573.509750
183.524963 185.871163 0.568834 0.521111 70.798100 74.135489 74.135489 1619042.291455 3317.540947
199.301968 259.367134 0.808407 0.350376 66.961345 67.536817 67.536817 161084.146836 25101.207746
363.276355 177.159542 0.901778 0.391364 56.055445 63.040832 63.040832 6565131.670882 647.609073
181.545449 83.428912 0.276464 0.163589 93.824510 95.856862 95.856862 308808.845485 5663.009718
53.071420 42.921934 0.188004 0.278312 63.842438 73.887580 73.887580 5584204.244705 1912.360295
235.196630 174.179976 0.590236 0.407870 74.924275 76.181779 76.181779 269231.571451 9404.989872
259.281205 62.162507 0.457039 0.516218 82.045813 83.436541 83.436541 191470.780968 7212.822228
193.108001 267.220871 0.836244 0.377106 66.094438 66.427244 66.427244 97981.559979 48167.579161
218.497486 14.683333 0.361269 0.499104 84.292428 88.646454 88.646454 1025246.824537 1246.803131
302.007098 159.679395 0.651147 0.181142 73.512765 74.310922 74.310922 120530.143768 14217.518166
192.253536 247.832069 0.766110 0.261563 43.677434 58.476837 58.476837 23094730.694968 273.939549
172.265909 153.514177 0.397152 0.154288 66.188460 81.151389 81.151389 12589917.888880 210.012107
82.891246 60.514259 0.237990 0.450832 96.102316 97.370813 97.370813 158938.439437 15173.779192
165.646299 195.603191 0.515268 0.225017 75.165260 77.311857 77.311857 880652.147388 6249.970879
176.425947 270.505429 0.872105 0.235047 35.588151 37.343246 37.343246 3013689.253888 61806.749991
152.304060 63.672995 0.258939 0.302164 88.806936 95.283009 95.283009 1928883.077951 1067.719855
380.358506 137.980334 0.833286 0.321458 67.480099 68.030928 68.030928 77303.838527 19851.085584
159.067352 23.949787 0.234575 0.275459 87.308471 97.680219 97.680219 3697468.317149 271.048110
302.838235 172.968296 0.699516 0.262130 73.222990 -1.000000 73.166800 1221.600393 -468761.857910
159.739996 7.718228 0.266800 0.427833 97.990008 -1.000000 97.675287 8243.532230 -126899.504681
277.873608 248.659088 0.895947 0.200288 59.558816 63.671556 63.671556 2947252.671797 1635.526929
50.150044 17.050971 0.155588 0.280614 106.609761 106.729657 106.729657 10309.396292 280225.668675
126.060804 174.925174 0.519547 0.468838 36.638440 49.317190 49.317190 14429299.667690 1149.342418
199.413217 237.487911 0.739916 0.336616 56.158725 63.626932 63.626932 8296453.082004 1012.237769
283.234497 354.077435 1.439927 0.233803 41.315636 49.634550 49.634550 14584759.378656 462.846206
238.956214 138.928157 0.469095 0.176208 78.587670 81.572493 81.572493 939547.883760 3076.802406
434.213585 197.825189 1.161829 0.232669 57.245857 58.917218 58.917218 708916.126595 4623.456285
125.474615 139.982812 0.384190 0.409984 68.946363 76.630696 76.630696 5326425.037317 1461.493924
348.304530 335.641152 1.474982 0.104453 47.451602 52.449463 52.449463 5007169.404411 530.597122
338.019642 236.277114 1.022174 0.412894 59.464839 61.487221 61.487221 978978.762818 4005.770459
405.502462 166.451372 0.978444 0.237333 54.246689 61.396370 61.396370 7093106.301316 450.141158
128.625050 172.719270 0.472038 0.454511 71.497549 72.408354 72.408354 557302.795824 26152.938497
76.755407 70.909020 0.277308 0.532038 73.987502 80.216282 80.216282 2809447.882037 2565.772888
323.081771 235.903602 0.995845 0.421915 46.574901 59.035293 59.035293 18056272.551015 172.313384
221.615099 246.390830 0.796755 0.269579 53.084539 62.722270 62.722270 11844337.982103 567.888301
77.584912 72.585727 0.224497 0.327865 83.567358 88.375108 88.375108 1975935.502262 3613.491203
236.977467 242.050452 0.814859 0.332290 56.089683 63.476883 63.476883 7774528.530307 862.254973
227.491375 315.398611 1.092977 0.228238 61.132741 61.264421 61.264421 15228.102658 106552.064209
268.886541 300.696748 1.102405 0.158596 54.319620 58.347760 58.347760 3447826.206767 1627.054207
195.416152 236.686374 0.733494 0.329062 52.700282 62.360599 62.360599 12171313.343254 647.277443
143.720086 172.948251 0.457148 0.291210 59.894832 70.725891 70.725891 10680867.240419 734.098846
71.057348 81.692823 0.297401 0.465539 5.620960 51.283915 51.283915 21217689.525917 534.861352
235.444079 98.885935 0.378715 0.152130 42.921432 -1.000000 89.811159 53146198.650083 -181.249518
112.080660 138.046520 0.322603 0.225732 75.654161 80.538113 80.538113 3091913.590981 3162.468974
183.279221 252.369556 0.734088 0.127487 54.921326 62.513716 62.513716 9000358.062346 1108.859641
125.976271 137.832041 0.309714 0.179130 89.247152 90.985000 90.985000 418385.331094 9558.774623
163.050644 148.280349 0.368332 0.147050 77.598896 84.774987 84.774987 3870216.481508 928.529127
210.199168 38.679995 0.338822 0.426450 92.102125 92.323660 92.323660 5507.763631 70436.370594
236.066342 304.844738 1.057486 0.188976 58.601023 60.129686 60.129686 805776.354252 6786.543471
128.929885 75.854417 0.278516 0.448237 35.363743 -1.000000 97.699511 48536284.472222 -161.130426
143.310859 105.472164 0.330933 0.450145 90.735415 91.632901 91.632901 85364.781534 17059.662789
416.499861 294.938283 1.483860 0.228554 54.456711 -1.000000 54.431001 551.264682 -739532.200984
245.759594 143.130090 0.536161 0.381779 69.762452 76.363258 76.363258 3862861.938640 881.856847
308.254224 277.309478 1.105547 0.305214 54.114051 58.254828 58.254828 3644634.463351 1442.004989
200.031503 190.871457 0.604860 0.492216 65.669571 71.474537 71.474537 4011767.345936 1361.734862
288.897432 133.486265 0.618400 0.463695 64.682237 72.654237 72.654237 5631609.566604 426.821850
230.939803 269.488369 0.899387 0.212244 49.399210 59.797333 59.797333 14362709.849546 419.964809
367.769024 198.753482 0.962797 0.321743 61.234310 63.216484 63.216484 856180.352968 4278.575731
359.756428 157.747774 0.797524 0.153792 65.020743 67.943402 67.943402 1297369.139293 2498.060648
157.751148 58.324465 0.295017 0.453400 90.576130 93.681224 93.681224 516569.933378 2881.344863
174.500271 161.339825 0.468617 0.420085 80.248800 81.643706 81.643706 298651.902823 9823.800523
325.760544 319.804052 1.343153 0.313301 56.678114 -1.000000 56.621370 2518.096102 -354672.651744
173.082029 215.402420 0.610491 0.307584 67.697415 70.727228 70.727228 1966986.593656 4100.719358
386.991209 281.382583 1.319130 0.156896 55.694121 56.463886 56.463886 196601.135096 10607.506295
247.661115 346.856118 1.314665 0.179159 45.956515 51.113123 51.113123 7552529.498893 1439.183539
336.542726 125.063642 0.690622 0.343142 69.139755 71.625047 71.625047 910469.971763 4979.130571
313.201349 217.312414 0.895636 0.462567 63.467262 65.075342 65.075342 584964.218093 5751.516282
328.736748 244.508706 1.029302 0.361907 54.085805 59.669271 59.669271 5401293.464841 959.912372
190.810369 249.881403 0.726010 0.113110 60.349776 66.148260 66.148260 5197962.980974 1480.603255
240.935241 289.228979 0.978385 0.134811 63.863591 64.109698 64.109698 25596.731681 51150.336909
210.874162 313.684448 1.105781 0.229408 38.080198 44.843400 44.843400 13331836.805202 1636.967117
217.074181 221.644497 0.647371 0.078172 70.645866 73.299900 73.299900 927721.387562 3089.451107
303.034081 275.096461 1.099582 0.383090 49.207161 56.908184 56.908184 9902583.700587 524.254139
102.244688 58.310794 0.237843 0.403027 91.274952 95.852612 95.852612 1068454.389229 2534.462171
172.542347 192.469291 0.561158 0.434006 69.033953 72.972111 72.972111 2390520.194605 2815.047053
190.760029 254.284999 0.770082 0.304949 67.278794 68.042242 68.042242 275100.081022 19234.383231
119.316430 128.758254 0.302450 0.205052 73.802154 83.439615 83.439615 6472067.672192 990.289558
354.810632 305.341576 1.354305 0.222469 45.798821 53.073555 53.073555 9918784.311935 454.943069
108.334770 132.646708 0.399668 0.509488 44.613876 61.456488 61.456488 15304779.970461 553.470548
93.195559 121.882777 0.364822 0.501231 60.834845 63.734942 63.734942 2144066.905576 12308.628322
76.465054 88.167172 0.281841 0.446425 71.650232 74.670977 74.670977 1633941.390734 9010.755443
236.417176 275.707095 0.931847 0.227124 57.737161 61.618725 61.618725 3237351.912237 2099.529494
116.225131 86.802920 0.231072 0.243360 99.067827 100.098470 100.098470 101535.854976 16879.112851
351.675591 173.030004 0.831392 0.242301 61.783861 66.052149 66.052149 2723150.378534 1397.785271
98.150567 82.997257 0.226199 0.298841 102.135506 102.234693 102.234693 1893.230219 232620.805061
227.982420 317.577444 1.167769 0.381534 42.069762 49.298696 49.298696 13108980.530468 982.541446
321.736038 108.517395 0.644896 0.435693 58.446319 71.292405 71.292405 12235151.159393 99.009175
308.069047 82.623514 0.582821 0.492068 63.989345 74.413728 74.413728 7765832.082930 190.155713
46.317224 21.931704 0.174250 0.273962 64.280623 74.680229 74.680229 5459419.218577 1912.647982
224.497860 272.773355 0.878068 0.122887 59.234888 63.473416 63.473416 3250345.763009 1728.320213
251.989116 284.730042 0.982567 0.141568 62.214846 63.178355 63.178355 273800.704863 11001.398904
242.839041 363.381910 1.408939 0.287861 51.308158 51.562961 51.562961 210755.938570 67163.778244
365.507902 183.146981 0.903414 0.244217 54.785357 63.004910 63.004910 8457347.603013 433.590385
288.106057 382.867665 1.616153 0.184669 41.081409 47.646436 47.646436 11108702.385552 711.274811
71.064952 84.328733 0.291797 0.480908 60.881502 65.150967 65.150967 2619522.872093 8682.076437
285.835769 125.563529 0.551386 0.243067 74.142642 77.281509 77.281509 1139091.737891 2625.766240
224.858383 47.711262 0.381510 0.496268 88.618636 89.019250 89.019250 17116.592548 34957.546526
198.002359 195.587913 0.567385 0.249893 70.089752 74.358526 74.358526 2435113.896678 8907.409729
291.732456 288.455962 1.076920 0.071427 61.916827 -1.000000 61.754680 9073.629930 -153349.275167
261.235663 153.364458 0.599114 0.494812 77.041499 -1.000000 76.866856 7863.560250 -166245.749855
167.526303 185.784132 0.518407 0.334647 68.346937 73.910713 73.910713 3917352.564236 1947.086373
344.803752 146.552560 0.751492 0.321842 69.814534 70.543092 70.543092 117082.994847 15187.305415
426.278893 321.328159 1.643954 0.107394 47.942230 50.766358 50.766358 1989175.506470 1393.766039
135.447757 131.743503 0.386615 0.492787 76.059823 81.536293 81.536293 2593166.539882 1968.252818
374.522027 164.207645 0.882288 0.277201 55.706898 63.651348 63.651348 7843379.313621 503.404755
383.951732 245.672589 1.155691 0.150345 58.501715 59.506756 59.506756 277022.443500 9720.326309
322.381276 248.531452 1.019959 0.306005 55.068475 60.114849 60.114849 4553185.548094 1153.673705
308.060533 366.155211 1.553986 0.174173 46.249607 50.360704 50.360704 4683869.410406 1322.919329
207.845871 266.602058 0.806138 0.058887 66.398773 67.983581 67.983581 452737.650228 5906.462522
370.015042 310.108557 1.415346 0.220048 52.150813 53.974744 53.974744 1032301.240084 3750.768110
400.890806 207.217910 1.078823 0.256952 61.942313 -1.000000 61.840573 5020.887132 -229191.838075
180.529005 226.652487 0.699410 0.422327 51.099182 60.971771 60.971771 12694733.121133 730.595753
431.954560 314.872980 1.634156 0.169523 50.807887 51.559617 51.559617 223990.267117 8977.593652
217.275591 149.411389 0.512091 0.467923 77.239901 79.342138 79.342138 542274.971364 4874.023072
194.894432 101.491729 0.359534 0.315555 84.202819 88.012801 88.012801 1080153.772190 2365.138668
138.649296 192.960239 0.481801 0.237520 76.624997 77.058880 77.058880 185496.489617 52175.454325
254.346433 252.695682 0.848304 0.149184 66.299485 67.136614 67.136614 182135.067402 13136.636093
163.901979 252.463090 0.799578 0.259647 23.401931 29.163891 29.163891 7928792.103403 16799.944856
160.735329 163.067322 0.478768 0.504530 74.809860 78.207390 78.207390 1464776.279145 3456.889073
300.927691 346.403516 1.419425 0.275614 55.484510 -1.000000 55.465614 398.072071 -1015245.859059
192.652172 9.982302 0.283959 0.318905 82.844700 93.506722 93.506722 4299950.445085 150.852302
241.671742 19.629612 0.326932 0.180491 90.427825 92.103248 92.103248 231913.777851 6423.207284
217.001922 136.475209 0.435088 0.231959 83.403194 84.574105 84.574105 179599.124233 10889.387621
70.914882 48.125912 0.258841 0.558508 78.521364 84.883901 84.883901 2287377.629924 2327.295609
240.424713 348.660378 1.311417 0.243262 52.421358 53.563004 53.563004 929614.576723 10293.939195
161.524514 219.291526 0.630530 0.413581 67.953873 69.125199 69.125199 709000.193831 14480.166034
89.531602 4.461552 0.166906 0.261734 101.488252 104.954487 104.954487 558240.719269 3990.044112
426.022200 170.808761 1.084208 0.409222 50.730386 58.496190 58.496190 8933072.034182 391.118019
126.954087 176.807654 0.483561 0.353748 54.272417 59.193083 59.193083 5323898.334255 3820.926563
303.179269 362.110085 1.515669 0.252994 53.172181 53.451654 53.451654 49325.117836 38954.172820
207.414493 282.033618 0.921684 0.388757 64.495925 64.761777 64.761777 56736.371186 56469.597931
172.164819 223.742839 0.628196 0.197512 53.850188 64.318065 64.318065 12959653.861757 690.030124
206.050324 37.484536 0.325040 0.393125 93.376519 -1.000000 93.224938 2895.263326 -238519.191489
257.286500 178.619408 0.654427 0.425507 64.895594 70.928598 70.928598 4098489.630830 1066.956087
181.431991 276.040376 0.915567 0.238289 6.993307 30.519457 30.519457 28241694.128508 1370.423801
391.280806 316.524695 1.517315 0.215637 47.468208 51.526976 51.526976 4131650.848591 1216.951187
237.914340 167.592805 0.564396 0.354677 78.878588 78.945793 78.945793 1411.686581 246038.598777
307.729810 224.426317 0.893006 0.281055 46.411685 61.777999 61.777999 22501669.849101 51.004462
231.623761 171.378988 0.585060 0.442047 73.179912 75.523090 75.523090 774044.656600 4264.163180
295.048241 92.753856 0.546918 0.425297 78.163399 78.968618 78.968618 97003.354687 14437.149070
290.220057 296.031172 1.162424 0.331081 43.753539 54.575081 54.575081 17586491.778126 267.915935
59.456229 67.480454 0.285500 0.520943 48.224217 55.923325 55.923325 4466259.279486 6486.878892
64.328048 56.040613 0.248740 0.427275 26.992479 64.165998 64.165998 21042697.567140 169.137741
356.418085 175.741909 0.837095 0.174267 66.698371 67.641472 67.641472 194381.448057 10217.504181
227.424282 245.728040 0.810720 0.396599 65.120095 66.782987 66.782987 710264.617470 6524.613139
382.702558 207.559267 1.047806 0.419168 59.688986 61.292477 61.292477 641399.573878 5595.649410
183.926910 138.896745 0.363878 0.129197 90.557343 -1.000000 90.466312 1743.653702 -360980.627904
231.011817 310.905104 1.122572 0.287972 36.378206 50.259981 50.259981 27560025.485656 185.050786
260.877367 247.345882 0.838904 0.117277 61.646018 65.765999 65.765999 2574834.863143 1515.879507
81.445140 74.772137 0.201634 0.215908 66.217979 84.274389 84.274389 11779199.613470 400.888339
144.275583 193.041209 0.531957 0.410707 69.575309 71.186261 71.186261 1045664.794501 11052.612452
83.059110 51.065063 0.258639 0.528576 75.179692 86.445458 86.445458 4687478.975812 749.121290
361.394772 156.091670 0.850356 0.458394 57.725404 64.614745 64.614745 5990117.630969 562.329588
211.644205 211.874439 0.617474 0.120855 61.589825 71.408122 71.408122 8838029.827504 423.632063
277.325006 215.832317 0.776572 0.271445 68.983102 69.626073 69.626073 107139.268956 18250.913455
325.996121 177.123014 0.785349 0.296609 59.012387 66.427212 66.427212 6530355.501520 598.025282
179.332743 140.100272 0.380661 0.179807 73.068857 83.532310 83.532310 6885260.670956 498.931212
212.459473 270.318166 0.852568 0.218525 67.274626 67.486752 67.486752 23329.147965 67915.801364
36.023689 3.281990 0.193333 0.349395 66.440744 68.404448 68.404448 931151.052631 59221.648089
178.900913 216.193333 0.679346 0.484406 34.815070 59.225400 59.225400 36265400.600483 81.207817
361.960087 192.181575 0.928504 0.319042 59.125834 63.171515 63.171515 2781930.693332 1359.442624
269.431709 382.134583 1.573095 0.181154 40.882727 46.899398 46.899398 10678987.956407 981.497566
212.972056 225.610212 0.686385 0.236143 67.920464 70.514034 70.514034 1265577.216583 4075.280391
254.926317 212.541157 0.727889 0.252178 55.765207 66.726001 66.726001 12088610.783779 272.894800
353.264036 226.212820 1.037621 0.425068 51.363109 59.078752 59.078752 8871597.346877 531.397877
256.442505 104.287972 0.465287 0.329376 83.850960 -1.000000 83.672361 6341.901167 -179915.912066
308.106234 159.228963 0.663946 0.145807 62.705776 71.266910 71.266910 6802806.867175 385.068530
282.159604 114.508065 0.570861 0.500449 72.257641 76.090870 76.090870 1501122.109764 1799.843056
269.166885 297.041234 1.082693 0.160237 57.438515 59.744115 59.744115 1332430.858324 3630.957456
99.836509 10.886848 0.236288 0.504559 97.827135 99.421452 99.421452 128778.404512 8655.550648
263.595828 205.049228 0.754378 0.445207 54.966619 65.715072 65.715072 11724621.945970 340.316424
332.754531 202.862085 0.839290 0.070703 63.668094 67.087746 67.087746 1439636.771915 1924.795094
374.688799 162.578074 0.862877 0.240064 67.524709 -1.000000 67.374453 8186.529285 -171948.282171
136.422122 190.125362 0.533123 0.335077 43.270402 54.106179 54.106179 13625767.299544 1121.672310
243.385385 335.058577 1.225948 0.219259 58.286858 58.447150 58.447150 21173.398016 80978.808656
146.553132 173.244054 0.491390 0.479882 69.989951 73.982728 73.982728 2495206.077404 3212.418576
252.558153 360.567035 1.403602 0.290197 52.902093 53.555895 53.555895 351419.091792 17878.639288
238.692987 355.562728 1.326344 0.163719 56.406733 56.483648 56.483648 11064.281402 184114.507194
207.185938 32.368964 0.322814 0.377607 89.594419 92.016071 92.016071 378605.450867 3756.371790
399.752063 150.309166 0.931700 0.402517 64.834577 65.264932 65.264932 55254.957196 25537.028990
183.238429 183.464132 0.532985 0.415549 79.048652 79.501196 79.501196 49994.284105 34196.111572
182.227157 238.637959 0.712841 0.343120 64.472509 66.781494 66.781494 1603062.140451 5647.527145
250.772486 266.412964 0.928875 0.254023 51.157748 60.061653 60.061653 11325408.403454 540.882002
225.573522 118.585290 0.441406 0.342041 78.408653 82.528252 82.528252 1472117.099720 1938.445686
328.064040 201.747275 0.868276 0.337158 60.867385 64.765009 64.765009 2524430.984357 1692.431873
287.620450 186.812005 0.725249 0.396579 71.988888 -1.000000 71.828888 8561.222111 -168531.591685
373.051151 213.844124 1.044551 0.377204 50.776174 59.030899 59.030899 9788641.370099 395.739820
269.419315 92.907321 0.466004 0.254089 70.702548 80.196606 80.196606 6079890.689901 311.543049
206.989686 281.516505 0.958806 0.422442 49.248202 54.778548 54.778548 7877315.219416 1618.242446
168.197291 204.054829 0.514496 0.085303 73.828996 77.505992 77.505992 1688216.326573 2780.623004
232.730842 346.859218 1.279628 0.223791 54.972719 55.227578 55.227578 135644.919818 59879.333778
167.065803 207.919058 0.571262 0.245741 63.644634 69.671574 69.671574 5379226.909926 1693.838116
274.341270 311.517155 1.198059 0.360022 52.232186 55.765566 55.765566 3389491.349367 2112.479186
53.654127 4.255847 0.144018 0.240919 105.595797 106.511889 106.511889 120299.219398 27735.697189
244.773817 152.855439 0.559804 0.378976 58.281532 73.653706 73.653706 15187098.156616 95.202491
204.014518 309.442381 1.142112 0.390967 25.331264 32.780244 32.780244 14628875.362169 3992.702636
295.067975 156.738979 0.665762 0.369943 67.164663 71.535758 71.535758 2366824.683837 15944.633069
421.572289 224.944959 1.214745 0.309002 59.061175 -1.000000 58.978519 3894.657748 -264088.108363
231.166963 352.200620 1.327330 0.190925 46.457585 47.010623 47.010623 860354.748807 56269.653284
324.469504 201.470113 0.842116 0.208785 52.283423 64.174850 64.174850 14325219.664415 135.280877
230.621029 263.884538 0.916200 0.416944 44.141852 57.466263 57.466263 21083704.416629 161.779744
177.128533 179.117712 0.446537 0.093082 26.580176 -1.000000 85.436447 74359835.475565 -155.090296
386.655750 210.704972 1.064771 0.397764 60.830160 61.563111 61.563111 165749.932616 13681.827172
358.300000 385.495227 1.795935 0.137267 50.122733 -1.000000 50.080517 1543.284207 -438282.712754
106.781821 134.231207 0.282419 0.139880 81.654011 85.784119 85.784119 2204866.258199 4037.190159
65.421346 79.053725 0.254550 0.329852 33.791530 53.256074 53.256074 12219521.704710 1486.847860
155.867476 224.613318 0.648804 0.233949 28.631913 47.847452 47.847452 28070183.444113 300.872928
215.854016 254.608914 0.820812 0.392982 66.982691 67.597945 67.597945 144312.301820 21967.609343
311.574889 344.104071 1.428480 0.119694 41.577661 51.834840 51.834840 16444746.892772 147.775621
336.609370 298.287305 1.241242 0.065332 50.292251 57.064120 57.064120 6089590.092115 119.738115
51.914954 53.285404 0.279066 0.545085 38.108634 51.150040 51.150040 6769110.417202 3904.338991
72.884997 56.301315 0.206223 0.348266 95.616084 97.464834 97.464834 371635.573007 11229.543674
226.115662 181.295774 0.599132 0.390623 66.566324 72.704029 72.704029 4108466.786179 1073.776440
148.807062 141.599107 0.397434 0.399535 77.386262 82.211684 82.211684 2198226.247676 2232.673897
66.052283 69.596520 0.259093 0.414823 48.909151 63.504671 63.504671 9167547.039660 868.421466
254.818148 169.894708 0.573741 0.164773 72.756770 76.043100 76.043100 1315997.465004 2510.764981
241.769628 324.117630 1.179323 0.239577 53.565398 55.985384 55.985384 2110963.431591 3564.535265
335.617059 215.101105 0.948336 0.419307 54.819274 61.511530 61.511530 6584068.802246 763.835575
252.353995 261.738534 0.936808 0.424994 54.515956 60.458329 60.458329 6217574.788408 1069.280741
196.356851 137.389044 0.447151 0.437858 82.872509 83.864433 83.864433 131271.469687 13298.321018
209.889409 246.662239 0.814935 0.414415 41.534767 58.550826 58.550826 27112787.759313 154.673371
210.540545 75.348943 0.335180 0.262230 87.543740 90.531792 90.531792 656608.621284 3058.838537
254.990745 247.161812 0.875104 0.439975 62.681843 64.778131 64.778131 1029909.447262 4779.531452
390.152592 172.166438 0.938145 0.203041 57.666482 62.916604 62.916604 4110676.705949 923.018464
292.566373 54.190967 0.495253 0.404135 80.819818 81.651159 81.651159 91111.810839 13995.076377
180.029571 257.915920 0.789608 0.285189 56.960472 59.302791 59.302791 2621998.908459 6362.189727
318.353564 309.410484 1.273707 0.326490 57.340475 57.603088 57.603088 35589.724263 41946.831975
276.653878 202.815814 0.773452 0.485749 63.095074 67.247548 67.247548 2584921.610621 1793.014344
208.912497 311.701342 1.061765 0.176726 50.514714 52.672043 52.672043 2929682.835631 6589.790549
149.275181 197.830604 0.536197 0.408312 76.719061 77.098295 77.098295 98553.923119 50947.991264
426.947205 315.533721 1.626859 0.181770 46.014712 50.208839 50.208839 4374798.865785 1019.372378
77.723215 109.817140 0.175853 0.042371 102.800693 103.152901 103.152901 49311.569682 87453.121630
216.123495 309.221984 1.039601 0.110942 52.250887 56.761095 56.761095 5107399.748123 1933.377706
241.083421 196.448543 0.628822 0.210817 74.692614 75.270291 75.270291 74786.230221 22529.496002
217.258537 164.372432 0.490876 0.179559 78.859131 80.740931 80.740931 470586.868615 5895.036358
402.189211 243.937247 1.220839 0.193213 44.589568 55.660280 55.660280 16534336.024897 106.025182
206.205975 183.487570 0.590311 0.477630 65.764192 72.270884 72.270884 4543643.185428 1093.069384
121.323469 56.281339 0.261521 0.469674 97.712227 98.236122 98.236122 21813.641720 31570.100848
237.336742 268.434816 0.928699 0.329164 48.121374 58.550081 58.550081 14980299.045465 391.351779
70.651945 92.759423 0.205884 0.144739 58.272399 66.951924 66.951924 6283368.926478 2491.712189
288.763029 107.394014 0.524746 0.249884 77.341065 79.277144 79.277144 466888.717092 5029.211778
86.939396 27.252088 0.211778 0.391455 79.751826 93.673060 93.673060 5594876.017198 411.805534
213.009991 160.375608 0.507166 0.322246 72.952673 77.828212 77.828212 2440617.327435 1729.255591
180.337753 246.583002 0.701931 0.173019 69.500246 70.369034 70.369034 305875.455054 17228.607393
152.274094 223.781613 0.701764 0.461918 40.556098 44.552936 44.552936 5720584.117194 9244.185994
81.129572 70.893380 0.235818 0.362591 77.336340 85.626651 85.626651 3970461.242892 1614.097167
166.285718 43.328224 0.315065 0.551458 90.048530 92.598354 92.598354 335316.557448 3274.271477
111.165939 113.650319 0.315781 0.374842 69.310140 80.082250 80.082250 7107647.703175 852.812783
295.940780 37.375412 0.514899 0.501879 71.075084 78.401340 78.401340 3765909.758032 471.791940
202.297685 249.645417 0.789592 0.406297 64.326788 66.175155 66.175155 1015310.491618 6571.947043
281.308698 176.076212 0.656934 0.250186 74.808882 -1.000000 74.721681 2600.997775 -313964.398572
329.370134 291.183425 1.234281 0.321185 37.994449 53.668027 53.668027 29719578.037191 787.165169
163.021316 84.907334 0.335620 0.475554 77.483423 87.894026 87.894026 4645695.978649 410.542751
385.970172 149.090771 0.891021 0.421761 64.762604 65.833582 65.833582 265315.736874 9073.093819
98.026780 93.126925 0.299920 0.513888 84.757869 87.835962 87.835962 908478.106472 5208.241768
289.862864 285.683342 1.094246 0.259088 53.474571 58.139940 58.139940 4470045.244113 2479.800277
225.810874 247.461089 0.820986 0.432071 64.299740 66.149986 66.149986 874448.549593 5849.795725
255.564234 258.115975 0.907286 0.416257 66.243183 -1.000000 66.151523 4713.753730 -258695.444003
145.949395 200.221624 0.601180 0.441803 36.164968 51.381042 51.381042 20238019.377784 523.552949
460.987073 291.291447 1.616079 0.104978 52.317660 -1.000000 52.169319 10921.445333 -145313.656828
168.902366 236.817305 0.729594 0.376526 45.558308 53.435429 53.435429 11630237.171993 1500.550984
181.542431 97.279998 0.300785 0.188529 93.904459 94.652996 94.652996 58606.326572 19895.008348
184.543288 193.929424 0.544082 0.225015 61.453366 72.067965 72.067965 10216536.655174 582.389519
267.576044 174.566183 0.640735 0.354295 75.416842 -1.000000 75.313559 3507.229205 -267245.778696
421.918406 283.050175 1.433839 0.075521 52.896983 54.461073 54.461073 561274.412970 3460.859517
245.604946 101.847481 0.466989 0.462091 83.797632 -1.000000 83.642252 4604.945297 -205359.828097
400.889421 170.950097 0.987894 0.316496 53.801258 60.942986 60.942986 7264455.913617 481.468349
242.823699 355.543696 1.367414 0.223836 45.368636 48.760025 48.760025 5269692.890280 2813.386756
