274.373699 307.043409 1.154224 0.221241 54.367787 57.432443 57.432443 2420779.671016 2468.919937
103.671909 137.245179 0.392474 0.391051 16.622715 50.330874 50.330874 26865306.112226 377.274638
158.135416 138.668410 0.432867 0.535998 69.835308 78.716374 78.716374 5410553.234109 727.823074
225.339212 325.912707 1.222015 0.328850 20.890010 41.485016 41.485016 44597565.309016 110.898909
262.871348 294.929584 1.084436 0.270651 50.261797 56.856993 56.856993 8218464.788949 829.492057
207.838716 314.471517 1.089029 0.160691 38.994105 44.378787 44.378787 10317303.322828 2544.704244
345.309650 267.983405 1.145121 0.262678 60.464716 -1.000000 60.371771 4822.946023 -239566.031292
92.184287 108.115551 0.217400 0.140580 95.754720 97.267846 97.267846 374981.864442 14126.775625
348.666625 191.681517 0.914977 0.456728 52.653869 62.046826 62.046826 10627601.784883 326.467631
88.953364 87.636674 0.298305 0.548526 82.362583 85.480709 85.480709 1035065.059464 5641.376356
79.169291 109.631858 0.241896 0.136686 28.185652 53.236211 53.236211 17844053.272366 783.087175
404.394188 352.256319 1.739141 0.099667 47.423032 49.686679 49.686679 1413129.724457 1916.457380
381.479192 359.926156 1.701225 0.031173 51.289294 -1.000000 51.175265 3612.964870 -208635.953136
122.828668 174.802228 0.494390 0.384781 44.834153 51.123944 51.123944 7143016.373333 4037.833754
360.127661 146.269088 0.768429 0.153022 68.435782 69.711508 69.711508 296881.296797 7182.500610
273.887160 353.119450 1.378622 0.082278 53.804956 54.988655 54.988655 441256.487123 7423.485453
303.758073 277.770702 1.101328 0.403567 58.997542 60.119998 60.119998 408138.636361 8617.858769
116.915655 153.964539 0.411045 0.331901 48.864906 61.262069 61.262069 12846528.169749 5763.345865
287.110694 92.270812 0.492875 0.222146 77.718741 80.553337 80.553337 847361.051579 2959.161282
293.687283 229.151759 0.879741 0.340771 59.433663 63.874227 63.874227 3316235.703482 1534.821614
257.967304 217.976751 0.775060 0.414931 62.222694 66.707436 66.707436 3114125.001921 1566.283279
249.597695 134.188234 0.465003 0.116967 80.936638 82.731250 82.731250 358120.348406 5516.941903
172.983196 191.085989 0.505932 0.178621 68.720353 75.306743 75.306743 4784094.829837 1286.005582
291.557494 103.933598 0.547937 0.358126 73.643021 77.276246 77.276246 1388954.686570 1892.422962
283.207439 100.952248 0.488862 0.183692 78.649679 81.025647 81.025647 620894.692067 3836.127748
222.761258 305.142497 1.047073 0.352111 62.486267 62.547107 62.547107 4298.797512 248014.411036
304.096873 335.733769 1.381655 0.222353 42.215923 51.393617 51.393617 15308103.789854 313.952276
179.375104 10.817854 0.229550 0.196125 102.185907 102.252888 102.252888 556.952688 297778.422526
394.667258 256.303228 1.234756 0.179417 58.574243 -1.000000 58.437295 9186.219813 -164720.800933
377.859028 215.281887 1.057048 0.332864 51.363287 58.952072 58.952072 8637383.699663 487.164410
226.419282 239.170455 0.760963 0.302528 71.021501 71.050930 71.050930 517.487556 554053.919905
93.604369 115.064709 0.268167 0.196903 57.166875 72.122819 72.122819 12525923.187855 750.130230
104.780671 119.972037 0.355125 0.483808 62.431997 71.955269 71.955269 6939479.390289 1481.885660
158.773277 7.474251 0.231130 0.278320 88.718894 98.238022 98.238022 3134764.138495 345.391428
179.585637 240.342930 0.666492 0.134831 72.716872 73.184425 73.184425 83476.585520 33021.502066
225.411301 88.936163 0.374908 0.242365 74.325756 85.569599 85.569599 6705114.867146 263.526041
270.968221 250.713319 0.927104 0.388127 50.277778 60.182436 60.182436 12841980.187319 383.584096
144.251484 187.479480 0.540037 0.496711 64.253274 67.814490 67.814490 2906772.594698 4092.188762
429.641125 320.573475 1.650243 0.105440 49.708597 51.141650 51.141650 612881.510199 3952.866089
235.024817 240.132231 0.825567 0.459104 55.472369 62.821007 62.821007 7780935.661147 760.396836
225.434039 232.068293 0.724790 0.225613 70.179107 71.002595 71.002595 176996.361339 15185.647346
247.475490 180.923335 0.631451 0.356317 63.456980 71.196239 71.196239 6102750.380572 656.703050
157.977275 191.690865 0.519834 0.332043 72.689987 75.260064 75.260064 1335248.734632 5384.021311
135.448693 165.905060 0.426201 0.270465 60.989428 71.384916 71.384916 9937662.660275 844.522956
175.299024 182.428678 0.504210 0.320610 78.856896 79.915236 79.915236 224076.725422 13839.579203
256.820195 365.840671 1.458108 0.205247 37.149247 46.160419 46.160419 18794199.594895 483.040102
198.603416 223.359789 0.620138 0.073206 74.467250 75.394457 75.394457 149813.231515 12543.870057
284.519407 408.073342 1.757239 0.087685 34.078549 45.601253 45.601253 23907195.290763 194.116066
231.269992 56.562101 0.391406 0.460526 88.319875 -1.000000 88.068719 8426.088908 -140906.091480
418.610785 267.136262 1.373204 0.239906 51.358251 54.274591 54.274591 2173324.855829 2228.126749
259.526818 126.329149 0.501961 0.285501 80.704390 81.349613 81.349613 66751.890658 20184.477695
139.945761 72.282383 0.207730 0.149022 104.219336 -1.000000 104.052773 3270.472001 -234010.822267
271.890406 129.036061 0.551964 0.369523 74.330628 77.245513 77.245513 984500.025207 2902.596874
245.263377 26.168083 0.406045 0.481167 76.140434 84.743321 84.743321 3784660.271289 243.691406
292.236391 144.481349 0.575702 0.104638 78.476209 -1.000000 78.427392 671.407844 -583511.631357
303.132466 47.156507 0.518676 0.440030 81.048644 -1.000000 80.909542 4040.555190 -223914.224225
36.394098 23.407760 0.254628 0.522678 34.743095 46.603061 46.603061 5226803.928980 7772.787920
143.605249 159.866570 0.443479 0.478094 80.485538 81.797227 81.797227 335985.423267 12216.452910
360.316904 191.948852 0.914812 0.319827 65.460089 65.807256 65.807256 38351.647947 33451.741345
353.873757 360.253539 1.634295 0.153043 49.563150 51.004897 51.004897 741382.325639 4692.697250
187.371024 54.378589 0.241707 0.115996 91.376979 98.016740 98.016740 1992763.700430 761.215941
355.933848 119.938348 0.733289 0.349811 68.524167 70.399288 70.399288 587659.354260 4543.189416
200.962875 296.627052 1.020560 0.311173 42.536754 47.002390 47.002390 8007708.143393 2788.876604
284.876007 330.199657 1.305861 0.233825 46.724962 52.956575 52.956575 8473326.777940 816.478789
340.954898 243.359216 1.003313 0.033254 63.567965 -1.000000 63.162495 24438.955561 -78566.884438
272.904129 249.432986 0.893962 0.282078 64.818824 65.667690 65.667690 207880.827230 13109.151615
155.641102 217.122606 0.584923 0.153857 38.273036 58.046461 58.046461 28439396.745825 237.816849
130.777400 184.657135 0.500427 0.257087 17.445120 48.183204 48.183204 33004844.814834 204.655614
400.540927 316.624859 1.551739 0.212612 39.216643 49.982038 49.982038 19352097.382318 118.976234
214.111671 137.951309 0.494223 0.522043 76.650605 79.763916 79.763916 971431.578457 3032.990953
55.638872 48.247366 0.202733 0.298901 49.401790 67.379865 67.379865 10667742.658453 778.499588
203.293609 279.282366 0.883819 0.223636 63.647792 64.500085 64.500085 355152.480079 15990.780137
339.843340 126.805488 0.711353 0.420384 71.180982 71.953490 71.953490 120069.912806 14269.600349
333.299346 109.443660 0.659983 0.351299 62.775389 71.118766 71.118766 6519567.042096 397.598479
256.360035 151.851722 0.582470 0.406780 64.541147 73.549439 73.549439 6829288.267299 543.652206
213.223082 303.032306 1.009903 0.176711 58.001593 59.596064 59.596064 1140029.720318 7599.044450
51.113641 9.075316 0.142028 0.236864 106.564791 107.129218 107.129218 67377.992438 48865.915425
256.716654 70.380480 0.417245 0.285834 78.769865 84.096449 84.096449 2076360.404554 1152.881381
252.031143 387.818058 1.618677 0.207140 28.607214 33.463302 33.463302 12217946.033630 4088.545337
241.456655 226.362600 0.758058 0.282609 52.054910 64.661811 64.661811 15833065.619538 228.160450
86.905302 54.151609 0.173348 0.221135 101.537408 103.943836 103.943836 397000.767913 7294.311586
280.534387 95.206271 0.539429 0.493959 65.815689 76.377895 76.377895 7377950.498589 217.903044
207.393452 288.864608 0.979938 0.264552 30.302673 49.322326 49.322326 37126943.099893 4105.717125
201.454934 134.101837 0.385413 0.131814 79.279216 85.491989 85.491989 2780655.948464 997.119315
245.439668 317.629302 1.149623 0.196277 50.909151 55.614380 55.614380 5409503.632396 1555.099579
133.498687 27.284685 0.175338 0.168554 105.502455 106.861479 106.861479 106107.712623 10470.416641
277.275677 37.488241 0.459133 0.431275 80.306470 82.755850 82.755850 542855.201769 3416.138524
273.789147 283.397368 1.047686 0.314264 59.650796 61.008594 61.008594 571744.174481 7250.107471
253.694617 331.420249 1.249110 0.260963 49.613077 53.644294 53.644294 4771140.341667 1922.891375
204.289377 69.329089 0.321939 0.268563 85.450302 90.728788 90.728788 1652581.782834 1268.577943
50.659276 12.795440 0.194139 0.384957 86.542007 89.324696 89.324696 876104.856682 8860.025099
194.587100 276.022376 0.910314 0.327186 44.933884 51.849074 51.849074 11313460.702485 1326.750993
125.031564 120.470973 0.332669 0.382174 78.780941 84.704834 84.704834 2783977.264576 1924.357741
150.344772 214.256699 0.620765 0.288619 30.722723 48.330291 48.330291 24783564.810241 533.249731
264.744163 296.347456 1.103304 0.307885 47.711169 55.786817 55.786817 11422705.039169 542.586157
347.129882 165.594237 0.803628 0.314997 68.115825 68.807824 68.807824 114833.979660 15846.427938
152.893445 175.417447 0.459405 0.281562 72.931656 77.315475 77.315475 2613840.728438 2741.079758
201.744824 162.945565 0.535963 0.514322 67.763970 74.996456 74.996456 4637724.763624 888.106699
124.053418 186.610151 0.429213 0.083748 57.122434 59.889871 59.889871 2883601.696674 13121.999295
124.138137 12.973085 0.160146 0.160578 106.867229 108.513596 108.513596 141318.052361 8462.368079
174.224506 128.312591 0.369981 0.277979 82.052517 86.297966 86.297966 1507523.584195 2424.457566
92.185839 127.926131 0.335879 0.265460 4.159234 44.590022 44.590022 22946388.510525 724.643144
37.242773 26.766379 0.245476 0.470676 21.601923 43.027348 43.027348 8363564.305477 3947.479851
188.680574 267.084471 0.837223 0.362855 62.777942 63.470576 63.470576 431013.713727 23639.286330
260.738385 360.242553 1.412964 0.177702 48.016191 51.371212 51.371212 3859546.747065 2332.592512
281.425827 306.196408 1.173635 0.379417 59.811971 -1.000000 59.727918 5113.098246 -250055.355336
199.739307 170.011495 0.520563 0.343218 64.591832 74.646879 74.646879 8228409.633098 512.408838
171.127012 181.120038 0.513941 0.390379 74.558649 77.182039 77.182039 1086687.467019 4692.451326
189.149162 185.089276 0.544151 0.376272 74.649278 76.805492 76.805492 751597.586762 5541.173412
364.198902 204.194274 0.990167 0.439051 57.238804 61.394296 61.394296 3088505.048246 1464.717197
203.609749 308.062484 1.118230 0.342362 27.162275 34.859027 34.859027 15335753.212728 2919.530761
429.324058 279.971911 1.458565 0.163503 49.543666 52.972719 52.972719 2792038.328686 1352.108107
124.940817 119.861743 0.364182 0.543517 80.805040 84.395657 84.395657 1215876.037219 3610.566894
212.546165 289.938119 1.019728 0.424376 39.015112 50.063974 50.063974 20326371.495542 443.200023
236.010249 265.024655 0.896000 0.288679 57.493415 62.066736 62.066736 4114809.974504 1721.175900
84.103190 96.888597 0.313992 0.508303 65.773745 71.408770 71.408770 3425665.247662 3452.166633
227.638091 326.361303 1.197962 0.364699 49.169009 51.755880 51.755880 3486946.392280 4317.578741
114.665524 114.147822 0.341433 0.471420 67.921102 78.871184 78.871184 7060962.758114 788.066559
204.693538 180.334461 0.575776 0.471969 68.950228 73.800080 73.800080 2757976.557150 1608.781683
142.560354 16.128909 0.224500 0.310396 89.025623 98.602721 98.602721 3011307.349486 349.231307
183.881604 226.552480 0.709657 0.469947 52.710236 61.644631 61.644631 10903393.229020 813.398102
228.991077 336.420550 1.183419 0.025959 59.423087 -1.000000 59.155122 16709.744493 -96760.840900
281.125186 282.525033 1.058834 0.321513 60.397979 61.277851 61.277851 267143.953946 11847.213977
289.590933 342.283212 1.379032 0.310597 53.960446 54.805350 54.805350 335962.838553 11619.469549
297.291530 257.911817 1.004590 0.415312 60.224131 61.924585 61.924585 761621.018274 5479.349367
262.426723 240.594338 0.853617 0.436332 12.301636 -1.000000 68.154316 94063462.597115 -144.707854
258.431013 397.836976 1.642175 0.097756 40.966448 43.213900 43.213900 3933561.443227 5764.669395
121.239942 57.147693 0.179485 0.155584 101.950260 104.861817 104.861817 453362.608851 4368.159448
263.268255 265.333653 0.946264 0.356732 64.536215 64.833467 64.833467 36779.428684 42559.005044
31.752057 7.462245 0.236268 0.468845 37.800931 47.242005 47.242005 4177032.853955 11273.933550
47.312502 14.026717 0.129657 0.197069 106.710811 107.133589 107.133589 62708.281263 74640.568056
198.768730 292.964173 0.965854 0.234175 52.072469 54.178219 54.178219 2786843.707156 7102.639762
342.021972 293.164723 1.253799 0.260854 56.259849 57.271453 57.271453 351484.036366 8836.409978
104.120950 135.312526 0.381353 0.455685 64.212035 67.735652 67.735652 2666571.799463 6205.217537
332.311925 244.628734 1.008205 0.161908 55.217899 60.865284 60.865284 4977342.303166 733.272838
196.842118 272.219726 0.870810 0.407169 64.026308 64.552115 64.552115 216714.288879 29227.304289
263.515259 124.531944 0.508332 0.300681 81.595882 -1.000000 81.470974 3745.559439 -244463.505949
139.674282 117.884005 0.325802 0.322186 79.535017 86.651339 86.651339 3368068.762923 1267.030037
329.780865 372.779831 1.655634 0.196712 42.407303 48.468936 48.468936 9035908.617979 661.132994
58.699759 4.694603 0.130655 0.184486 99.080043 103.440031 103.440031 1156578.667001 4247.253954
129.289550 134.413082 0.385674 0.497953 78.832058 82.311502 82.311502 1373453.150901 3914.806808
278.958154 39.820755 0.458361 0.407410 81.525808 83.185400 83.185400 280174.168310 5889.718568
190.645305 123.327268 0.396797 0.349403 82.864673 85.659011 85.659011 723467.629375 3746.148291
264.029360 288.261217 1.036689 0.258894 62.417614 62.648456 62.648456 25516.778274 54256.717813
209.365868 218.170900 0.650931 0.193872 63.460158 69.863883 69.863883 5183689.033643 1127.173262
189.993957 275.329855 0.875108 0.342477 60.996707 61.355609 61.355609 259829.462525 56647.952601
216.487507 149.736323 0.494287 0.374438 77.790672 80.117464 80.117464 652921.978961 4535.279212
416.668172 173.346917 1.044008 0.299317 52.102146 59.589026 59.589026 8151188.621916 416.327875
53.852038 12.920426 0.180477 0.318576 76.838432 85.527635 85.527635 3806828.654163 1841.849192
121.702261 155.086405 0.347089 0.191210 87.633169 88.326991 88.326991 149436.811448 29405.794078
367.938486 324.423403 1.475730 0.160139 51.748505 53.296682 53.296682 758384.172924 4572.067114
176.482155 262.882853 0.852185 0.323039 37.018270 42.780234 42.780234 9885322.770531 3561.839247
183.397450 235.507042 0.697406 0.257129 55.503778 63.287154 63.287154 9179014.905438 1039.550275
346.188393 179.375965 0.855244 0.446977 67.759482 -1.000000 67.627958 6654.299851 -201123.426731
241.764638 133.915024 0.463044 0.166991 75.861865 81.103140 81.103140 2382388.687292 35847.907796
166.354897 162.663451 0.437611 0.307512 83.081085 84.000689 84.000689 148859.874419 16767.874513
245.034411 201.122546 0.689872 0.454043 72.673125 73.026275 73.026275 34231.509482 38405.197296
153.995526 113.223029 0.283113 0.142549 86.751452 92.644307 92.644307 2165979.952094 1431.284868
226.036189 136.968493 0.429551 0.140661 86.358814 -1.000000 86.327595 269.572754 -965803.410132
76.279594 60.879974 0.221361 0.360795 82.748760 89.044429 89.044429 2506840.038378 2447.140280
192.173000 232.350491 0.685517 0.298962 70.602845 71.554348 71.554348 280409.932763 14558.313396
124.457964 47.979498 0.155481 0.097332 104.947671 108.302174 108.302174 488368.949498 3167.213653
64.841127 68.362429 0.279804 0.482829 30.888525 56.077671 56.077671 14585588.962775 940.509283
142.104594 91.070254 0.228621 0.123638 93.243114 98.437232 98.437232 1452035.763109 1792.443171
233.511336 136.546454 0.477234 0.266723 71.069905 79.104560 79.104560 4986683.210270 703.366563
159.459489 182.274106 0.510839 0.353354 60.065507 70.370941 70.370941 10044068.274774 727.687134
339.691656 273.939574 1.157605 0.258068 58.769153 59.482025 59.482025 175978.807816 13860.505357
241.887303 242.960562 0.797194 0.176319 58.693980 65.299640 65.299640 6017777.875738 873.074030
222.189949 201.133055 0.636251 0.349219 72.284837 73.748288 73.748288 414394.717912 8016.059535
161.198374 132.751366 0.391798 0.405721 80.340777 84.326883 84.326883 1415556.129518 2587.530615
360.760681 328.970870 1.478432 0.136505 48.950831 52.517256 52.517256 3045703.480543 1288.320321
286.425034 320.924349 1.264521 0.238094 41.767665 52.701412 52.701412 18926984.660987 272.101466
243.132223 368.756937 1.453197 0.200918 42.225899 44.327266 44.327266 3879631.670944 6903.713893
183.058861 222.308596 0.690379 0.497190 59.356665 64.905609 64.905609 5274918.796052 1747.273305
287.882717 365.768263 1.487576 0.074189 45.944748 51.860210 51.860210 6578218.117252 461.016834
173.492685 138.906123 0.393119 0.260655 62.078400 80.769741 80.769741 16683185.548526 87.644881
302.399114 170.347429 0.697560 0.277913 70.642757 71.963282 71.963282 322495.135550 7936.194828
374.153353 258.276113 1.198661 0.333603 57.687673 58.531264 58.531264 241233.086866 11044.379170
426.793455 174.768682 1.077468 0.270311 52.613270 59.086776 59.086776 6584512.856037 556.604972
228.824744 269.768614 0.867858 0.091403 54.882017 63.289296 63.289296 8574106.906092 450.312511
98.633584 118.712134 0.319103 0.365327 68.952266 74.833668 74.833668 3987817.918967 2709.387781
317.728895 296.179410 1.204474 0.181332 41.103448 54.999927 54.999927 23846371.485750 38.652698
196.861004 171.383409 0.503082 0.300389 76.579155 79.077261 79.077261 845157.853091 4354.492063
269.870781 396.765444 1.652955 0.186958 49.188666 49.896765 49.896765 429647.289483 15244.467685
188.700893 43.370534 0.264435 0.217234 90.174179 95.731888 95.731888 1546423.237984 1055.677997
237.843417 55.265307 0.354245 0.232318 85.651287 89.084472 89.084472 865453.314661 2401.401599
96.587724 132.937103 0.407144 0.499590 37.746605 47.665435 47.665435 8503571.158519 3587.738541
285.489377 158.207986 0.642575 0.320211 62.372730 71.217956 71.217956 7324685.666117 428.783977
240.296549 196.372681 0.640346 0.287691 74.193619 74.753314 74.753314 73529.844163 23805.157214
108.648743 131.762989 0.374579 0.528344 78.665955 80.165458 80.165458 611240.977360 13565.352950
261.087182 198.453357 0.669228 0.143128 63.732304 70.773849 70.773849 5247465.747977 696.346805
293.435596 146.578362 0.629272 0.317719 67.981947 72.904330 72.904330 2748784.875644 1276.122485
240.410981 145.697983 0.505399 0.294963 82.082350 -1.000000 82.088948 19.533327 3192737.786409
209.646135 206.544237 0.612769 0.181824 55.117064 69.813510 69.813510 16964830.049217 214.970192
282.699975 374.944581 1.544075 0.146379 45.856283 50.006888 50.006888 4994269.226828 1437.070086
215.554478 284.143759 0.950217 0.303389 55.738118 59.280941 59.280941 3546965.654017 2777.963407
212.300543 307.276646 1.094053 0.295294 28.689970 43.862805 43.862805 31384821.308985 280.519466
169.528183 213.971900 0.598217 0.268652 64.359745 69.141644 69.141644 4022832.811008 2252.597295
355.113326 184.987765 0.892805 0.383101 63.146982 65.113103 65.113103 788976.304628 3166.012124
303.243761 102.693371 0.542626 0.207928 75.991770 78.267140 78.267140 630821.760494 4292.693600
218.270718 215.614250 0.679197 0.368618 70.995905 72.165850 72.165850 313831.375618 10505.063674
138.789280 155.517411 0.451095 0.470114 53.757423 69.507315 69.507315 15474814.106186 287.502835
153.882205 212.040252 0.604132 0.465146 70.743291 71.044336 71.044336 143946.128276 77212.738346
315.123959 323.228631 1.341533 0.311328 53.164234 54.884366 54.884366 1015717.202316 4200.349532
227.217817 184.408478 0.616610 0.494696 75.145067 75.704606 75.704606 68550.954014 24420.212129
156.110860 166.870130 0.463769 0.370351 67.613724 75.286215 75.286215 5713526.884590 1160.301006
213.460302 324.370553 1.116167 0.130585 55.391542 55.550594 55.550594 132783.522241 203541.715920
188.869978 95.933133 0.294709 0.120561 81.797477 92.059936 92.059936 4952709.802974 328.525791
403.894571 267.054704 1.302553 0.093619 55.607161 56.745986 56.745986 326687.903667 6554.792702
243.524067 272.654844 0.965289 0.396370 51.960481 58.798625 58.798625 8259454.685525 804.470095
230.600507 330.358993 1.196855 0.288210 54.862087 55.860874 55.860874 720496.392218 12540.293561
226.975794 277.349163 0.961410 0.353539 39.924533 55.222649 55.222649 26896040.726183 179.937976
382.944124 194.434967 0.995880 0.275458 50.937633 60.346990 60.346990 11340410.121129 277.673014
255.208258 367.916517 1.464590 0.210516 41.470152 47.072423 47.072423 10147892.873860 1281.453746
244.969900 135.680564 0.523767 0.393816 62.844281 75.937860 75.937860 11019159.766885 123.601028
171.930273 234.128369 0.647223 0.144264 62.069825 66.950140 66.950140 4486596.861146 2257.048418
133.345349 116.045244 0.285003 0.191163 72.813217 87.515763 87.515763 10020675.282754 361.541863
381.044955 255.053496 1.181212 0.134956 59.734643 -1.000000 59.635752 4616.825405 -231848.042405
347.387621 164.846407 0.797920 0.229351 57.458493 66.132267 66.132267 8303140.801832 357.089822
148.540712 117.938112 0.340073 0.374377 88.799418 90.216367 90.216367 215127.596890 10152.573761
101.134848 138.042555 0.335208 0.222179 49.862418 60.625831 60.625831 10277982.193819 1490.356009
228.952827 331.448511 1.196326 0.378261 58.999030 59.038769 59.038769 4587.451991 382842.181295
142.469983 173.684320 0.498515 0.500365 65.790799 70.844413 70.844413 3836529.029659 2481.393169
212.542049 232.349022 0.721833 0.346887 70.957081 71.417292 71.417292 70688.653436 30528.649085
276.426181 27.904232 0.458832 0.457204 78.708940 82.351882 82.351882 1050373.088569 1886.745383
278.644994 56.813619 0.470514 0.416895 82.097922 82.982813 82.982813 95647.860974 22518.455430
209.756774 297.802105 1.056606 0.405672 38.131253 47.212016 47.212016 17306553.327550 818.031744
200.463612 99.963933 0.391370 0.422198 75.439080 84.413251 84.413251 4451125.010603 404.219084
93.806489 90.421311 0.213665 0.223864 101.038102 101.632994 101.632994 54686.359730 36587.725345
354.530377 211.964330 0.952951 0.204098 60.070104 63.092415 63.092415 1696093.799646 2054.705769
201.879061 277.987360 0.901414 0.249805 50.829554 56.851131 56.851131 8257103.821310 1506.475070
392.698020 298.823177 1.422364 0.192834 54.705353 55.034958 55.034958 48887.174996 28398.889237
245.915947 260.036405 0.895139 0.278782 53.953478 61.295028 61.295028 8287675.913366 835.091148
58.061828 74.666004 0.236163 0.291553 44.136849 51.266030 51.266030 4440652.903992 10251.246299
401.983689 279.710977 1.355815 0.128825 55.713488 56.137441 56.137441 65563.653972 20515.687868
137.629091 186.922819 0.483899 0.324486 75.206509 75.908026 75.908026 334657.868394 29987.702311
108.071695 75.561850 0.294006 0.543617 79.286800 87.966063 87.966063 3316184.598917 945.200940
278.383296 129.792901 0.551536 0.290990 75.519651 77.696932 77.696932 608584.210413 4358.683609
385.399597 253.661876 1.212203 0.322293 57.667122 58.388740 58.388740 182781.827899 13156.505340
150.057235 223.700042 0.721764 0.483394 26.738068 35.261076 35.261076 11257471.884721 5374.860889
283.057550 319.050764 1.232621 0.305017 58.828040 58.847838 58.847838 373.398016 683281.102202
336.223048 339.701974 1.460983 0.135613 54.747253 -1.000000 54.693751 1979.808977 -371526.663733
265.324097 390.259439 1.611487 0.151738 41.650885 46.182358 46.182358 7666860.766697 1626.671988
377.862120 325.517027 1.518236 0.251580 52.806907 53.302555 53.302555 114762.869611 19758.143953
161.516028 201.925178 0.517003 0.139915 68.060629 73.852571 73.852571 4363359.080916 1483.779764
239.064827 41.959938 0.322266 0.143632 93.526729 -1.000000 93.321622 5698.552853 -179569.721716
134.619103 206.698488 0.472027 0.029627 68.767414 70.967917 70.967917 1265859.153913 11238.393274
107.052501 133.397203 0.353458 0.419652 79.719577 81.026821 81.026821 567323.649157 16842.020033
403.957505 334.811080 1.644295 0.192740 52.022252 -1.000000 51.954171 3433.129449 -282379.330644
142.114970 89.894609 0.281620 0.309355 81.613417 91.070833 91.070833 4208130.638536 621.403172
344.825511 228.689456 0.970147 0.110672 60.675610 63.210293 63.210293 1130840.955265 2275.502874
238.295602 230.658227 0.769962 0.286239 48.448733 63.713103 63.713103 21175617.693428 118.238182
197.870833 261.030855 0.845755 0.473958 60.484929 62.563566 62.563566 1578422.514712 6012.212536
101.202629 86.781210 0.256278 0.321457 60.753118 83.581355 83.581355 16126769.855515 140.509018
147.819656 147.938087 0.355538 0.180161 84.222733 87.153355 87.153355 954389.826297 4510.457298
149.164969 186.876601 0.496189 0.270202 61.175766 69.547195 69.547195 8246586.415499 1192.234881
239.132055 118.910104 0.466218 0.351796 78.862229 81.730945 81.730945 825713.254108 3147.250713
204.368787 147.379486 0.482199 0.460551 82.227240 82.601364 82.601364 25278.804464 39918.325758
219.601474 318.448988 1.109361 0.248789 56.633989 57.479199 57.479199 583215.282152 16272.198265
243.726083 230.387483 0.779026 0.323512 59.842550 65.679244 65.679244 5015319.474714 1106.329143
332.337730 230.056161 0.955486 0.193593 59.015016 62.681477 62.681477 2390656.464831 1703.309614
225.987891 266.382315 0.888041 0.390396 64.250635 65.151641 65.151641 293216.069847 13700.474393
95.664377 19.192023 0.146148 0.176955 104.909660 108.267109 108.267109 515840.721051 4004.322703
274.740373 122.921644 0.494568 0.107805 72.263691 79.665559 79.665559 4047436.884421 532.727233
240.462731 333.527249 1.261899 0.312112 39.390740 48.281284 48.281284 17387763.124326 645.927897
156.303486 170.663545 0.442890 0.310990 85.193098 85.271384 85.271384 2243.595164 248301.483816
220.809755 233.445748 0.704056 0.124996 71.567533 72.190453 72.190453 94669.186623 20134.973701
228.614537 205.924781 0.639076 0.189050 66.719148 71.725055 71.725055 3198637.408899 1446.445047
138.207925 155.294990 0.358821 0.163112 83.487094 86.228959 86.228959 971681.639837 5182.669278
425.153209 239.398071 1.264525 0.105250 49.183951 56.179420 56.179420 7265315.091837 256.255799
242.075244 262.954213 0.930299 0.436399 49.556089 58.871056 58.871056 12531225.536040 504.614955
69.590570 61.642062 0.158369 0.162470 89.865171 95.772365 95.772365 2394316.858133 2916.454644
313.218434 337.307496 1.385330 0.116125 55.840090 -1.000000 55.716105 8501.476280 -172644.607796
243.129641 299.449050 1.084256 0.369559 50.350906 55.890339 55.890339 6994889.779832 1270.722937
225.462427 229.678103 0.716150 0.213334 68.891108 70.509690 70.509690 558678.272959 6688.781206
331.641387 153.678063 0.689804 0.058047 73.388373 -1.000000 73.158864 9584.941133 -136992.836444
281.337275 412.255407 1.767153 0.072854 48.035078 49.098937 49.098937 521832.984089 7432.460290
65.285099 66.997332 0.192854 0.209029 46.589873 70.676289 70.676289 16121166.134646 396.484816
199.358433 234.953926 0.744095 0.416613 56.884926 63.652753 63.652753 7153535.849098 1194.008688
243.133832 284.949406 0.964926 0.134529 62.594160 63.572357 63.572357 282211.248245 10596.942158
295.176291 316.525257 1.254615 0.281558 54.493807 56.313039 56.313039 1077619.251345 4614.807084
134.436962 80.887789 0.216907 0.156852 96.959403 100.304952 100.304952 671980.399440 3522.356742
161.069951 243.776164 0.777263 0.372627 36.318175 38.380719 38.380719 3199847.993606 50267.929332
262.189808 183.686163 0.671273 0.463260 74.314233 74.358602 74.358602 769.939382 361698.109612
318.686898 188.198711 0.793228 0.285651 64.011301 67.391471 67.391471 1826497.349495 2255.051005
149.967485 201.154699 0.534199 0.260124 66.416519 69.883891 69.883891 2845066.375103 4111.762170
216.852779 298.822812 1.023499 0.365353 58.084130 59.358857 59.358857 873253.401857 9901.512708
105.329540 131.843677 0.367116 0.448787 69.272363 72.905241 72.905241 2411365.877308 5136.806734
352.150625 152.770233 0.765685 0.193440 70.669286 -1.000000 70.528576 6411.995264 -192237.778312
240.794411 236.459537 0.779608 0.313001 70.243160 -1.000000 70.166014 2932.254146 -333981.694627
260.392111 272.618921 0.997202 0.406021 52.585230 58.856708 58.856708 7107131.843594 1016.789318
341.839863 290.232678 1.247196 0.277819 52.755455 56.006632 56.006632 2604483.957312 1955.867215
333.280473 218.946828 0.931971 0.279778 58.471139 62.837493 62.837493 3235923.341556 1332.967913
266.596517 131.690263 0.513148 0.224211 32.107582 -1.000000 81.693111 67278332.914509 -165.490172
276.294812 222.293964 0.773109 0.104371 65.772100 68.685679 68.685679 1248188.120144 2366.243025
103.987337 73.221567 0.256150 0.431176 95.424348 96.806587 96.806587 158771.645043 12083.023247
240.160299 344.900962 1.275707 0.130880 50.573203 53.474864 53.474864 2994783.178001 3107.464339
284.984877 180.938078 0.671191 0.200955 74.131445 -1.000000 73.993833 5879.501018 -196729.088819
147.064626 154.466555 0.429196 0.391924 68.228415 76.589986 76.589986 6036473.122578 587.764994
235.217656 163.912629 0.562413 0.389955 74.741859 76.847425 76.847425 618218.744925 4893.037667
286.471715 363.468531 1.486186 0.266885 53.231513 53.626990 53.626990 98427.116353 27189.601275
369.755556 223.081245 1.035704 0.205424 59.185362 61.395065 61.395065 1062025.858757 3053.654860
280.546666 224.263207 0.816391 0.276152 66.071640 67.540776 67.540776 478318.848026 6695.867837
365.142372 343.117968 1.569051 0.207614 53.172546 -1.000000 53.146902 600.898706 -713307.459205
236.820553 242.753389 0.796089 0.284876 67.297647 68.296952 68.296952 271996.402031 11788.949478
165.520762 35.673811 0.234915 0.242191 98.979581 100.342963 100.342963 120785.125532 9414.791919
114.565516 145.862794 0.346649 0.307272 88.916305 89.126812 89.126812 31171.304138 110643.310522
117.363907 52.053137 0.135357 0.054308 113.269971 -1.000000 113.051147 2963.574346 -209565.604329
225.049212 201.286105 0.662365 0.444068 67.826731 71.144855 71.144855 1690853.225261 2502.808218
282.184592 194.639420 0.725091 0.292384 68.299236 70.318020 70.318020 724755.949425 4664.424097
233.517565 340.604326 1.254034 0.344275 57.079059 57.191535 57.191535 28916.128486 131316.070925
281.824433 269.219208 0.992313 0.247395 61.657244 62.776851 62.776851 365458.193614 8982.042970
158.659090 164.211851 0.445401 0.337076 76.465734 80.022078 80.022078 1601800.054876 3318.240158
377.235994 342.024711 1.608608 0.198432 46.262881 50.224662 50.224662 4170985.735143 1107.318293
342.900497 87.843049 0.665339 0.502098 74.445379 74.534700 74.534700 2276.242578 163240.757494
128.530977 145.644547 0.364324 0.303719 81.162967 83.973773 83.973773 1140265.180944 5449.965995
246.166719 312.132207 1.150159 0.374975 51.427788 55.321542 55.321542 4365447.939240 2129.834379
280.445560 7.666219 0.470904 0.524053 83.425169 -1.000000 83.174910 9670.420792 -133948.295629
60.019421 53.881477 0.258534 0.535854 76.402993 78.669367 78.669367 895519.428566 14264.740679
267.644397 254.128170 0.883397 0.127093 59.427881 64.165435 64.165435 3433756.573419 1280.153757
251.307737 155.569750 0.583852 0.474595 75.866192 76.860254 76.860254 162528.115632 11760.973970
262.330242 42.677692 0.386960 0.229168 88.992805 -1.000000 88.906572 1408.988824 -383329.914205
223.647100 246.597971 0.801690 0.288321 56.480855 63.533541 63.533541 7430683.789016 953.453666
331.080670 131.969206 0.690660 0.308512 58.828753 69.514399 69.514399 10185519.041454 236.472739
275.430535 192.530545 0.735263 0.429864 58.227864 67.146811 67.146811 8442606.306266 420.977760
135.626834 43.546855 0.277244 0.515997 93.438552 95.643696 95.643696 246195.213574 4710.316636
410.001388 249.539652 1.254070 0.126864 55.140281 57.137856 57.137856 927709.860792 3178.945992
216.922854 261.943885 0.829829 0.149476 48.763961 61.505877 61.505877 17777313.480523 246.605002
278.982567 334.325343 1.312960 0.263441 51.481508 54.245897 54.245897 2408263.218445 2808.353189
201.796497 247.338572 0.789075 0.330040 45.458057 59.212646 59.212646 20786659.439078 325.883507
193.681870 270.460262 0.851905 0.300704 60.633037 62.230337 62.230337 1236631.265025 8697.960371
257.929789 365.474463 1.468867 0.246039 34.532473 45.087769 45.087769 23588936.786113 393.372016
237.251500 186.808070 0.605513 0.236596 66.222832 72.720225 72.720225 4574930.458624 948.819588
89.222460 93.431550 0.294135 0.472070 75.823678 80.962357 80.962357 2479619.073680 3133.783167
305.806726 361.803282 1.513182 0.099640 38.511134 50.671198 50.671198 21428951.311426 36.356929
119.539232 188.311553 0.600808 0.490492 9.188961 9.571795 9.571795 145498.126516 100342154.780401
362.807036 311.942620 1.398398 0.143637 46.036579 53.010026 53.010026 8786226.484752 375.095045
234.381688 125.236923 0.490473 0.478911 81.009119 81.793239 81.793239 85734.224375 16071.015598
83.780700 6.108023 0.232970 0.518634 91.716763 96.230789 96.230789 841854.149942 2658.816018
91.972570 45.180074 0.229744 0.424837 87.349287 94.449223 94.449223 2091336.721896 1405.917637
301.662484 335.762328 1.386416 0.290465 42.638592 51.014275 51.014275 13880061.101572 418.174333
261.175953 235.269331 0.829918 0.333150 61.261320 65.206329 65.206329 2733766.787327 1993.882899
302.045707 221.163520 0.877670 0.445368 65.068325 66.067134 66.067134 255022.848544 10504.248352
155.897982 184.668050 0.454213 0.123589 65.002094 75.782185 75.782185 9520596.818620 665.941707
125.195158 161.268455 0.430972 0.444937 77.166658 78.188266 78.188266 444112.961767 19922.987712
194.003057 159.753800 0.455079 0.250086 82.884767 83.614627 83.614627 89688.299985 19798.423745
126.397036 150.845776 0.346517 0.224274 90.167016 90.493434 90.493434 31615.971643 62518.735015
250.838399 331.713444 1.264143 0.314130 42.574417 50.515617 50.515617 13915147.442109 678.142304
197.064046 284.034922 0.988535 0.426810 34.072897 44.408262 44.408262 19525804.214136 852.484571
352.403583 306.591636 1.351190 0.282434 54.275872 55.397546 55.397546 451609.735863 8409.826684
100.488756 132.486672 0.231367 0.030470 90.036294 97.183981 97.183981 1938945.383825 1064.958012
259.440715 285.106696 1.023180 0.261810 56.963025 60.105856 60.105856 2367746.468642 2564.535388
172.963653 250.343383 0.768579 0.322219 52.554147 55.364635 55.364635 3753325.362353 5873.897107
415.925780 224.841720 1.201099 0.259862 50.364785 56.474213 56.474213 6607677.915725 807.748466
294.642975 315.520869 1.273205 0.347156 40.699495 52.175597 52.175597 20662013.740070 227.005297
188.269662 146.237104 0.431093 0.281433 71.043764 80.259571 80.259571 6108249.730293 617.501244
101.414739 134.308447 0.321863 0.222947 57.295515 66.721359 66.721359 8529967.708397 1561.013033
290.379416 347.302975 1.394417 0.227334 55.918417 55.931312 55.931312 188.804825 1051241.544420
263.712515 107.830935 0.520804 0.508634 78.232118 79.729619 79.729619 267281.534017 6801.742372
169.359855 258.354046 0.790891 0.181336 35.283208 39.931084 39.931084 7573909.592996 8487.368469
314.989352 230.543382 0.944490 0.376823 54.623628 61.391599 61.391599 6843038.013819 751.227846
185.634161 155.856690 0.496005 0.509912 69.594617 76.698218 76.698218 4280394.825782 957.733478
280.349958 293.666866 1.099412 0.230212 58.273123 59.809148 59.809148 703726.217822 5583.056972
184.351163 277.062312 0.933624 0.337918 34.350793 39.591689 39.591689 9479691.648277 5084.685847
123.705299 121.792250 0.314587 0.332476 89.551651 91.016179 91.016179 280710.124931 11449.560839
76.503302 49.719005 0.138279 0.136869 100.967339 105.553353 105.553353 1151488.758707 3420.991099
119.350496 157.662221 0.431985 0.338125 20.383474 54.816012 54.816012 34083852.206613 56.505712
241.093215 184.725792 0.639791 0.440390 69.361577 72.563990 72.563990 1445122.908902 2833.249900
178.987835 210.270537 0.625859 0.469211 69.920786 71.906276 71.906276 913454.713817 6573.973945
232.081909 332.041025 1.187562 0.131076 53.231547 55.606546 55.606546 2080016.693949 4177.708038
92.310066 123.739249 0.295025 0.231165 65.501482 69.463338 69.463338 3110329.153793 6364.829720
89.030385 114.458716 0.354455 0.473993 40.681305 54.454382 54.454382 10936840.261448 1360.143445
115.993086 165.104311 0.450869 0.306059 25.743676 45.225154 45.225154 19455252.436075 917.674442
309.659288 326.189589 1.339633 0.301613 54.440447 55.474338 55.474338 426077.496810 8991.379718
221.872840 190.449790 0.608006 0.307515 56.993667 70.284134 70.284134 14209170.104959 251.360541
405.056353 188.172126 1.052193 0.322055 52.032459 59.321402 59.321402 7935043.739949 485.946358
133.996748 161.425306 0.358616 0.092904 53.072992 78.619269 78.619269 26362296.595349 104.063668
260.553428 172.036630 0.658780 0.498407 58.769210 69.721130 69.721130 10223542.703105 274.668130
417.857149 220.902403 1.185997 0.208583 50.672908 56.941182 56.941182 6640620.257277 496.107437
121.723095 127.657931 0.290524 0.191448 88.039839 90.983939 90.983939 940807.618065 5152.353471
291.090860 145.771366 0.563186 0.035964 79.066506 -1.000000 78.988621 840.550576 -424349.108713
233.885102 352.270890 1.381455 0.264066 22.723502 35.691906 35.691906 29917736.690449 694.260570
116.111713 142.125292 0.333642 0.274341 88.572057 89.212667 89.212667 127795.852002 32608.795660
121.423703 156.372025 0.401678 0.347039 73.428359 75.989794 75.989794 1590918.272648 7145.079876
96.947738 117.483905 0.198568 0.035644 105.514996 -1.000000 105.450941 491.224215 -595434.237439
191.574036 204.807851 0.575212 0.210336 73.645801 75.612694 75.612694 701963.132247 6230.904870
253.888775 370.471315 1.463084 0.187898 47.886153 50.062031 50.062031 2497259.030669 4503.427536
343.558849 266.126965 1.151715 0.377189 57.181922 58.797977 58.797977 750112.315674 5816.966759
270.699602 372.165329 1.505163 0.155868 44.093498 49.342932 49.342932 7666743.561459 1100.083970
153.884943 192.363383 0.462793 0.122714 83.234093 83.510331 83.510331 22693.095357 64693.643426
179.873468 244.315363 0.709899 0.219098 63.686058 66.332012 66.332012 2031435.158654 4821.250606
101.506155 124.696312 0.363221 0.428128 39.509921 60.599738 60.599738 18658951.680274 357.541454
277.607675 183.639297 0.710084 0.417500 61.328245 68.574237 68.574237 5866615.061143 761.702493
363.510818 347.947906 1.588410 0.155362 52.128237 52.477511 52.477511 58985.614576 25790.132521
200.978248 164.164875 0.542240 0.517067 60.232717 73.181742 73.181742 11497864.222067 255.883533
203.998744 305.303681 1.027331 0.124174 27.236181 44.346497 44.346497 33111864.747992 278.489447
288.449810 339.727905 1.355694 0.247031 54.138148 55.130913 55.130913 419111.395669 6053.856721
161.666452 219.007371 0.583047 0.235936 76.214063 76.482939 76.482939 45351.001361 67935.666173
423.633181 219.729841 1.222097 0.367056 51.014690 56.126940 56.126940 5126171.191767 878.888914
216.593710 250.686695 0.809901 0.440628 68.659925 68.857788 68.857788 18957.457413 74386.393925
301.106822 234.895203 0.908538 0.258962 55.400030 62.401636 62.401636 7008599.162891 662.828218
207.742332 113.081801 0.399837 0.312918 73.942617 83.462104 83.462104 5458443.707167 454.026424
208.697913 158.770352 0.526457 0.466708 69.264432 75.966574 75.966574 4028760.823107 1050.797471
256.016734 314.560861 1.184612 0.353352 46.424092 53.425140 53.425140 10431581.403394 820.753086
155.370712 177.758337 0.454369 0.186776 56.952070 73.071965 73.071965 17295924.650582 257.034586
159.558645 97.815462 0.307273 0.320315 92.677141 93.673504 93.673504 96542.912132 14610.109659
231.891212 268.753148 0.873863 0.171456 66.538249 66.848627 66.848627 37384.660006 42113.409710
257.297535 350.389057 1.332252 0.134180 55.452821 55.980557 55.980557 142833.439728 20271.972412
77.746195 84.232604 0.288105 0.539354 83.471523 84.445648 84.445648 309909.476769 29270.696172
74.852726 25.442766 0.231478 0.530276 100.078032 100.525856 100.525856 19143.201994 45851.823266
155.992122 59.974625 0.186840 0.064744 106.664316 -1.000000 106.456597 3381.765332 -207931.043187
139.334832 8.567590 0.231313 0.367495 101.014288 101.477857 101.477857 15026.358562 34171.637787
172.310245 237.329646 0.726307 0.478478 61.996543 63.580605 63.580605 1310826.692672 10152.141469
204.598040 230.253132 0.730264 0.430973 62.009481 66.404177 66.404177 3447690.493632 2107.801114
231.301141 42.515708 0.391555 0.492786 81.722560 86.338445 86.338445 1275701.730888 1196.657569
371.995202 298.974727 1.359542 0.156142 51.856991 54.666668 54.666668 1936282.382913 1972.226869
418.665100 264.312916 1.341407 0.121372 56.806716 -1.000000 56.770516 792.474723 -573221.776523
137.986737 13.971922 0.181238 0.189728 107.474371 -1.000000 107.376303 1005.534881 -406661.654965
88.703085 27.782451 0.212254 0.408471 96.233143 99.465457 99.465457 518456.749657 4288.719323
125.058592 172.135826 0.518806 0.521386 41.881050 51.534289 51.534289 10748491.984403 1629.693252
295.551151 66.419525 0.524106 0.461744 78.569357 79.820187 79.820187 193660.333238 8281.892474
163.375288 107.056308 0.366202 0.466184 71.557960 84.282689 84.282689 7433240.163236 247.654444
445.938911 249.453143 1.371808 0.070824 54.129079 55.588050 55.588050 459046.707488 3258.045657
308.964708 323.253158 1.308599 0.143942 50.572688 54.733720 54.733720 3839301.153840 1232.954798
246.148260 121.688801 0.420450 0.070599 86.931780 -1.000000 86.892222 315.013945 -814136.630365
208.365078 224.920854 0.682552 0.310550 72.457983 72.920887 72.920887 67109.552290 30780.301249
436.888195 249.713129 1.375941 0.299870 45.752538 52.999533 52.999533 9762975.389156 464.230312
252.908522 98.048122 0.486620 0.484358 71.096452 79.312401 79.312401 4491415.558156 452.125879
140.525077 143.571525 0.405513 0.516346 87.551483 87.622472 87.622472 1565.158461 281890.535689
80.377362 57.266872 0.215567 0.359640 90.553628 94.713325 94.713325 1159861.282027 3866.142312
111.220096 107.313014 0.308383 0.386853 67.404802 80.740588 80.740588 8941178.826833 547.658286
362.793532 398.571855 1.891040 0.073194 45.434270 47.929860 47.929860 1663290.206741 1231.546155
229.902635 14.118561 0.337528 0.308615 85.815052 90.158437 90.158437 1148784.038153 1542.542055
247.394402 274.659028 0.962124 0.363673 61.077732 62.629330 62.629330 725812.620267 6693.986712
143.785625 189.204220 0.525619 0.528394 78.092917 78.266776 78.266776 33167.781335 120213.580179
206.476315 250.892009 0.813387 0.408591 56.574408 62.052185 62.052185 5711485.266112 1552.275114
280.961953 98.228466 0.484351 0.206440 79.001368 81.283548 81.283548 576974.084958 4154.375045
78.945221 89.684420 0.193578 0.183800 101.374493 101.760225 101.760225 55002.982651 68777.457316
111.926523 150.555613 0.402053 0.325036 45.130280 57.842923 57.842923 13043214.488973 1055.552593
291.829734 211.367451 0.820130 0.464195 68.797206 -1.000000 68.659870 7481.358537 -185275.328310
53.901724 18.838852 0.105428 0.099731 63.387931 94.075686 94.075686 17140412.369672 136.253604
426.570352 302.619280 1.546185 0.102848 52.412588 53.021287 53.021287 127298.788663 11239.777321
350.654291 243.654744 1.075190 0.294721 53.742387 58.971287 58.971287 4917510.231053 991.916278
240.667406 213.914285 0.715786 0.338838 63.754065 68.507832 68.507832 3290664.995036 1601.747229
89.488845 98.528763 0.283773 0.419982 83.618638 85.843336 85.843336 819512.682301 9152.937324
261.467461 201.259100 0.726725 0.424594 65.359417 69.015112 69.015112 2031021.235031 2267.707184
87.792440 10.995939 0.177011 0.295369 98.933825 102.998363 102.998363 744136.668260 3220.619262
144.697075 176.181978 0.459646 0.253185 56.057105 69.566243 69.566243 14563281.071096 470.501345
257.243658 388.620371 1.563118 0.118125 51.601878 51.876755 51.876755 97526.556161 45473.030595
202.319931 278.757438 0.891861 0.280596 62.150303 63.250349 63.250349 606804.950200 12318.680348
271.446253 197.215219 0.708571 0.256144 63.339810 69.120736 69.120736 4196673.577027 1069.365164
265.747247 233.733098 0.825802 0.351775 68.089083 68.388703 68.388703 31017.337040 43526.080631
326.142702 150.093578 0.693997 0.190221 66.004026 70.736677 70.736677 2729493.481970 1189.204699
342.527799 243.007363 1.034469 0.191264 54.562018 60.130363 60.130363 5067022.793888 745.693788
199.221876 143.460225 0.446499 0.331547 78.720251 82.056242 82.056242 1138108.671819 2914.445941
166.439570 200.476255 0.550225 0.371776 79.321556 79.394293 79.394293 2822.413907 255467.845167
113.540047 132.229604 0.349170 0.340517 62.605024 73.649443 73.649443 9012565.903274 920.621032
244.452750 284.177544 0.993251 0.261043 54.526689 59.393689 59.393689 4929825.952541 1463.752239
186.530159 260.497147 0.852232 0.396232 40.420138 50.659044 50.659044 17190469.839765 815.904194
172.320168 240.289319 0.682183 0.172798 58.576747 63.508901 63.508901 5321873.661294 2373.426598
165.825551 237.900611 0.707293 0.334865 57.407706 59.317977 59.317977 2162461.968179 9599.533259
105.766470 148.657872 0.414922 0.411525 55.233583 56.949588 56.949588 1589278.284581 44026.648401
43.007143 1.360607 0.221983 0.472781 72.386731 75.350303 75.350303 1209486.079106 14646.591684
217.387146 323.601294 1.204022 0.366189 36.029578 41.466443 41.466443 11364277.074296 2492.004271
124.067996 143.021462 0.344245 0.297706 90.548174 90.822517 90.822517 22442.262295 75276.646032
172.579662 249.762090 0.754510 0.276269 53.048940 56.275884 56.275884 4267882.888746 4791.968562
169.977611 237.385019 0.658763 0.163955 65.380071 67.823090 67.823090 1813420.619908 5726.517090
242.468827 298.541299 1.037020 0.159613 56.824512 59.821371 59.821371 2207000.127271 2770.543190
84.350857 92.694141 0.301923 0.517755 76.228379 79.449624 79.449624 1470292.967020 6657.623009
165.660722 32.307475 0.256024 0.317971 89.139141 96.166801 96.166801 2005902.284248 708.693381
130.415213 141.023104 0.385031 0.439705 81.381744 83.664476 83.664476 752440.538799 6777.763734
111.070330 159.582640 0.363473 0.126486 42.525727 57.097950 57.097950 15291468.265846 896.704620
161.685592 163.304458 0.406098 0.156676 76.154648 82.078649 82.078649 3244040.184602 1583.183438
263.581059 69.825991 0.427649 0.284271 82.218589 84.570785 84.570785 525805.122091 3959.625907
363.217762 188.982251 0.901202 0.182377 60.107823 64.228239 64.228239 2661990.877258 1336.274881
33.260469 23.254884 0.208916 0.349299 35.233265 46.222335 46.222335 5017512.121424 8788.983274
340.549061 282.114078 1.186882 0.202193 15.560216 -1.000000 59.844794 92165477.175911 -150.024040
275.656195 183.264005 0.691874 0.361294 66.326660 70.383300 70.383300 2254006.876649 1824.030120
54.502181 33.006528 0.202037 0.359646 71.300329 79.407796 79.407796 3871863.133680 2246.991263
358.128958 348.135513 1.564938 0.070699 53.187431 -1.000000 53.128062 1883.888622 -348200.861184
180.734135 255.713839 0.756097 0.189274 59.614731 62.662753 62.662753 2979895.915239 4171.103815
114.313356 51.613286 0.214030 0.315314 102.558061 103.028852 103.028852 18631.261578 38678.058908
103.148401 118.257798 0.316124 0.382924 78.808415 82.345220 82.345220 1709669.965062 4839.491770
281.813216 182.708508 0.716993 0.468804 68.685102 70.630957 70.630957 649807.851496 4864.008668
336.794932 182.743488 0.807317 0.187543 64.861499 67.533154 67.533154 1182183.802900 2771.884594
400.510912 220.592207 1.153567 0.374966 47.220963 56.564221 56.564221 12765207.510205 246.697922
220.018028 159.000156 0.517794 0.372803 79.665355 80.326181 80.326181 77133.746872 20560.382230
172.736219 250.813726 0.730729 0.247223 65.379010 65.698427 65.698427 206334.966630 71524.218740
153.049749 220.296630 0.670647 0.457496 50.939671 53.340263 53.340263 3082152.832284 12344.226996
361.384977 283.241615 1.241830 0.096224 57.694996 58.199352 58.199352 77757.399827 16918.127003
222.701810 253.785856 0.787307 0.109152 66.214531 68.104254 68.104254 711421.179559 4916.193221
214.468628 195.597731 0.633945 0.432481 59.793441 69.320230 69.320230 8915803.255457 540.376071
259.582458 308.043440 1.118985 0.190995 58.072391 59.394077 59.394077 580842.712284 7579.889689
215.306879 164.006266 0.539689 0.419554 70.230464 75.789370 75.789370 3108105.096638 1291.325700
269.245760 286.400258 1.063985 0.275538 39.111632 55.838089 55.838089 30318846.718097 60.677233
212.121582 321.085048 1.105820 0.157562 53.728945 54.089292 54.089292 377333.840045 67569.034424
307.520811 120.071180 0.618773 0.378084 66.443967 73.050856 73.050856 4229709.496729 705.898760
155.375648 99.483308 0.326803 0.379882 73.817490 86.931390 86.931390 7479690.083203 231.818216
285.233178 364.018909 1.495717 0.217788 45.260033 50.073749 50.073749 6533102.043075 1215.355703
240.760558 273.347402 0.974793 0.423867 44.730085 56.628768 56.628768 18762922.996961 325.965570
