118.660837 168.119171 0.400848 0.193715 66.508220 68.605395 68.605395 1847635.573204 12445.467387
380.611864 137.264120 0.848073 0.436689 67.245210 67.679913 67.679913 51130.269498 26857.380009
447.205488 255.066755 1.418222 0.229112 52.914885 54.321413 54.321413 623433.728979 5223.590923
192.354835 188.352291 0.546398 0.271846 64.638383 73.122067 73.122067 7069477.886121 744.282544
177.896465 165.562476 0.508059 0.474621 61.674617 73.532624 73.532624 10247475.071757 394.050852
246.049266 155.880238 0.574893 0.460915 74.346780 76.407603 76.407603 575995.089147 4801.994947
121.073828 158.077282 0.443218 0.459233 62.221036 66.819413 66.819413 3911406.141627 3604.173891
267.368530 333.428062 1.274194 0.153569 43.494232 52.797850 52.797850 14844983.740236 370.932838
343.929020 266.246212 1.110684 0.059533 61.081025 -1.000000 60.829848 17173.733469 -105294.918031
125.310366 113.475968 0.341643 0.517173 89.540212 90.344785 90.344785 85806.446113 21195.144478
148.184555 206.871216 0.544183 0.276145 73.442925 73.904839 73.904839 216286.443953 46077.342269
334.192839 351.587633 1.516604 0.056835 51.721384 53.212162 53.212162 510990.329685 3069.250861
227.283726 336.827074 1.286376 0.332968 31.591353 40.339507 40.339507 19585790.900891 1010.239175
352.090153 134.422122 0.732066 0.249511 71.857099 -1.000000 71.723820 5706.419907 -204555.332534
247.957661 360.711293 1.386120 0.130913 46.468526 50.404321 50.404321 5279329.497257 2034.892412
230.082889 321.782670 1.146954 0.146364 32.172274 50.450737 50.450737 37422731.523546 53.017220
188.982878 253.697968 0.772732 0.243539 56.040488 61.501113 61.501113 6246038.049279 1766.509408
194.912175 193.934263 0.579640 0.355654 68.524854 73.161101 73.161101 2857648.352128 1912.547305
305.956596 148.277218 0.676380 0.463408 74.204469 -1.000000 74.178991 269.904390 -1003627.900687
176.923986 151.855332 0.386837 0.111954 63.087187 82.951560 82.951560 17831716.591622 42.650875
95.199639 117.390607 0.328365 0.454350 78.529464 79.676574 79.676574 526991.350901 23433.926850
410.757441 292.245728 1.451538 0.200869 53.745640 54.331936 54.331936 137228.446464 14647.086923
282.904480 69.174788 0.486121 0.390869 81.049354 82.020773 82.020773 119635.040094 11751.018437
258.756137 183.600265 0.634693 0.271094 75.502999 -1.000000 75.329770 9018.616333 -163028.330559
134.464314 68.451883 0.250389 0.336545 98.831970 99.341231 99.341231 23318.722903 33248.728665
332.322094 213.313937 0.894928 0.241040 66.763344 -1.000000 66.703032 1718.842366 -396450.743959
202.344650 236.232943 0.730220 0.402663 69.829742 70.495058 70.495058 151629.477047 20945.873093
137.001675 159.924474 0.394765 0.198761 44.471547 72.419828 72.419828 31846507.601007 68.041136
180.980562 194.346497 0.559020 0.298878 58.317963 70.049390 70.049390 12266201.645169 483.743373
280.848097 231.849162 0.873894 0.456442 62.446118 64.896906 64.896906 1240730.933086 3622.926504
294.911556 178.326028 0.729181 0.403637 63.058645 68.581834 68.581834 3826236.790959 952.077231
125.668997 90.803803 0.241472 0.225501 94.348042 97.284191 97.284191 617723.854300 4545.848300
347.640809 276.404144 1.209011 0.365979 54.674660 57.107202 57.107202 1573992.694925 3043.180096
281.066226 101.012104 0.533663 0.466868 80.549918 80.575177 80.575177 191.357478 674424.019236
414.828854 205.449095 1.110425 0.153714 57.689400 59.909306 59.909306 1047415.183405 3011.252302
261.938223 135.679609 0.556445 0.442930 76.175137 77.765586 77.765586 342601.528249 6451.687564
296.351792 305.896802 1.182046 0.160826 59.864139 -1.000000 59.841535 393.441946 -938540.282042
127.587137 160.170096 0.408195 0.311336 71.453807 75.648560 75.648560 2881841.422603 3542.976933
49.119693 26.218380 0.184824 0.292298 51.426426 70.189101 70.189101 10417155.428738 292.429270
219.352298 320.885065 1.184338 0.368388 37.973239 44.428482 44.428482 13031338.760239 1398.666320
387.325266 282.639744 1.339233 0.260898 54.282439 55.587924 55.587924 553977.773603 6860.185919
419.832367 249.320840 1.294752 0.207555 55.630693 56.681888 56.681888 345412.951115 8638.597068
211.895540 292.378133 1.001842 0.407980 54.606529 57.101499 57.101499 2614335.889702 4535.671905
217.371122 318.168129 1.146654 0.336999 45.722392 48.981682 48.981682 5409363.312223 3733.474810
131.989326 162.751675 0.364457 0.123956 77.840908 82.678796 82.678796 2691543.073565 2657.651657
270.151238 50.411917 0.444281 0.394625 83.303307 84.377876 84.377876 128069.576381 10633.395364
192.749773 190.651387 0.536756 0.241224 77.304450 78.464782 78.464782 256335.427958 11508.400878
346.979317 195.854334 0.880201 0.256075 67.068565 -1.000000 66.954021 5317.950584 -219480.053402
58.233363 28.319819 0.143652 0.199576 92.833054 97.962561 97.962561 1735924.985815 3651.829465
186.325485 251.992875 0.754146 0.291474 67.002253 67.907399 67.907399 388456.318333 16561.610781
206.250713 166.606786 0.532176 0.424046 71.604868 76.323590 76.323590 2395378.685932 1553.483037
123.677792 154.704125 0.329851 0.128822 90.852772 91.348432 91.348432 61318.271055 40408.953219
228.178407 180.599891 0.554011 0.189882 77.967589 78.603819 78.603819 78799.833506 21286.800137
229.314976 321.855033 1.129826 0.151741 55.227381 57.262350 57.262350 1553917.951117 5379.470690
67.176728 68.186948 0.127970 0.071535 91.526726 100.291385 100.291385 3537072.321089 1678.250381
112.337692 11.497340 0.141900 0.134018 105.719806 109.536719 109.536719 588047.517415 2872.907049
284.494947 317.547866 1.238408 0.282935 53.005496 55.792616 55.792616 2250416.371355 2775.429110
76.866522 60.755122 0.228488 0.430152 99.331067 99.797827 99.797827 35017.509466 48386.274736
162.725640 73.698797 0.278875 0.292720 84.139403 92.872944 92.872944 3428008.258819 19449.467912
296.845960 156.947886 0.651727 0.312439 75.135900 75.174972 75.174972 571.649112 412637.336247
359.747555 198.731137 0.951508 0.385282 59.038184 62.643229 62.643229 2358633.446455 1724.882489
244.664670 46.782112 0.359020 0.220650 80.096811 87.684866 87.684866 3335031.456559 567.894072
266.136773 39.088887 0.428822 0.395005 84.467037 85.423500 85.423500 99656.084569 12087.126670
91.792240 63.408926 0.157891 0.142326 105.552793 107.315303 107.315303 222497.802290 10173.151763
405.346648 195.372734 1.059319 0.213432 51.777595 59.406063 59.406063 8339311.542747 437.830268
190.615646 62.429620 0.348307 0.512024 91.064114 -1.000000 90.668038 16145.478615 -94758.611789
131.297820 157.251103 0.426224 0.400641 68.266203 74.088914 74.088914 4242951.481163 2136.163841
65.349484 69.288106 0.185217 0.207842 80.121186 84.645342 84.645342 2315567.346639 4882.604455
266.990140 270.896223 0.994194 0.373449 55.764535 60.105111 60.105111 3880809.142748 1681.141592
433.098275 274.006578 1.453548 0.259517 51.771010 53.502200 53.502200 940157.442418 4193.046757
145.487660 192.145015 0.561363 0.418567 41.872416 57.040231 57.040231 19417088.911409 508.018654
332.610126 281.183808 1.162626 0.178768 57.870756 59.064807 59.064807 413668.439347 7140.141602
294.477960 248.424742 0.966927 0.409801 55.898849 60.994164 60.994164 4586284.445525 1261.961460
80.461426 95.448495 0.274264 0.332101 52.115298 65.552546 65.552546 9970127.475701 991.995979
329.330771 163.549107 0.745459 0.228769 59.590664 67.870683 67.870683 7345617.425870 439.603042
139.199274 205.628785 0.562139 0.211531 35.888278 46.106703 46.106703 13528448.664652 1835.045994
313.288080 289.130769 1.160762 0.220592 52.611800 57.159202 57.159202 4271465.604158 15748.611183
277.491594 239.082732 0.884086 0.378032 60.913152 64.114143 64.114143 1999145.386493 2592.102564
247.390986 361.389113 1.397742 0.172922 46.334249 49.661274 49.661274 4641253.846207 2747.829830
272.595056 320.121873 1.204608 0.168039 57.047268 58.050565 58.050565 361443.941365 9969.139065
170.669270 239.529090 0.765448 0.485643 45.533725 52.085773 52.085773 9618072.047766 1751.738091
250.272161 196.557657 0.656253 0.247409 71.175541 72.985642 72.985642 570725.407273 5734.209518
264.531753 138.284430 0.559558 0.417156 78.842757 -1.000000 78.647432 9002.168957 -154185.059861
163.669109 224.806059 0.630985 0.382647 74.422105 74.519327 74.519327 14654.695166 200598.880349
268.595823 244.790226 0.893005 0.450441 63.278587 64.857858 64.857858 623019.548242 6287.161463
50.571877 35.724944 0.168815 0.239306 68.473522 77.847764 77.847764 5016946.577263 2098.924582
75.620940 10.387449 0.218599 0.468302 90.999367 95.866241 95.866241 1070619.389494 2781.795295
312.741624 227.062791 0.913499 0.316405 59.166378 63.246535 63.246535 2920491.393995 1609.733477
370.543585 307.870354 1.398036 0.133749 48.692150 53.552646 53.552646 4784365.014108 759.890536
321.745547 344.001745 1.456094 0.216258 53.661720 54.172575 54.172575 124234.782251 18540.949833
301.479293 116.869221 0.582470 0.320945 75.628146 76.887198 76.887198 240371.496724 8559.210896
332.035895 166.201956 0.786817 0.412978 62.955488 67.255984 67.255984 2637612.055066 1484.715446
181.555764 190.563941 0.570794 0.478495 71.687316 74.409175 74.409175 1215938.236131 4264.866958
84.778544 70.705904 0.175304 0.156383 73.709618 92.013014 92.013014 11021438.168270 387.956682
258.651098 326.007232 1.202429 0.165796 58.691865 58.941079 58.941079 33472.103609 47449.368316
165.089846 42.946328 0.225803 0.187290 90.237435 98.729734 98.729734 2861414.879324 509.375955
172.156447 251.982178 0.730189 0.136378 49.206120 56.148683 56.148683 9888836.851717 1625.473253
309.782321 150.949343 0.661028 0.242146 71.192559 73.085644 73.085644 562727.003060 5219.366828
268.343859 57.391270 0.461874 0.450167 74.257255 81.239590 81.239590 3222927.308439 554.703051
328.112031 250.393701 1.020338 0.225460 63.354382 -1.000000 63.267785 3776.554319 -269168.250880
184.216693 184.920517 0.501350 0.185395 72.968444 77.530261 77.530261 2459124.818397 1993.876226
165.731743 107.628848 0.347494 0.381214 82.645874 87.727737 87.727737 1727802.563310 1676.039844
232.799555 320.866602 1.144258 0.204130 51.948786 55.353592 55.353592 3713329.902885 2718.287227
302.669195 283.296938 1.123486 0.363353 56.031249 58.555471 58.555471 1665825.171401 3256.047559
159.907063 135.671602 0.408081 0.483903 84.013997 85.409632 85.409632 239879.391167 9800.714404
155.500878 168.114771 0.454158 0.385260 82.152970 82.880982 82.880982 116403.238264 22410.796026
317.095459 183.522335 0.803204 0.431524 58.020737 65.598243 65.598243 6851291.646399 605.900958
352.784727 118.045985 0.735669 0.401046 60.510156 68.336192 68.336192 6423263.285398 443.170291
248.701012 217.594754 0.722793 0.210949 60.655739 67.831419 67.831419 6247467.274347 747.588040
188.677612 244.869559 0.742719 0.441024 71.363345 71.416265 71.416265 2502.727218 327151.181206
263.941283 88.955704 0.446220 0.275266 85.165350 -1.000000 85.067038 2079.693732 -321298.792913
176.373694 81.175548 0.292589 0.255416 89.024452 93.192372 93.192372 1072606.218498 2109.598684
214.985392 304.846382 1.022627 0.106263 35.225636 53.150067 53.150067 33246749.249610 70.451469
204.319868 104.629301 0.359456 0.234650 84.204332 88.066968 88.066968 1153434.533740 2294.920270
152.312086 139.455769 0.426417 0.498220 56.995472 75.960717 75.960717 16820661.611419 105.266350
292.901112 79.798211 0.501471 0.269636 72.336213 78.885940 78.885940 3489543.229973 744.403749
278.317118 93.427869 0.511364 0.390343 72.416966 78.411982 78.411982 2952173.477566 853.321454
291.290779 264.499427 1.030342 0.397383 47.791612 57.815555 57.815555 14053629.976409 349.008039
320.891311 243.975124 0.990445 0.294407 60.641475 62.445171 62.445171 786327.960240 7127.502956
160.674960 126.799594 0.382882 0.417558 80.163132 84.729066 84.729066 1683927.736290 2127.797712
265.110532 161.800781 0.610981 0.399312 76.509842 -1.000000 76.331640 8687.397091 -161791.404543
228.964524 187.628893 0.546769 0.042026 79.611662 -1.000000 79.390619 6685.615099 -154143.689013
213.805612 147.414162 0.445710 0.183897 79.604622 82.641804 82.641804 971642.323811 3191.388699
98.333487 95.058520 0.311364 0.512534 70.575234 79.943230 79.943230 5141791.335835 1143.880712
266.627973 85.589204 0.490397 0.456977 71.516467 79.281439 79.281439 4151727.680201 493.664128
50.624021 32.271401 0.251391 0.505238 28.421490 58.060166 58.060166 14328376.642865 734.738448
298.934694 222.343431 0.839233 0.197295 65.998454 67.205679 67.205679 327429.413473 8216.551684
315.463210 220.967737 0.883628 0.267043 65.712773 66.346551 66.346551 112339.711269 17437.162989
102.738676 110.204104 0.265143 0.238230 78.650863 85.768358 85.768358 3973631.209180 1916.032894
308.427732 337.424769 1.392777 0.184617 46.045496 52.250310 52.250310 8185032.448220 668.124897
306.657855 275.891212 1.093547 0.358423 59.633198 60.542794 60.542794 277421.128463 10876.577245
393.135783 232.343686 1.128836 0.128891 60.750198 -1.000000 60.591605 10111.624658 -151691.564509
306.441198 107.995971 0.585459 0.380640 78.071448 78.093871 78.093871 176.842210 742979.691552
348.188236 171.121516 0.836357 0.448734 22.039354 -1.000000 68.701785 80451521.452828 -156.368817
302.829733 216.547838 0.851411 0.341428 64.388010 66.228885 66.228885 715303.352839 4961.012237
442.516342 267.380975 1.444480 0.164194 54.051562 54.564569 54.564569 100853.447030 16342.108567
216.667389 189.939463 0.589222 0.273175 61.679875 71.709117 71.709117 9190975.808264 475.174829
233.034509 310.417156 1.081113 0.216814 59.458816 60.259823 60.259823 300645.377652 14830.665504
288.234536 59.141303 0.510564 0.517302 81.229338 -1.000000 80.970871 11592.872377 -125504.979638
275.395426 347.583422 1.386660 0.239717 41.894674 50.198567 50.198567 14383454.396458 507.858562
329.486563 220.838227 0.912078 0.168768 57.019376 63.229872 63.229872 5374636.880593 618.810554
244.239443 313.516326 1.132790 0.185947 38.934042 53.176368 53.176368 26507944.057127 151.074039
374.938557 239.542109 1.109415 0.165859 55.488255 59.219240 59.219240 2642422.690349 1435.939178
232.101580 268.188046 0.897188 0.220016 49.543550 59.901476 59.901476 14237101.787493 423.167814
185.226587 163.292516 0.453552 0.267511 84.424696 -1.000000 84.259310 7089.501480 -185357.258875
194.541378 285.355191 0.971018 0.381088 44.400190 48.053483 48.053483 6183286.641943 4170.384452
340.025899 309.676242 1.340773 0.325816 52.408848 54.680292 54.680292 1562245.143180 3104.433140
167.323336 212.551821 0.610940 0.439892 72.140382 73.137309 73.137309 361001.872174 15877.536776
151.236196 104.210040 0.309067 0.318866 89.690891 92.066211 92.066211 464707.368870 5238.950264
206.311641 254.712263 0.829047 0.447966 59.957412 63.177082 63.177082 2605004.251787 3540.550025
174.624064 184.371968 0.547346 0.405043 50.485824 68.608234 68.608234 21309288.266840 141.107782
227.529816 169.512128 0.584432 0.482327 69.145944 74.073186 74.073186 2660340.741859 15596.369209
307.449120 181.306380 0.711922 0.118026 72.614205 -1.000000 72.477827 5341.182173 -205395.463783
204.971562 198.347213 0.638274 0.480364 57.655239 68.197318 68.197318 10589167.606769 460.120324
171.125690 146.428375 0.449479 0.520377 81.990366 83.164195 83.164195 191121.543281 11787.813442
191.450372 250.866606 0.799679 0.409929 53.505810 59.502771 59.502771 7362341.587165 1522.669939
217.316350 307.804682 1.071174 0.317392 53.492245 55.713639 55.713639 2395901.739270 5238.138370
264.974145 223.603695 0.777073 0.277383 69.528417 69.902424 69.902424 42398.229030 34402.073988
392.693349 225.859197 1.140571 0.332192 49.519062 57.138079 57.138079 9228039.029864 451.685042
317.563065 199.191427 0.815952 0.224745 61.639361 66.257438 66.257438 3127628.686946 1467.462873
378.279173 299.658285 1.404383 0.297349 47.050972 52.563713 52.563713 6681533.299106 841.065955
212.781553 333.887957 1.183654 0.059851 22.588995 26.944042 26.944042 6948893.515821 25072.420025
140.182431 195.977121 0.457874 0.084314 73.350738 76.678890 76.678890 1988238.378183 4493.686720
211.259556 235.067916 0.769626 0.466473 56.561127 63.583615 63.583615 7306066.458798 1012.584880
252.460566 146.526054 0.537801 0.273378 62.604287 75.276720 75.276720 11205129.172782 157.223686
203.698745 225.545813 0.684800 0.321945 69.145724 70.906609 70.906609 707324.238632 6808.590770
254.611846 302.311457 1.055336 0.025518 62.227233 -1.000000 61.754349 29465.646819 -67631.725399
217.422439 138.144723 0.488205 0.482892 81.103581 81.860715 81.860715 83825.379291 17193.215350
348.491935 386.564805 1.779133 0.105655 40.305537 47.846110 47.846110 11422867.173106 212.410650
72.854920 1.396200 0.241883 0.549785 70.888403 86.902088 86.902088 6602607.374939 364.841206
242.474995 260.026146 0.890558 0.342264 61.004122 63.663851 63.663851 1651137.166088 3500.643476
218.774714 32.158438 0.289625 0.168844 91.567452 94.545200 94.545200 576182.031689 2976.788141
353.435449 243.394991 1.067969 0.245659 60.050148 61.177407 61.177407 354465.585722 7969.657384
284.503849 248.115817 0.920358 0.310187 62.940189 64.389428 64.389428 533214.971699 6738.045000
361.846193 339.732701 1.536694 0.135155 51.908806 52.813639 52.813639 295967.806432 21207.839881
157.677895 67.483380 0.312250 0.501827 91.815923 93.197481 93.197481 130369.095889 8996.330614
274.670326 136.169663 0.548255 0.250210 76.553078 78.193013 78.193013 374896.743308 6342.758445
253.695570 237.945508 0.829983 0.461789 68.769802 68.795722 68.795722 409.154610 609061.754332
173.279581 199.849268 0.560254 0.363137 76.369530 77.143563 77.143563 164262.770221 19782.817147
234.432142 341.178928 1.281656 0.208233 34.613831 45.372483 45.372483 23123999.873918 488.182186
370.706475 274.466511 1.253930 0.332099 58.314760 -1.000000 58.248404 2880.462185 -320299.226248
300.969723 212.058651 0.831349 0.314113 61.926895 65.757057 65.757057 2422758.040923 2052.408341
94.182092 140.216158 0.438996 0.496244 18.583639 29.075348 29.075348 6558292.489777 15818.647830
103.655023 115.830069 0.333396 0.402045 45.894031 69.051724 69.051724 19909467.617069 165.052093
249.070370 160.841578 0.596346 0.503983 75.829542 76.547894 76.547894 93821.221826 17223.832094
315.010616 321.573231 1.322951 0.299713 57.065164 -1.000000 57.019152 1730.394682 -432374.180209
312.621003 387.734645 1.698412 0.145113 39.570034 47.550264 47.550264 13754159.643233 366.255667
133.906464 81.119389 0.265593 0.346936 98.073227 -1.000000 97.836652 7056.463036 -156778.939341
174.699951 155.918212 0.468720 0.409663 56.734089 74.953127 74.953127 17858114.267169 126.092842
275.449995 238.945670 0.882887 0.342929 50.954085 61.626576 61.626576 13592049.202139 324.397153
269.711304 63.663863 0.455904 0.381980 76.944781 81.928911 81.928911 1901851.395213 1171.285273
126.130739 191.354967 0.460124 0.085230 5.006111 40.210016 40.210016 25645992.381029 842.992858
148.805213 183.036149 0.461560 0.180495 59.518570 71.657320 71.657320 12551466.769005 566.690123
334.259874 304.608525 1.274713 0.127219 53.438518 56.201971 56.201971 1760114.685014 2072.502576
75.054812 95.053747 0.325238 0.509165 44.321397 53.518056 53.518056 6319719.404597 4198.088837
307.933419 342.254518 1.400125 0.079067 46.216366 53.436681 53.436681 8359415.987577 243.515976
99.685209 18.552407 0.138332 0.140839 95.149875 106.648262 106.648262 3824139.874948 512.419020
338.037154 235.065053 0.992604 0.222231 59.597714 62.143059 62.143059 1355297.009840 2946.325944
289.121344 98.551141 0.539521 0.418484 80.022297 -1.000000 79.904025 3310.814901 -253630.008867
62.229638 29.912502 0.236582 0.515285 79.043099 85.378827 85.378827 2240536.143915 2555.956619
260.232023 264.129842 0.911486 0.189815 66.273970 -1.000000 66.218036 1741.125200 -421480.328990
396.492729 192.133465 1.051526 0.403386 44.123548 58.461628 58.461628 22250766.304668 34.993358
345.170078 205.977189 0.913105 0.295962 66.103349 -1.000000 65.982937 6123.932352 -205028.907170
258.407360 285.592661 1.050205 0.348708 43.481529 55.733241 55.733241 20191872.693910 252.151570
327.556194 107.098823 0.629763 0.293792 66.496861 72.794999 72.794999 4011484.051193 809.244898
106.897946 90.548295 0.176690 0.072537 102.346959 105.140797 105.140797 439647.686894 4794.426174
182.533323 169.225875 0.474798 0.264409 71.412626 77.863639 77.863639 4042588.901654 1278.510325
319.778309 225.655003 0.924757 0.298760 57.486604 62.619351 62.619351 4262534.740402 1057.978550
214.913842 321.033685 1.121215 0.167564 47.315489 50.459521 50.459521 4845879.091515 3960.911611
143.133675 6.017805 0.263521 0.480791 94.993504 97.167572 97.167572 221148.890631 4476.062853
228.050185 228.408128 0.752877 0.415337 65.296243 67.970007 67.970007 1407566.648755 3553.419403
171.147120 238.025119 0.655583 0.107170 56.087009 64.435971 64.435971 9554677.410345 1022.119316
92.266011 122.334475 0.324637 0.294483 36.296303 54.949263 54.949263 15909984.917320 820.072552
316.721511 118.889069 0.599489 0.183513 73.111169 75.555543 75.555543 773874.302541 3421.469358
122.061975 90.619253 0.255240 0.281360 89.436409 94.210331 94.210331 1434586.495228 2398.754800
230.773844 163.255680 0.504815 0.164335 82.109760 -1.000000 82.101363 30.918981 -3397245.698030
225.295573 110.246674 0.444947 0.413983 68.848530 80.707520 80.707520 7894515.802038 211.844606
110.868625 118.460521 0.247210 0.110127 61.426611 86.351050 86.351050 20636465.051514 116.966273
386.050732 340.306119 1.613187 0.105437 47.868121 51.009660 51.009660 2401504.767735 1306.826828
93.388470 88.369023 0.197642 0.143010 70.896379 89.825383 89.825383 12612826.075693 312.219539
176.904373 225.753165 0.618818 0.208739 76.342540 -1.000000 76.292499 1667.125160 -504980.601487
88.935962 81.145648 0.260843 0.439594 90.702394 92.686213 92.686213 434170.229873 9347.703652
266.179217 354.436941 1.395320 0.186302 44.752740 50.684047 50.684047 8831363.455546 978.419789
95.503187 87.484450 0.231552 0.241305 64.130319 84.482874 84.482874 14294367.240368 263.699037
197.365319 219.135402 0.666209 0.448213 73.747535 73.961900 73.961900 17975.080498 73333.552961
175.721939 113.817444 0.364603 0.361557 82.587296 86.926874 86.926874 1403299.343290 2133.063291
51.960000 15.750441 0.239618 0.543433 73.743243 79.415545 79.415545 2171651.295396 3633.011736
206.725261 307.555220 1.056125 0.191148 39.712472 46.583849 46.583849 12959306.605670 1441.403259
251.625240 270.213024 0.951019 0.296010 54.476113 60.324643 60.324643 6143254.028783 1087.931461
166.243693 249.159133 0.797295 0.354876 34.865016 39.948189 39.948189 8170104.184959 7092.461711
167.284000 19.463158 0.283841 0.449813 91.654896 94.957638 94.957638 512644.380344 2295.251616
336.035904 168.151449 0.774891 0.285953 70.299277 -1.000000 70.144024 8155.334529 -171859.817612
120.375880 104.301729 0.292383 0.341659 80.464819 87.887307 87.887307 3409203.177668 1388.108774
234.873733 352.442601 1.335382 0.261397 49.942559 50.480489 50.480489 621380.821596 32834.175403
269.222728 223.573764 0.809271 0.360461 60.880522 65.632488 65.632488 3531921.492104 1541.895836
160.244603 207.582115 0.600384 0.427702 64.055568 67.607022 67.607022 2921603.327550 3722.824743
236.234844 274.721001 0.932531 0.262412 58.062033 61.640796 61.640796 2894893.888037 2413.150626
160.545073 185.298064 0.550468 0.484742 56.488584 67.345859 67.345859 11154249.688083 606.002667
106.844860 97.000035 0.239435 0.243490 95.242166 97.122160 97.122160 356423.875684 9207.552833
130.530041 152.484413 0.353186 0.191445 82.558900 85.382346 85.382346 1130689.083898 5412.931937
263.715419 242.098126 0.867047 0.340451 55.722045 62.733294 62.733294 7181401.070483 776.875143
246.011023 300.412336 1.074304 0.382524 60.830013 61.231725 61.231725 84937.398655 31080.437275
344.330819 177.244226 0.855918 0.450637 59.791995 64.806869 64.806869 3662620.820886 1084.027227
146.020379 8.613903 0.165929 0.116807 109.079394 -1.000000 108.839836 4676.256427 -180215.451825
203.480814 245.138498 0.766042 0.432432 70.120337 70.294663 70.294663 15911.950119 88982.299198
238.892335 65.005901 0.367315 0.246658 86.723007 88.755202 88.755202 360915.415733 5047.543684
120.603001 168.134137 0.342473 0.039121 61.350280 80.839290 80.839290 15163486.813009 168.033938
197.404759 300.004309 0.985134 0.142143 49.152670 50.463110 50.463110 1952585.298854 18518.329573
110.450497 152.733757 0.453174 0.489610 43.341123 51.249574 51.249574 7841093.090268 3256.409394
236.789269 359.819506 1.372545 0.192063 49.203572 49.472783 49.472783 321833.854550 108178.246914
330.635314 270.262135 1.104298 0.155618 59.919276 60.693744 60.693744 179302.817333 12176.011951
92.519577 98.444239 0.248329 0.240555 63.184914 79.201275 79.201275 11781071.212562 538.123120
292.257040 360.988756 1.480004 0.221420 53.564130 53.899104 53.899104 67362.210955 30978.363257
387.673876 140.139064 0.889172 0.438791 53.469867 63.143125 63.143125 10573304.910456 279.344484
97.641817 80.531810 0.252310 0.349942 69.210959 85.253511 85.253511 9647305.593505 408.848767
247.370958 382.641632 1.561067 0.122046 2.251654 28.515781 28.515781 41042534.763606 744.214820
235.368741 161.078080 0.515806 0.183063 76.848975 79.224297 79.224297 709529.362477 4171.337804
78.182907 80.448592 0.197165 0.180507 64.165134 81.421274 81.421274 11802093.512870 544.342094
278.176907 1.079022 0.447478 0.401194 75.110695 82.166061 82.166061 3228196.041760 571.163014
294.158984 203.095217 0.789004 0.387500 68.865125 69.373522 69.373522 69794.685021 23711.761733
425.910042 191.143368 1.131294 0.376066 56.803841 59.097925 59.097925 1244259.768841 3205.428920
426.872782 283.606446 1.459108 0.134160 53.710290 54.301400 54.301400 125272.349790 13407.356255
242.992295 369.038444 1.403394 0.036111 50.865053 53.201469 53.201469 1414843.482608 3426.137297
288.261827 391.686962 1.661479 0.110908 34.582214 47.045126 47.045126 25876724.568596 17199.227598
122.534015 98.109007 0.272384 0.284482 73.686682 88.007197 88.007197 8723921.052883 324.914614
277.798100 371.680424 1.521384 0.218547 47.875210 50.547195 50.547195 2737266.019241 2957.345310
136.231898 148.566909 0.380446 0.321630 81.521092 84.083781 84.083781 924408.336601 5767.232644
332.886265 106.592706 0.655667 0.423509 74.825228 -1.000000 74.716402 3466.252145 -257446.146768
257.983667 245.706995 0.876831 0.436796 61.523873 64.278541 64.278541 1615942.930413 3957.551473
159.962960 207.378478 0.566413 0.332498 73.745868 74.786965 74.786965 392745.289803 15731.121247
180.524282 209.831053 0.618700 0.473495 74.534147 75.031012 75.031012 82945.381689 31311.326115
244.908004 330.131826 1.200740 0.196110 58.366913 58.677076 58.677076 60051.459817 39627.468917
127.757700 102.430741 0.327299 0.512079 89.512946 90.915474 90.915474 190671.759083 10609.121083
229.193619 335.056099 1.211934 0.136334 43.950384 50.327382 50.327382 10574731.373957 1135.584269
425.569659 184.989143 1.103157 0.332127 59.261404 60.418947 60.418947 369472.497296 7714.126085
326.007139 101.125083 0.608310 0.266383 71.665248 74.784922 74.784922 1196326.588986 2608.899188
121.902270 76.086814 0.282154 0.455891 84.738812 91.426003 91.426003 2126185.580723 1221.115262
185.984286 249.739598 0.737601 0.253414 67.767723 68.721796 68.721796 386050.040143 15292.996841
373.077065 174.001886 0.916721 0.402962 61.968031 64.280747 64.280747 1054114.683800 3523.343699
187.477356 284.271880 0.987030 0.355739 26.904052 33.936808 33.936808 12537189.061425 4883.417543
212.764684 41.708961 0.332815 0.373369 92.258415 92.615059 92.615059 13422.283380 41923.876975
217.961715 292.214078 1.007235 0.281473 38.237967 52.187090 52.187090 25973019.830784 209.123503
180.972565 248.033967 0.722888 0.199338 62.827364 65.643639 65.643639 2268095.689987 4476.397375
130.300707 173.101618 0.399215 0.147346 74.980406 78.491150 78.491150 2205603.787177 4428.893538
92.860474 15.718820 0.189669 0.332875 101.746488 103.698226 103.698226 205670.178149 7809.821129
100.724478 37.702263 0.220877 0.382031 80.064856 94.700197 94.700197 6056468.029347 259.612037
163.932417 201.369840 0.580594 0.427646 66.478860 70.248498 70.248498 2710815.410896 3248.706272
315.062553 361.840307 1.554933 0.190984 33.736845 48.573003 48.573003 32149695.893534 10351.544720
412.812014 275.908985 1.404085 0.298370 46.574388 52.642274 52.642274 7596607.519913 638.707191
87.282115 1.005247 0.182511 0.320896 100.077475 103.162306 103.162306 460101.420798 4626.661760
235.343168 315.308372 1.120670 0.237593 54.929769 57.235043 57.235043 1897764.574272 4183.043107
133.153919 130.837065 0.339190 0.295493 76.689610 83.900096 83.900096 4011260.288016 1414.779965
117.166365 165.686426 0.431516 0.260031 41.393710 52.830037 52.830037 12667154.444275 1425.923044
192.792251 149.314766 0.447287 0.294236 70.430713 79.404691 79.404691 6000796.531018 628.232096
227.590683 301.172856 1.057773 0.392806 56.730749 58.552498 58.552498 1362509.867947 6042.597196
196.525934 161.538650 0.454873 0.210485 83.023776 83.716169 83.716169 81115.021048 20847.425854
224.139238 340.724611 1.247260 0.174343 46.604854 47.742515 47.742515 1792082.573128 19410.406245
349.353834 229.126706 0.990637 0.136735 56.796313 61.775737 61.775737 3796794.041317 856.415437
267.491825 389.425133 1.588759 0.096137 50.183975 51.191442 51.191442 514545.213922 9144.102183
433.978607 203.946581 1.191913 0.359654 58.685429 59.116136 59.116136 69866.995606 23709.110537
309.877231 89.141294 0.571981 0.371503 70.330764 75.643040 75.643040 2698252.230597 1135.059260
84.538768 97.528588 0.308603 0.464820 59.706451 68.604808 68.604808 6043043.323458 1772.472823
58.329786 12.403972 0.215094 0.506257 103.214318 103.263384 103.263384 691.760418 526759.411160
302.163097 278.394190 1.093177 0.319475 57.398550 59.541091 59.541091 1219441.805430 3849.058367
122.903263 46.764391 0.157225 0.110352 106.830818 108.736217 108.736217 188647.568501 7082.221926
263.236386 124.735980 0.515721 0.329994 79.159946 80.233771 80.233771 165142.460566 10866.000235
149.944718 206.326006 0.597670 0.494806 66.500363 67.368289 67.368289 618124.250130 24599.117664
130.615974 199.265988 0.536838 0.176915 7.581929 30.287684 30.287684 16815587.316850 3181.131970
344.815333 248.389203 1.072889 0.285827 57.087507 59.936432 59.936432 1801573.925746 2522.806717
72.314224 81.464638 0.296642 0.502983 51.519895 62.469391 62.469391 7044284.272343 1787.213647
201.824525 289.796840 0.985349 0.350375 46.910931 51.453880 51.453880 7198633.594130 2487.870758
246.074957 215.851576 0.701379 0.156640 59.419556 68.544961 68.544961 8609695.860503 454.216617
238.285089 251.977883 0.869308 0.461547 60.728000 63.784538 63.784538 2045625.529905 3005.673157
283.754008 286.150101 1.084063 0.348030 60.058526 60.816078 60.816078 211382.017318 14003.984942
154.815125 80.120250 0.333219 0.553734 89.832153 91.329800 91.329800 160689.618635 8034.053744
421.627308 267.806104 1.385889 0.277939 54.247108 55.127881 55.127881 281544.119770 9788.236773
301.890222 248.028340 0.963350 0.272955 54.828780 61.044142 61.044142 6148808.761074 821.997352
296.661921 249.917684 0.942623 0.207968 61.245026 63.459907 63.459907 1064161.554527 3620.383557
382.212836 249.290256 1.176197 0.260059 59.054534 59.459059 59.459059 62492.410077 24989.908551
128.315571 113.279765 0.321030 0.373767 78.640748 85.912569 85.912569 3475564.319770 1284.490716
107.805020 90.018017 0.247680 0.304080 93.502278 95.892032 95.892032 491019.593392 6662.106284
114.719941 126.892222 0.345612 0.377463 65.543509 76.147421 76.147421 7908484.083195 937.511196
217.711256 112.934405 0.341347 0.031022 92.406850 -1.000000 92.338771 388.858950 -573312.319671
138.428604 183.970574 0.515531 0.383367 53.286794 61.723478 61.723478 9444093.170846 1321.763370
319.564289 159.969878 0.747195 0.472451 65.488577 68.937887 68.937887 1713969.459117 2076.456600
246.752776 186.623252 0.656874 0.486385 73.142763 73.870019 73.870019 112409.150468 17491.332722
86.868888 83.046681 0.231231 0.266057 60.623603 80.541012 80.541012 13934473.651870 320.445856
264.330771 267.384696 0.942761 0.165627 52.867047 60.983841 60.983841 9210563.673751 493.226643
287.638551 52.777842 0.509329 0.531236 77.541526 79.996268 79.996268 576513.237416 3307.843324
263.821268 133.003018 0.527691 0.293804 77.228396 79.051660 79.051660 434503.327972 5642.159778
241.075252 222.155875 0.752514 0.378011 61.755165 66.861417 66.861417 3900264.962458 1481.983300
273.888047 342.189157 1.352829 0.305818 49.827692 52.919246 52.919246 3160215.124790 2450.076797
153.933394 34.560420 0.244473 0.324142 94.834721 98.232042 98.232042 562422.694197 2636.223153
175.807101 235.470113 0.693699 0.267381 53.823709 61.296177 61.296177 9371496.167298 1184.478556
114.570994 158.038234 0.465378 0.445926 27.310400 46.804397 46.804397 19034536.247606 962.052889
301.591442 388.722698 1.661697 0.078859 47.994472 50.309798 50.309798 1533586.462570 2313.551316
275.578202 68.927109 0.444681 0.253683 81.364673 83.607129 83.607129 506827.736146 4207.096888
221.395788 288.629501 0.984406 0.274473 48.345064 56.067356 56.067356 11253015.610683 847.814812
389.755070 270.091306 1.272047 0.126988 57.986942 -1.000000 57.910389 3026.335674 -284311.405267
157.746661 218.591591 0.627478 0.381647 63.828707 65.571592 65.571592 1476335.754950 9909.053118
250.753025 185.076706 0.628867 0.260992 68.112873 72.622847 72.622847 2552537.064229 1736.285757
201.445882 229.035938 0.655423 0.125691 72.972726 73.753990 73.753990 143978.369323 16609.823602
288.522075 176.918101 0.652882 0.091231 64.081521 72.390342 72.390342 5869819.145187 296.329299
212.895435 288.480428 0.930690 0.133857 59.909984 62.199823 62.199823 1487363.029270 4664.297594
285.913444 209.506009 0.790504 0.332588 63.520129 67.078521 67.078521 2077029.501314 2079.165555
416.252114 271.045178 1.368564 0.167070 55.452442 55.880288 55.880288 71194.610187 21427.318778
146.328210 107.139027 0.309949 0.313879 85.032957 90.010757 90.010757 1684471.085423 1998.448317
155.795667 220.474175 0.662324 0.370562 40.743856 50.745447 50.745447 14478053.658812 1168.385276
136.886255 139.791741 0.334812 0.217019 86.501377 88.788598 88.788598 637157.804282 6426.899644
202.168344 211.821011 0.637244 0.347016 72.516739 73.676865 73.676865 311185.420927 11211.241467
243.457301 352.711750 1.364838 0.211991 31.902211 44.417114 44.417114 28393727.652290 339.737894
83.123679 80.751055 0.172938 0.145508 102.438828 103.907628 103.907628 245222.227121 14397.172219
157.740549 140.343427 0.410815 0.395038 59.207689 77.708950 77.708950 16514166.714974 109.443618
106.288191 134.590006 0.298840 0.233582 92.510264 92.754846 92.754846 35245.943141 98579.745528
93.229511 122.816520 0.304141 0.242781 50.269442 62.474939 62.474939 10744875.268635 1406.056221
169.712026 214.977371 0.618349 0.482856 76.331476 76.367907 76.367907 1125.675295 510551.165176
269.871234 18.616807 0.410630 0.316915 87.158781 -1.000000 86.951459 6869.490373 -166051.900814
401.205288 239.814200 1.195317 0.177079 53.231824 57.329280 57.329280 3278774.379263 1156.976774
436.052301 207.724461 1.184208 0.117273 59.603742 -1.000000 59.451725 9214.537387 -158562.249803
291.712165 186.913286 0.759087 0.483354 62.097318 67.485239 67.485239 3780904.549971 968.511233
208.754486 228.462661 0.684128 0.192324 65.559055 69.588081 69.588081 2618503.356392 2248.490985
222.061822 92.841440 0.415816 0.444299 80.564986 84.489973 84.489973 1149120.472152 1879.083947
263.809336 243.462838 0.828625 0.136366 67.261051 67.962651 67.962651 123760.338715 15175.818571
381.315281 383.265379 1.843744 0.024328 49.197485 -1.000000 48.584026 61404.880374 -49216.788615
74.720259 96.126025 0.214400 0.145421 46.836993 64.974546 64.974546 13707003.257363 906.720198
253.403578 355.305265 1.394870 0.303387 45.708166 49.558680 49.558680 5691283.508004 2117.221437
311.582514 291.409905 1.175665 0.244646 46.106000 55.439347 55.439347 13595475.830430 330.011231
227.964461 94.664013 0.423863 0.418261 77.636556 83.375063 83.375063 2264106.014113 1038.604044
275.379112 251.074499 0.937989 0.374830 45.409260 59.405703 59.405703 21258696.362781 120.522788
195.960869 289.092236 0.963485 0.198626 16.137863 42.390981 42.390981 45839735.841891 99.359573
419.359033 236.782087 1.257192 0.260839 49.950157 55.508720 55.508720 5895698.123670 692.035702
157.858233 173.800951 0.424333 0.174011 86.480574 -1.000000 86.419821 1351.163609 -484932.063724
45.169338 32.709068 0.188666 0.272598 8.225711 55.547241 55.547240 18829099.521524 554.361533
276.331527 206.556509 0.779568 0.403038 52.037385 64.828970 64.828970 15576087.086168 -90.143194
303.492336 233.856929 0.925488 0.450132 64.492646 65.096579 65.096579 112085.249955 18577.918040
200.298944 299.694619 1.028295 0.214845 26.910839 40.286637 40.286637 26058220.520195 568.302307
97.863841 11.065536 0.227816 0.465235 93.046118 97.869733 97.869733 890557.337997 2045.564017
166.552223 243.011723 0.742480 0.280927 36.925077 46.916041 46.916041 16010456.277129 1191.024557
150.466100 155.378838 0.462601 0.539287 69.802048 76.104143 76.104143 3859725.775823 1546.616677
179.804713 208.461975 0.585447 0.328057 77.686666 -1.000000 77.601248 3686.755302 -313768.976501
353.763359 147.460249 0.741731 0.096508 71.765210 -1.000000 71.733562 357.329667 -828136.130443
115.327052 21.510117 0.177857 0.240111 108.051779 108.085792 108.085792 145.168504 675197.770362
129.970723 152.846745 0.405740 0.407411 78.571039 80.860072 80.860072 951233.924704 7038.460506
56.023608 52.688750 0.114469 0.072506 53.159918 87.994983 87.994983 20588643.401086 81.990647
197.051193 281.708751 0.868716 0.107854 61.961523 63.676502 63.676502 1012002.443962 7225.301161
302.652433 147.095546 0.634894 0.216854 64.686729 72.202306 72.202306 5522679.843928 565.773100
215.781245 288.477155 1.012419 0.412422 39.554083 51.300286 51.300286 21334746.668048 475.543871
184.390730 133.329872 0.440073 0.500625 77.986082 81.981691 81.981691 1390438.858147 2265.274575
110.825752 94.643418 0.200979 0.123603 103.937848 104.370972 104.370972 21647.743365 46535.237031
360.652972 134.154481 0.785331 0.365420 55.951776 66.245180 66.245180 10589320.377449 180.723588
226.626654 222.926043 0.706253 0.278308 68.287599 70.376802 70.376802 862738.797923 4985.196704
239.172599 15.022188 0.335156 0.247010 92.886867 92.917629 92.917629 183.757954 624424.766591
313.117396 206.113418 0.812770 0.175952 68.515157 68.874924 68.874924 35958.233807 33212.322871
298.115172 272.363339 1.041720 0.244726 61.552045 62.144379 62.144379 121367.469263 18218.823404
168.443054 150.827517 0.417533 0.339237 85.529787 86.034883 86.034883 45983.255243 32615.369311
142.670980 79.500959 0.249199 0.250798 96.179476 98.051338 98.051338 253755.287847 7179.342669
117.407906 141.438448 0.394262 0.396084 44.929298 65.145423 65.145423 20043841.991690 245.664110
138.979698 192.952614 0.450841 0.090047 70.449575 75.166696 75.166696 3396222.364369 2795.480265
217.874660 321.386382 1.121405 0.169507 50.430411 53.177569 53.177569 3544499.589475 4229.367602
289.522753 119.491542 0.583415 0.465650 77.752725 -1.000000 77.561042 8567.792613 -156372.702638
193.530840 188.868942 0.537655 0.276351 78.569394 79.164923 79.164923 79710.865228 24692.162917
149.244211 81.520569 0.278867 0.341376 97.124717 97.279032 97.279032 3058.291432 121822.341774
227.994304 335.787742 1.193997 0.109098 55.523005 56.640397 56.640397 666202.877413 10517.549787
55.137882 63.780512 0.123543 0.083249 98.318618 99.456491 99.456491 370351.760789 29181.927373
212.744762 56.881800 0.331134 0.300794 84.104511 90.003576 90.003576 1958417.901903 978.551304
288.845939 158.179159 0.597596 0.079436 75.667885 76.697256 76.697256 143473.420841 9090.295171
80.534728 39.634359 0.174962 0.248081 82.366981 95.469576 95.469576 5799343.335966 640.689136
119.976619 149.036657 0.374765 0.321685 76.307873 79.249113 79.249113 1632709.270469 5798.137703
152.731606 119.228991 0.385123 0.518762 75.000722 82.920017 82.920017 3839424.875967 942.736405
308.750857 177.308781 0.754757 0.410511 67.053942 69.239384 69.239384 823297.178287 4155.849260
209.032977 306.709359 1.123973 0.394840 18.106755 37.868654 37.868654 37987333.347505 285.071120
183.876329 168.056597 0.437181 0.129644 81.615720 83.590653 83.590653 484803.006692 5912.763225
199.898371 263.047737 0.804206 0.238582 68.623444 68.838625 68.838625 26683.504303 71001.352140
149.288555 54.564182 0.261929 0.372227 97.704182 98.289290 98.289290 27214.142306 26260.432438
300.001064 271.066600 1.040843 0.236966 60.866054 61.817287 61.817287 276375.634047 10439.795324
415.626587 308.643906 1.552026 0.239082 52.230581 52.790336 52.790336 138350.838159 15239.371890
349.992650 276.129817 1.216817 0.306775 43.763621 54.717696 54.717696 17389259.404109 174.797055
212.907232 52.130853 0.332810 0.339631 92.562392 -1.000000 92.317158 7556.615763 -149278.639769
421.390551 236.836188 1.257155 0.209781 50.150852 55.693375 55.693375 5712331.658259 665.822134
309.207497 209.374357 0.853035 0.345278 53.322550 63.394441 63.394441 11569440.058393 284.268315
269.542109 369.738006 1.493385 0.257350 49.967023 51.523389 51.523389 1230194.468735 5972.475012
184.049415 236.620256 0.734286 0.421348 56.205482 61.975836 61.975836 6410627.730051 1692.888237
123.595091 108.767296 0.288268 0.307559 89.389763 92.143953 92.143953 688929.045345 5182.845956
65.804759 27.360239 0.198967 0.392088 95.112344 97.656641 97.656641 500223.243131 7539.706496
128.765283 11.017429 0.213032 0.330524 102.028804 102.909517 102.909517 46940.773556 16820.728570
67.040533 90.519945 0.252378 0.260692 38.901859 49.052482 49.052482 6789321.176252 5509.541077
161.452325 166.705335 0.478948 0.507761 82.078354 82.423103 82.423103 29373.328812 49143.429984
299.150242 221.926498 0.819208 0.076110 66.113478 67.971372 67.971372 522244.679003 3664.122684
187.782521 229.305814 0.677140 0.334527 69.320026 70.786440 70.786440 605882.556541 9046.028301
185.783038 87.941088 0.312143 0.250137 87.640731 91.647918 91.647918 1066797.029762 2160.218441
257.613793 348.110614 1.339519 0.235264 51.858448 53.740892 53.740892 1505147.867515 4921.838061
93.336780 89.288313 0.259904 0.366766 83.902711 88.584834 88.584834 1817858.793341 3266.259420
395.105215 307.132162 1.470561 0.145871 50.649148 53.098977 53.098977 1583918.336372 2309.386194
181.327945 112.777267 0.375734 0.381798 79.451286 85.547169 85.547169 2468836.759968 1205.997742
302.230171 218.472690 0.867463 0.353518 55.272589 63.223029 63.223029 8225098.876668 510.914581
382.958124 140.553086 0.848210 0.334563 67.262578 67.691394 67.691394 50410.513735 27012.156572
352.919647 189.727674 0.867305 0.159659 64.652723 66.297353 66.297353 525509.545793 8359.940027
214.982443 278.115624 0.921082 0.301143 56.421925 60.182604 60.182604 3675614.177030 2547.275872
125.283870 92.525895 0.293329 0.408383 84.267947 90.159995 90.159995 2018431.530371 2477.393606
209.857622 262.414053 0.840165 0.314049 62.048235 64.327822 64.327822 1472867.690212 5058.788821
53.983462 21.232172 0.194687 0.361247 77.091984 84.144782 84.144782 2982531.977225 2453.330180
81.088061 92.223742 0.265701 0.400110 86.227328 87.083892 87.083892 283955.807875 31855.163810
121.978922 109.396473 0.306144 0.384024 88.537184 90.860348 90.860348 529240.572954 6377.125263
332.333112 192.397426 0.852516 0.426131 68.021218 -1.000000 67.965501 1440.209373 -437180.131985
136.845840 37.443535 0.212489 0.255717 88.882678 99.176698 99.176698 3586898.822232 417.691736
296.390315 205.610259 0.791619 0.311342 68.506789 69.152421 69.152421 106898.488725 17965.615629
359.205169 281.316934 1.248339 0.256626 55.496180 57.044626 57.044626 714499.872665 4953.130722
312.027296 214.456718 0.856808 0.300304 66.661230 67.213553 67.213553 86290.312702 20730.586176
177.762165 169.347199 0.512077 0.520444 77.346334 78.941385 78.941385 401524.193996 8075.025216
223.137718 227.120519 0.738822 0.355350 58.065133 65.641283 65.641283 7526029.514954 857.527974
194.604590 262.565077 0.835856 0.393296 60.357703 62.439254 62.439254 1667919.743542 6120.973891
176.929212 213.354333 0.624490 0.295778 39.360505 62.760222 62.760222 34223127.226285 76.528374
270.455590 110.477662 0.494525 0.267146 78.004523 80.502403 80.502403 692352.641572 3669.990576
273.910596 339.956083 1.331602 0.302868 54.068647 55.169230 55.169230 547334.365851 8810.793495
205.524474 288.462603 0.987441 0.298130 23.429896 47.319527 47.319527 46267830.834588 33.722021
96.178189 98.549309 0.265100 0.363783 94.093411 94.936897 94.936897 125214.168781 24712.191088
233.453008 282.359777 0.945844 0.202248 62.150751 63.409704 63.409704 500716.997383 12268.386637
329.050089 75.161570 0.606537 0.453587 77.155491 -1.000000 77.139685 95.349348 -1668349.941441
160.815987 216.200296 0.621608 0.319053 53.420189 61.166687 61.166687 9554640.357007 1346.605912
293.092110 268.652403 1.030443 0.309860 56.716837 60.194177 60.194177 2614315.953962 2089.982293
342.752459 282.594648 1.226435 0.354598 51.370873 55.796112 55.796112 4334103.290242 1376.775852
322.665703 246.058175 1.018955 0.392079 58.247707 61.034291 61.034291 1715899.987677 2672.780849
406.708081 333.396916 1.641779 0.102983 47.378169 50.673195 50.673195 2578863.058833 1055.320175
114.601625 18.650917 0.248292 0.515518 100.179944 100.273904 100.273904 814.652819 207347.208757
223.515256 315.866543 1.120464 0.272008 49.569427 53.388015 53.388015 5177725.471532 2578.069897
218.519306 267.136007 0.829815 0.085410 67.828369 68.207042 68.207042 42510.762272 32664.080242
120.647175 148.107798 0.392311 0.434043 80.517570 81.801297 81.801297 461629.326332 14923.673317
313.130850 120.694481 0.647304 0.446422 59.530567 71.157284 71.157284 10567891.336149 195.164967
224.350696 329.499715 1.185270 0.314325 55.416524 55.836772 55.836772 292576.476452 36757.498710
242.619875 88.918229 0.436416 0.391953 75.701741 82.435049 82.435049 3062017.020969 -3067.079072
233.904183 165.172343 0.554440 0.355735 77.273036 78.212374 78.212374 152259.329293 13417.492326
403.104249 159.041055 0.965795 0.363158 59.335334 62.597728 62.597728 1959535.599478 17218.370303
112.663100 83.114004 0.249851 0.313503 83.248206 91.894245 91.894245 3647018.513854 1076.174256
195.300431 202.150061 0.556839 0.155741 79.052038 -1.000000 78.923171 5451.340414 -220906.081688
361.285024 264.689855 1.161630 0.095644 53.382668 58.331445 58.331445 3869241.322047 -406.275599
352.023151 250.114223 1.090655 0.264418 60.866480 61.280627 61.280627 62643.251872 25788.668306
240.381703 251.444535 0.885227 0.459366 47.687141 59.627860 59.627860 16932139.412053 329.093230
179.816185 23.828057 0.282442 0.367414 81.498483 93.563937 93.563937 4975301.524416 89.981505
268.736853 295.690560 1.054049 0.034950 62.486507 -1.000000 62.293737 7854.802061 -143938.877099
117.532381 97.834488 0.316787 0.498040 80.230984 86.608776 86.608776 2482682.094401 1582.537950
184.226226 134.907050 0.386528 0.214844 64.403448 82.294216 82.294216 15359032.184470 83.669885
137.004220 121.488144 0.321342 0.332945 93.866150 93.903705 93.903705 372.472822 567969.725469
127.676100 145.734539 0.342624 0.226758 84.887384 87.024396 87.024396 697263.407625 7647.580192
185.092549 170.872679 0.522696 0.442587 64.503266 73.825015 73.825015 7387160.936787 615.088967
146.808781 207.605120 0.507189 0.101181 72.507960 74.723600 74.723600 1278622.829666 7229.718666
175.910496 221.550512 0.627488 0.325415 73.589702 74.169139 74.169139 130197.918604 27376.862066
110.318713 98.788569 0.240044 0.204337 81.762581 91.149647 91.149647 4789487.697311 1011.804667
276.967980 337.633558 1.310472 0.234526 57.353577 57.373582 57.373582 406.232288 657668.118324
76.130392 48.947981 0.247234 0.479960 64.183455 81.776906 81.776906 9216028.367098 422.889637
199.558031 285.549046 0.953102 0.344981 51.405106 54.510911 54.510911 4184008.191469 4035.319324
184.023086 277.195868 0.888563 0.205995 41.321433 45.454873 45.454873 7175966.162994 5016.675475
102.260153 72.285870 0.199112 0.214922 95.701871 99.852514 99.852514 1038698.732891 3305.980981
299.209780 234.365771 0.874011 0.105753 56.364079 64.428582 64.428582 7382674.594854 344.993590
119.460637 167.957529 0.416705 0.216469 54.628285 61.227721 61.227721 7048905.673475 2627.942303
406.949343 184.714277 1.037725 0.351947 63.106302 -1.000000 63.086093 268.642918 -1094789.223427
230.024655 242.082311 0.800803 0.412790 66.912155 67.932191 67.932191 296389.425254 11713.702134
154.510556 100.525489 0.328367 0.414987 89.807361 91.352217 91.352217 209768.629778 8560.643940
88.164451 107.247058 0.347232 0.513250 41.160695 57.979795 57.979795 12875510.019165 822.074718
228.414767 116.553977 0.434532 0.311061 81.209840 83.753678 83.753678 644018.460017 3815.565184
269.127754 323.328112 1.222023 0.204986 54.615955 56.629710 56.629710 1295244.098682 4164.394580
