205.395323 319.534814 1.133702 0.150642 26.235380 29.602850 29.602850 6314206.069100 26696.674236
201.039759 100.244075 0.378307 0.364023 81.066554 86.221201 86.221201 1809316.419929 1394.401427
100.709549 99.509822 0.308268 0.503311 83.657666 86.787577 86.787577 1001183.645093 5111.058458
209.692780 153.250280 0.507085 0.485023 81.239620 81.474050 81.474050 11510.794559 66073.768338
212.890111 227.701498 0.725071 0.489395 71.877419 72.002672 72.002672 6956.811557 123851.390957
198.130578 291.165302 0.957282 0.281521 56.120530 56.952580 56.952580 858700.585895 20917.359505
407.346715 302.214593 1.499412 0.224123 46.372540 51.539615 51.539615 6028599.519046 797.981907
336.749511 107.832720 0.659318 0.309231 61.432802 71.007228 71.007228 8162871.579997 311.960474
288.955689 149.109594 0.647314 0.433672 64.083433 71.420089 71.420089 5267875.934180 638.496435
215.892178 238.424357 0.743618 0.214539 56.222344 65.090087 65.090087 9771995.248337 650.374951
358.359483 295.955106 1.313576 0.185473 44.547674 53.779607 53.779607 13566074.264083 171.501638
194.359329 266.930682 0.803949 0.164241 66.926112 67.591486 67.591486 198883.206064 21499.427256
133.633458 173.901968 0.398244 0.131498 76.747641 80.290171 80.290171 1982274.734556 4164.134780
326.019273 97.869615 0.643313 0.502769 70.756086 73.467368 73.467368 925493.375297 2841.352839
180.884873 175.710844 0.512762 0.417732 77.825926 79.191763 79.191763 324181.774341 9914.321799
244.048727 115.940785 0.455008 0.296824 84.367954 -1.000000 84.156948 8683.694624 -153849.938730
292.308202 186.077761 0.705936 0.201716 70.059759 71.553878 71.553878 403370.131140 6648.239378
273.199379 165.209267 0.607939 0.240508 77.048189 -1.000000 77.020284 307.941352 -948916.196981
199.097989 128.487803 0.460391 0.524467 64.795198 78.786204 78.786204 10295341.777380 115.605678
408.999525 334.986482 1.661363 0.120914 45.584103 50.016853 50.016853 4488431.343259 724.477359
190.946348 262.507316 0.856332 0.348866 35.999149 51.054068 51.054068 26416134.388951 315.078877
252.371947 332.656191 1.244298 0.163637 40.692376 51.796251 51.796251 19944773.396369 200.379638
250.811807 251.999840 0.860824 0.208855 49.908473 61.903371 61.903371 16085704.956561 238.204830
236.591413 182.424779 0.581439 0.207066 73.059087 75.695244 75.695244 972406.196814 3645.405563
135.241932 187.704743 0.502369 0.325190 63.529153 65.957895 65.957895 2239863.147528 7967.684501
230.326437 17.966716 0.310157 0.204848 52.039781 -1.000000 94.986779 40708358.143270 -198.906675
38.563717 27.587363 0.110410 0.093903 27.286752 68.011798 68.011798 19521038.187859 376.866926
401.995565 166.496601 0.958198 0.202650 60.205447 63.145028 63.145028 1570730.218740 2298.255430
227.309488 133.742366 0.426684 0.133935 81.668860 84.372731 84.372731 713909.696000 3415.689467
277.829863 138.560084 0.577269 0.309965 66.762712 74.423759 74.423759 5261548.011419 562.410611
257.427781 59.140521 0.423754 0.384030 86.251436 -1.000000 86.016103 8713.622464 -144557.700899
200.605908 259.050109 0.847610 0.421861 52.134741 58.619896 58.619896 8275426.479564 1316.104112
289.550000 334.887715 1.318590 0.141635 55.249845 56.141985 56.141985 292120.430940 10135.463139
218.144013 197.574035 0.597726 0.236017 74.196023 75.592023 75.592023 359234.594725 8472.945743
185.776151 256.342846 0.799042 0.310679 52.788422 58.150594 58.150594 6967960.438964 1964.203245
231.337759 168.863413 0.542915 0.259112 76.508690 78.159496 78.159496 409293.136329 6802.108190
148.639973 116.150624 0.363665 0.455064 73.024337 83.394675 83.394675 5819893.044767 559.291127
227.364195 104.735514 0.401631 0.240671 72.477028 83.553458 83.553458 7045014.544488 329.545664
132.902531 136.856366 0.382216 0.400815 65.241811 77.099124 77.099124 9085243.515599 584.601745
116.343330 157.675283 0.380027 0.231431 67.942428 71.626330 71.626330 3024712.751360 5112.786666
119.785315 160.324705 0.404457 0.248740 51.837852 63.333687 63.333687 12212405.849307 963.006169
313.503998 284.216402 1.139580 0.220608 51.666262 57.262808 57.262808 5874654.497678 875.770627
251.198378 182.706840 0.655201 0.476426 71.608041 73.168013 73.168013 420002.119890 6797.872519
263.615570 288.019351 1.060204 0.321419 51.682564 57.599416 57.599416 6849787.835165 1102.247492
180.342541 39.300496 0.278839 0.321847 84.700086 93.804612 93.804612 3322600.231238 349.980667
171.889513 193.807819 0.572420 0.448820 64.307899 70.417780 70.417780 4876277.853779 1556.443321
250.847443 382.502570 1.563297 0.185641 33.939968 38.803503 38.803503 11416432.737351 2405.680101
235.750155 304.045733 1.039778 0.126285 61.716619 62.177208 62.177208 86702.550209 25667.799706
233.446044 221.526408 0.718194 0.360571 12.653078 -1.000000 72.712738 92481707.388997 -144.398317
331.616470 312.565533 1.313885 0.204248 55.490665 56.328143 56.328143 258043.801427 10540.287184
269.652237 320.432097 1.231528 0.281011 44.704920 52.991241 52.991241 13057818.015492 565.047098
331.279118 303.546287 1.289470 0.259693 38.391473 52.949104 52.949104 27468076.782960 36.800989
169.301394 120.760555 0.377318 0.374494 66.705203 82.612098 82.612098 11695358.715482 140.971168
441.869903 215.236511 1.263700 0.330889 51.795652 55.774700 55.774700 3453281.624415 1233.461017
124.203729 119.167921 0.285137 0.234575 92.838530 94.136789 94.136789 210116.159165 13129.118304
133.933273 5.427219 0.171073 0.171454 108.223669 -1.000000 107.918201 7574.009215 -140325.936960
157.755012 70.387044 0.311452 0.496238 48.489141 -1.000000 94.877992 36125540.308691 -184.012783
339.299128 196.937217 0.892459 0.371794 54.574331 62.848487 62.848487 8666515.580363 436.583876
303.102390 382.321564 1.629096 0.165572 52.203510 -1.000000 52.143019 3346.090272 -307165.970610
64.093994 82.788816 0.217342 0.216053 58.101518 62.644684 62.644684 3085233.308211 11391.276493
210.250148 150.467505 0.513253 0.466727 59.270454 75.182439 75.182439 14615032.246170 49.122099
339.035133 343.694447 1.508122 0.256480 51.348393 52.651889 52.651889 660491.354340 6051.058593
231.760901 325.676305 1.171759 0.214508 50.604011 54.054218 54.054218 4137651.278286 2717.271470
350.323882 229.925403 1.002821 0.195425 60.002303 62.186703 62.186703 1019516.160747 3401.337716
177.995398 242.161870 0.720988 0.217895 37.864038 56.163415 56.163415 29522363.958344 177.587775
140.777472 116.611263 0.283780 0.187894 93.670412 94.984959 94.984959 183001.257942 11891.898302
153.001439 104.772304 0.307430 0.317039 94.945302 -1.000000 94.880100 830.789049 -511455.231357
276.455273 294.010778 1.114674 0.312772 50.244838 56.525470 56.525470 7651817.691812 904.062595
77.638341 102.992584 0.309105 0.396755 51.124171 55.938560 55.938560 3546262.112472 11348.824621
84.982411 108.223167 0.226221 0.172549 92.340307 92.741472 92.741472 129259.821297 82090.286618
207.717057 294.362150 0.983707 0.289751 56.103685 58.046792 58.046792 1868363.061370 6501.887026
200.708606 291.960859 0.953734 0.261094 58.649971 59.498880 59.498880 673332.989066 18536.928576
178.852222 209.657814 0.598462 0.379693 76.141499 76.446185 76.446185 34620.803134 53701.722576
219.217512 227.788443 0.722564 0.355449 68.399477 69.978942 69.978942 574703.567108 7571.938147
236.319231 186.116234 0.587924 0.162925 62.485675 72.991123 72.991123 9300126.794731 341.112666
114.415014 122.411740 0.319176 0.327810 74.571245 81.894058 81.894058 4375689.205680 1573.268134
288.747007 279.681196 1.085197 0.357826 47.211274 56.567216 56.567216 13389086.480121 391.207688
341.645049 239.170287 1.026898 0.354671 15.694382 -1.000000 63.420334 91925649.652535 -148.696261
328.281998 218.732621 0.922077 0.351858 63.596229 64.754353 64.754353 337607.250918 8557.494107
167.913777 230.076389 0.723900 0.448206 37.285609 51.368978 51.368978 21557032.839881 463.434790
246.065422 300.845532 1.086923 0.364534 55.310955 58.028419 58.028419 2243794.437604 3340.134351
276.079098 336.921493 1.313720 0.224366 52.580199 54.735184 54.735184 1570940.214149 3774.378721
436.935476 243.230363 1.332144 0.185005 50.217362 54.715080 54.715080 4148648.772114 901.458123
158.763491 53.445417 0.264091 0.345193 98.520309 -1.000000 98.350764 3208.298126 -222960.796931
78.838542 74.612407 0.269551 0.555938 97.300803 97.376210 97.376210 2361.632126 326699.334234
214.553485 255.531095 0.845253 0.375443 49.861901 59.575573 59.575573 13259670.639191 562.255857
439.526715 262.476703 1.419489 0.254247 55.436870 -1.000000 55.390894 1518.787054 -439235.526298
221.882638 174.011936 0.513818 0.137753 80.267871 80.805548 80.805548 52210.704348 25813.589217
169.216516 175.920716 0.485776 0.293549 66.285246 74.883346 74.883346 6907135.788840 908.777115
213.689276 314.263709 1.087101 0.332026 58.404243 58.494840 58.494840 48806.096284 250271.674935
182.632203 127.223109 0.395890 0.376258 86.331927 87.203657 87.203657 96484.941510 16112.611739
232.560847 347.196462 1.287727 0.257470 54.334699 54.511406 54.511406 109773.262028 107427.944422
190.924646 158.178103 0.495089 0.415798 57.832850 74.782473 74.782473 16451718.593394 63.119848
313.662116 114.341891 0.590332 0.213476 71.743759 75.393478 75.393478 1532033.123111 2586.729710
171.302787 194.299668 0.507529 0.163576 72.410150 76.639124 76.639124 2384886.782813 2516.660704
328.338648 272.004283 1.124488 0.330447 60.858193 -1.000000 60.750312 6563.589047 -209834.451528
53.320502 22.585940 0.145878 0.201351 78.675994 88.809338 88.809338 4813486.163584 1617.948999
253.741174 253.915443 0.852957 0.110943 51.717748 63.703466 63.703466 14396484.219920 167.978333
214.962922 272.048060 0.869185 0.188503 61.016641 63.708198 63.708198 1813587.587551 3675.454641
217.704233 168.941435 0.564001 0.506362 76.234996 77.405092 77.405092 223487.391672 10497.742236
420.135782 246.235813 1.293912 0.327437 56.852943 57.208974 57.208974 54240.694520 28532.538192
184.066107 214.605731 0.637902 0.339344 57.317125 66.332249 66.332249 9748628.878848 774.196830
184.126479 264.482254 0.867277 0.434382 48.508354 52.109295 52.109295 5324801.200401 3954.917281
288.980121 276.730797 1.059711 0.265228 41.076003 56.829580 56.829580 27198949.069914 57.153688
142.926691 207.712397 0.620157 0.448436 51.159582 52.307112 52.307112 1414982.966835 62931.499800
209.844155 313.891711 1.129139 0.335373 41.189612 44.138911 44.138911 5609742.832914 5496.070417
287.161821 231.823910 0.859497 0.319288 67.831485 -1.000000 67.787938 1020.313417 -543663.927308
300.814140 286.157383 1.112769 0.195534 52.916789 57.995890 57.995890 4920310.013147 1073.935287
109.499788 123.871208 0.343935 0.417808 70.272412 77.184496 77.184496 4446131.336959 1892.869465
304.239398 239.872711 0.921060 0.208823 62.025422 64.157336 64.157336 962276.020991 6655.112736
154.569622 151.833719 0.393428 0.282132 84.980674 86.236831 86.236831 240558.693535 12012.092808
76.782176 73.591833 0.252275 0.425439 79.737351 84.278299 84.278299 1913868.895273 3991.974143
303.761571 410.995653 1.815584 0.124409 48.748210 49.221881 49.221881 131813.363199 18481.150033
140.311315 66.455036 0.225258 0.214431 92.185411 98.343904 98.343904 1778723.365747 1350.257419
327.577046 291.431281 1.197044 0.149693 53.175127 57.117908 57.117908 3172461.343548 1280.593927
222.488455 315.837730 1.114710 0.245939 49.248690 53.306702 53.306702 5613081.999294 2403.981115
212.133501 254.350379 0.821199 0.347764 59.261720 63.410373 63.410373 3625536.551491 2198.155712
177.150798 246.135030 0.733415 0.273560 58.228817 61.816770 61.816770 3839558.861420 3490.668020
430.245291 289.518002 1.509094 0.195817 49.934815 52.407409 52.407409 1713754.568562 2340.913527
121.672190 117.659717 0.279290 0.224157 90.989818 93.228951 93.228951 534452.125566 7034.580789
317.581490 210.643944 0.854345 0.275296 66.700611 67.280177 67.280177 92452.747447 19504.220091
438.429244 264.182592 1.431936 0.226634 45.497715 52.380243 52.380243 9040995.651009 444.919459
327.133898 156.429347 0.739133 0.353858 65.543223 69.186861 69.186861 1898518.855746 1961.610022
331.637967 227.465871 0.936262 0.164727 63.121063 64.446754 64.446754 398438.285438 6728.283962
276.829401 165.078353 0.667429 0.459100 56.699432 69.475425 69.475425 13012608.922216 191.146765
249.573832 373.878055 1.513739 0.241708 35.279364 41.163441 41.163441 13425014.952260 1428.048981
293.612729 314.200835 1.231599 0.218652 54.568015 56.683273 56.683273 1316193.504767 3704.135825
111.924926 65.756826 0.265713 0.462973 87.607756 93.166543 93.166543 1475554.829716 1749.055664
163.226776 191.319910 0.511566 0.287773 76.013121 77.763337 77.763337 638304.672817 8161.240358
223.069950 238.471522 0.781330 0.390768 61.831382 65.763318 65.763318 2875862.765149 2300.492687
297.800203 269.758494 1.024952 0.156655 54.576764 60.154912 60.154912 5128085.534194 880.580441
445.689213 243.613576 1.368758 0.283582 55.442866 55.848417 55.848417 69797.190417 23811.678874
128.110739 170.698747 0.477419 0.453632 63.329947 66.666037 66.666037 2851168.888668 4605.822602
251.791582 338.151346 1.279103 0.297069 53.360535 54.924730 54.924730 1131045.157343 6612.296534
413.706038 223.780259 1.171652 0.177911 58.396975 59.257619 59.257619 216676.211770 9721.703873
308.366407 235.992427 0.941889 0.398535 62.302640 63.818968 63.818968 568329.144150 6169.708350
360.402380 247.150726 1.112353 0.342393 60.201978 60.690877 60.690877 86888.068501 21423.284862
134.354844 150.306002 0.386581 0.354979 84.274867 85.500401 85.500401 286125.025197 14004.739468
163.260683 198.681498 0.527990 0.225966 69.363223 73.714303 73.714303 2975626.756494 2500.823059
263.634056 41.179894 0.451170 0.529887 84.536537 -1.000000 84.272115 10170.964954 -128617.232061
173.506510 140.951111 0.364579 0.176716 90.764650 90.773377 90.773377 26.760479 2383323.089061
269.476414 197.909482 0.679193 0.118967 66.128625 71.222767 71.222767 2980173.309921 1037.778081
375.068726 213.344373 1.043635 0.352344 53.157813 59.501082 59.501082 6442208.283366 691.812730
226.720574 269.080886 0.872801 0.172723 61.624851 64.280764 64.280764 1602089.877855 3834.519865
212.669569 121.510603 0.435325 0.419262 85.575093 85.736599 85.736599 4794.375323 101226.363694
234.960095 208.541424 0.663095 0.223027 69.112177 71.885883 71.885883 1240203.996370 3504.730306
271.517292 147.979796 0.580322 0.316474 74.688320 76.484818 76.484818 465179.565056 5639.152401
260.267220 230.380493 0.839399 0.464381 51.676149 62.436660 62.436660 13204442.099356 345.248993
218.551393 291.511629 1.016573 0.380714 46.313439 53.762599 53.762599 11663840.740481 479.165954
244.592760 144.643378 0.553840 0.492634 73.946904 76.930640 76.930640 1012468.893605 2921.799626
82.996901 88.736416 0.178040 0.135149 104.495509 105.092995 105.092995 62766.376305 39791.992088
255.052537 261.482111 0.900763 0.266337 65.995357 66.226600 66.226600 22252.787690 56883.757691
226.398907 5.593409 0.328202 0.312743 93.097744 -1.000000 92.927726 3832.238119 -213001.426316
234.267190 278.769216 0.952990 0.253778 51.133598 58.791461 58.791461 9814412.967758 781.262061
219.090916 308.323082 1.075341 0.326887 54.441709 56.403863 56.403863 1920090.324121 5965.622006
105.181477 112.211622 0.334883 0.499946 75.990882 80.953743 80.953743 2403396.288013 2909.881679
185.220182 0.691943 0.272725 0.317192 85.262266 94.589085 94.589085 3333072.476887 318.622237
267.090533 154.064542 0.588336 0.343363 75.853501 76.773308 76.773308 146850.620836 13005.660704
225.852483 27.110200 0.356143 0.420813 91.116798 -1.000000 91.010201 1640.934932 -326300.512673
119.139639 112.875514 0.288271 0.263653 74.474008 85.502543 85.502543 6841297.857803 708.844947
250.168871 334.813325 1.252280 0.205353 49.419240 53.561282 53.561282 4936020.583429 1847.138461
169.644504 253.550914 0.834019 0.394266 28.644941 37.136856 37.136856 13548686.063476 3165.643694
153.237265 30.365149 0.285956 0.501847 85.212440 93.549236 93.549236 2365474.705226 327.862657
309.864629 91.130994 0.563797 0.305112 67.715548 75.466990 75.466990 5067573.614928 507.573028
174.422432 264.128797 0.763716 0.064551 44.286664 53.305648 53.305648 12845902.073083 1175.102892
331.462784 175.924762 0.779569 0.224144 65.539671 68.307815 68.307815 1244310.416050 5035.026959
398.860503 283.323703 1.371857 0.163540 49.839146 54.074785 54.074785 3839968.782433 990.988402
191.074129 159.746865 0.439236 0.201380 85.381909 -1.000000 85.235767 5258.788577 -214274.870725
220.045005 66.602497 0.342381 0.284075 92.377137 92.394457 92.394457 68.226068 1180393.383589
95.739536 105.399963 0.331368 0.487972 52.128272 68.853764 68.853764 12718728.997377 448.342642
218.400682 126.551966 0.406681 0.172515 80.670904 84.799051 84.799051 1458306.254882 1983.026456
105.969655 2.319458 0.127293 0.115608 114.882564 114.894459 114.894459 19.732256 2314604.360107
411.280629 218.996860 1.140029 0.127296 59.064263 59.981131 59.981131 218694.093186 10881.925583
181.567845 161.707119 0.476802 0.374416 72.430928 78.087678 78.087678 3141636.213584 1253.325052
161.864602 202.208586 0.591886 0.394413 50.101346 62.682859 62.682859 15640238.462191 576.045086
198.903372 36.852947 0.258885 0.171247 99.483898 99.493016 99.493016 17.530118 2524914.561700
238.564322 329.570032 1.236076 0.299325 37.863875 48.323324 48.323324 21015295.821258 490.830777
344.245306 205.385817 0.924056 0.417683 65.861262 -1.000000 65.773676 3536.517787 -278764.529504
330.634031 392.775866 1.759434 0.055483 47.103959 49.616015 49.616015 1449828.066958 1131.819938
379.311589 264.383788 1.238626 0.241524 48.930180 55.482896 55.482896 7710429.168613 477.051749
99.554139 101.695425 0.196321 0.089871 93.116818 98.680803 98.680803 1895709.088099 2345.977634
88.033032 111.794192 0.364936 0.531801 34.069420 52.113377 52.113377 13614697.065019 1112.665008
165.402078 154.632423 0.441505 0.344024 54.720119 75.480870 75.480870 21252626.561572 89.832184
383.466926 303.099743 1.425325 0.295074 54.197391 54.720987 54.720987 121044.196571 17631.019927
95.827438 102.632765 0.206718 0.131575 98.700593 100.268504 100.268505 295293.444042 12590.632840
185.479172 134.597611 0.445023 0.487081 71.753059 79.957669 79.957669 4608249.559363 682.649692
294.209228 93.626274 0.509707 0.227107 79.692513 80.709252 80.709252 145887.078342 11395.716328
192.535080 257.688204 0.826532 0.411969 55.235843 59.550950 59.550950 4913946.114184 2442.591772
177.836383 191.956934 0.552353 0.381569 72.357386 75.125545 75.125545 1278615.688812 4321.751247
245.065256 219.638696 0.741996 0.323057 61.897304 67.305650 67.305650 4183506.362024 1279.147118
52.100621 31.968283 0.116343 0.137694 107.952641 109.005857 109.005857 174589.577952 25562.902674
417.240557 249.308140 1.278803 0.113998 46.796981 55.630619 55.630619 10920349.359850 115.446895
218.248183 271.804753 0.901479 0.320726 56.690251 60.876039 60.876039 4058643.726369 2208.335510
449.175624 310.741181 1.672979 0.159210 50.981320 51.350767 51.350767 63217.736083 22536.278031
248.057911 309.074760 1.101896 0.249558 61.434099 -1.000000 61.380874 2381.313190 -393150.032832
360.560194 166.372039 0.856567 0.325095 51.873620 63.751301 63.751301 14370888.897501 150.133050
254.990836 276.711857 0.971962 0.294201 63.155939 63.717066 63.717066 119478.180774 21177.489140
413.299600 251.865366 1.272506 0.132020 57.888125 -1.000000 57.760094 7604.195998 -178876.874553
245.252467 108.946284 0.471975 0.391245 70.881028 79.717666 79.717666 5250816.641927 431.502659
57.220882 49.128497 0.192935 0.279028 64.547217 75.252950 75.252950 6072052.633854 1579.181802
316.568923 174.689827 0.754032 0.288877 58.376417 67.183725 67.183725 8310723.078998 441.499392
223.741167 282.660953 0.994092 0.438219 44.116820 54.342565 54.342565 16679307.801361 501.377766
221.809302 326.512988 1.197632 0.293280 40.803313 46.012736 46.012736 10033619.579324 1856.025084
186.312242 240.483231 0.706488 0.225906 61.966866 66.166818 66.166818 3622879.899574 2533.808459
101.867108 7.572121 0.212916 0.392970 89.638237 98.154009 98.154009 2316311.689210 764.322830
167.838911 188.030624 0.554763 0.522573 72.350818 74.707306 74.707306 1024875.332563 5504.153955
249.872409 206.193455 0.718266 0.482508 72.011189 72.211354 72.211354 12906.900267 70896.191555
154.082407 161.101287 0.425704 0.285539 71.965937 78.702126 78.702126 4390501.833042 1550.617597
361.037318 249.302675 1.105935 0.194574 59.940598 60.681844 60.681844 168098.144422 12619.077010
153.697565 97.131258 0.355720 0.535162 72.016666 85.151885 85.151885 7074258.686913 169.865321
195.570497 177.569357 0.558493 0.520136 74.116156 76.299572 76.299572 711288.937115 5185.526756
105.903760 37.156207 0.217783 0.365957 89.112965 97.347647 97.347647 2415870.248721 889.999135
354.293074 307.346027 1.349386 0.208556 55.849948 56.203437 56.203437 56017.621118 28373.597997
255.173289 218.816331 0.769358 0.441345 67.419840 68.868404 68.868404 460759.815765 7496.562257
184.444939 268.276781 0.835615 0.226048 50.997821 55.025063 55.025063 5679481.933905 3254.587500
408.754246 205.669676 1.101525 0.234727 58.030282 60.015517 60.015517 924418.279859 3838.439907
55.531628 33.898111 0.199137 0.324608 45.046225 71.067654 71.067654 14867229.375926 261.114005
208.966349 255.298435 0.786735 0.225142 68.156169 68.780780 68.780780 139793.967488 21652.979707
250.047865 17.249396 0.378383 0.339691 87.135541 88.478866 88.478866 164197.917914 8126.151928
194.619698 106.967581 0.382807 0.371768 76.791699 84.868766 84.868766 3884014.079559 626.603539
379.549386 158.608884 0.900601 0.389663 54.558964 62.933084 62.933084 8647984.508870 396.923707
223.666928 195.184921 0.613011 0.332083 76.494337 -1.000000 76.371016 5246.093678 -224249.825263
349.591780 318.330806 1.390228 0.209399 55.965958 -1.000000 55.939295 593.533423 -740346.332068
388.580190 148.821139 0.894275 0.341387 58.694024 63.890792 63.890792 3981274.155335 939.360429
71.695708 51.681919 0.267629 0.543984 50.597574 74.246806 74.246806 13467034.406785 240.416620
230.197170 183.369510 0.618244 0.496760 76.118122 -1.000000 75.938527 9612.195732 -157677.469736
231.883412 201.658192 0.641346 0.299544 75.460429 -1.000000 75.392957 1835.797158 -395408.478079
168.180884 244.317783 0.802582 0.479590 33.080338 42.659130 42.659130 15263380.209068 1619.356135
136.829861 177.345923 0.504937 0.402502 43.112602 59.338714 59.338714 19337973.569618 382.051695
83.392182 72.821978 0.274291 0.520298 80.945172 85.889761 85.889761 1791078.728772 3138.041802
109.790039 136.931197 0.316983 0.285131 92.601608 92.718343 92.718343 9400.351078 204033.423620
354.251158 383.882213 1.767685 0.060348 50.498924 -1.000000 50.457177 1029.639856 -464305.307777
269.919163 162.010864 0.637230 0.433659 65.509786 71.843657 71.843657 4188239.850247 878.689319
123.482318 184.163476 0.525385 0.348780 38.644747 41.601365 41.601365 3416224.114035 35335.089548
347.631054 209.528647 0.950914 0.434708 64.086282 64.595131 64.595131 80068.193579 21659.109790
266.307305 280.292748 1.019483 0.223584 40.645025 57.286774 57.286774 28857310.685040 53.156900
397.549147 163.866187 0.940912 0.231093 60.795489 63.593755 63.593755 1446115.745497 2517.882941
400.783789 203.703179 1.071985 0.290844 61.256395 61.708554 61.708554 69156.661363 23092.337633
341.979769 280.294367 1.210104 0.371167 55.402234 57.348837 57.348837 1087623.341971 4095.399911
203.603648 195.176323 0.567571 0.199223 64.690355 72.995033 72.995033 6845269.412561 723.000113
229.563640 212.244882 0.708997 0.416659 58.160742 66.817833 66.817833 8507487.358432 626.560506
76.452236 65.024564 0.248842 0.437665 74.060609 82.570377 82.570377 4059835.012981 1620.719920
64.378995 57.731364 0.256898 0.530195 82.468053 84.251190 84.251190 581231.711433 15106.551410
316.681879 290.549677 1.164441 0.143382 52.240285 57.382706 57.382706 4821524.073656 894.394888
258.115923 304.356949 1.119582 0.249892 47.481305 55.397359 55.397359 11290298.905654 637.908857
232.463182 268.674057 0.905754 0.387532 65.044940 65.492868 65.492868 85055.934792 29105.081088
217.746557 234.590476 0.724347 0.209428 65.043268 68.531603 68.531603 2145138.081467 19083.168355
141.671818 94.966903 0.299798 0.353593 78.320331 88.917650 88.917650 5202919.633671 507.280791
133.140703 185.426489 0.428431 0.134553 79.635380 80.583617 80.583617 373351.847938 20934.282158
157.886952 136.397464 0.414677 0.457851 64.070056 78.425198 78.425198 11092368.704552 237.721132
429.093175 195.475481 1.145985 0.255248 50.096215 57.461990 57.461990 8482482.900786 406.191141
167.049070 125.865228 0.410253 0.540768 82.889683 84.946901 84.946901 417404.599641 5731.682974
267.639684 185.642271 0.680726 0.345639 64.988965 70.254506 70.254506 3453232.021356 1304.447339
254.167711 353.054560 1.373128 0.277864 48.717997 51.481762 51.481762 3210737.441375 3258.150904
170.737772 61.512634 0.314064 0.463982 89.742909 92.406290 92.406290 415391.653158 3449.470672
352.008100 269.580855 1.201229 0.358397 43.452498 54.862926 54.862926 18350439.004736 14212.672993
193.080635 290.885324 0.935452 0.135025 45.663954 49.899834 49.899834 6858251.263880 3796.068893
253.556116 316.517486 1.177174 0.273719 46.390045 53.687309 53.687309 10903222.052894 762.404546
143.016383 145.659483 0.390600 0.404231 87.776566 88.032664 88.032664 15310.614257 72761.788105
121.111744 30.292260 0.260649 0.518010 91.646041 95.958359 95.958359 731845.050365 1838.646690
274.587553 15.283183 0.435352 0.378701 80.442690 83.805434 83.805434 912913.184325 2212.248083
296.447379 233.178835 0.903944 0.419179 64.321593 65.297542 65.297542 257232.044288 10784.893286
169.316218 199.982514 0.529534 0.237399 79.290058 79.651144 79.651144 41514.579545 46437.685577
150.085342 213.377876 0.560312 0.248139 73.864771 73.958749 73.958749 38844.035787 361420.176487
307.705094 237.329887 0.954819 0.390064 53.482772 60.825864 60.825864 7931994.891818 584.492739
271.296892 337.614451 1.307267 0.319999 57.130168 57.215712 57.215712 6089.474690 147115.305619
459.751017 307.068134 1.694376 0.125673 47.009481 49.999647 49.999647 2313891.269186 1317.689400
107.968348 140.438715 0.301236 0.162765 84.476308 86.314460 86.314460 800050.004683 11083.439813
156.705500 213.320947 0.559990 0.235212 75.987551 76.438302 76.438302 116441.590526 40559.335910
439.678481 338.872146 1.780814 0.077023 50.230672 -1.000000 50.119581 6281.508628 -184464.213523
371.111303 300.227137 1.381615 0.277135 48.598081 53.220229 53.220229 4950614.450535 1151.048751
297.869451 240.715532 0.934207 0.451941 65.704091 65.735593 65.735593 593.002709 461691.912080
250.255853 356.381339 1.401746 0.245238 34.253358 45.272905 45.272905 24491402.023253 328.052104
67.659239 43.054958 0.226396 0.482268 98.065776 98.731694 98.731694 63918.172768 34104.244037
354.700883 371.505103 1.703289 0.165257 50.012692 50.631665 50.631665 179168.092482 13190.850271
325.158744 215.416284 0.898904 0.274182 57.590864 63.284994 63.284994 4862542.667272 929.117712
227.147688 279.938582 0.927103 0.145376 44.598188 58.741376 58.741376 22078197.920849 206.367882
257.170150 370.409356 1.483628 0.241613 44.561713 48.141595 48.141595 5473370.642086 2333.610818
275.821265 175.813234 0.669434 0.366705 69.782861 72.179650 72.179650 888387.076912 3809.007716
216.525658 317.318864 1.182095 0.380150 22.072248 38.899562 38.899562 35112955.630227 239.303055
358.971257 237.176160 1.057462 0.243446 61.480261 61.980067 61.980067 83217.258867 20882.712510
157.321155 32.982328 0.283081 0.473506 92.451904 95.154420 95.154420 358248.819772 3261.341490
293.751544 272.148590 1.052646 0.288435 46.305445 57.417675 57.417675 16512854.460944 232.750267
179.836440 190.076997 0.515721 0.190349 66.318233 74.503880 74.503880 6607217.066088 862.593768
297.142042 316.212423 1.235175 0.124958 56.867607 57.793661 57.793661 273577.568535 9499.254085
279.816771 151.417916 0.623526 0.421254 73.212990 74.744867 74.744867 366041.745087 6671.103554
434.686923 205.546333 1.201216 0.299617 53.073876 57.030688 57.030688 3256885.435404 1252.800835
315.559344 239.628402 0.919471 0.028555 65.734074 -1.000000 65.232257 29158.070844 -68902.220387
220.314562 207.520580 0.635537 0.233470 70.176592 72.850293 72.850293 1168539.809624 3732.371709
318.730582 197.491057 0.814909 0.277809 67.897240 68.496854 68.496854 93282.724332 19167.878278
237.917538 306.251970 1.089591 0.411222 60.788338 61.045492 61.045492 44585.062690 51168.048087
310.095128 139.622296 0.678271 0.457790 63.520412 70.438070 70.438070 4905859.157676 627.727190
159.111944 89.058767 0.289050 0.299088 95.314968 95.830737 95.830737 28177.207383 31424.087281
406.720779 184.226300 1.038042 0.302567 58.046378 60.965012 60.965012 1730539.134772 2454.072278
380.799678 267.937646 1.238714 0.112693 48.566029 56.279243 56.279243 8728164.070128 189.379004
251.198829 192.148100 0.637396 0.177386 62.531718 71.277348 71.277348 7402376.402685 484.881466
218.277481 215.533087 0.647020 0.188651 73.074810 73.985939 73.985939 184573.481387 13844.887480
204.534328 236.339817 0.705159 0.189488 66.032738 69.149415 69.149415 1828973.062546 3141.791450
175.592798 254.167361 0.723131 0.168844 70.171808 70.366637 70.366637 46761.294763 94146.273694
120.686072 144.679582 0.380284 0.421241 82.459678 83.692704 83.692704 380318.155897 15300.553877
289.216814 311.984571 1.229463 0.347152 52.972321 55.861057 55.861057 2384812.446851 2754.773789
163.852449 214.039005 0.599202 0.356000 71.390977 72.627855 72.627855 558059.707496 12834.109270
320.214162 279.868350 1.153049 0.324326 50.194913 56.500956 56.500956 7371711.949522 697.428916
232.298237 159.834931 0.521909 0.283124 81.107594 -1.000000 81.071448 451.009772 -773989.424913
63.744213 18.072755 0.202430 0.389672 76.474733 87.513151 87.513151 4634788.585790 1104.771150
212.407751 281.766979 0.931638 0.212472 40.848852 55.093897 55.093897 24755302.040933 193.225572
296.092024 20.771089 0.508742 0.519084 76.387194 79.718174 79.718174 972568.634429 2072.003867
147.982339 177.488259 0.453672 0.247115 71.779159 76.513986 76.513986 3124025.827614 2618.653715
212.251735 111.722781 0.386854 0.247863 82.011839 86.054114 86.054114 1323842.847066 2062.875376
235.061343 188.015358 0.595963 0.181382 60.490820 72.206008 72.206008 11258936.259130 266.862315
232.958580 207.721800 0.687971 0.433372 71.346351 72.270142 72.270142 195298.427626 13291.814075
120.974959 111.576594 0.341247 0.468492 63.044647 79.353685 79.353685 11642008.695813 291.524836
144.091365 202.753806 0.502376 0.121250 62.503332 68.405221 68.405221 5795657.234530 2200.853554
105.121038 129.675164 0.356773 0.363385 43.145261 63.063872 63.063872 18473366.059471 368.994566
171.270632 125.185068 0.323515 0.151284 93.694787 93.747339 93.747339 587.936384 379125.439890
102.250336 133.244756 0.258599 0.111046 96.810343 97.108062 97.108062 32587.991155 80084.721959
238.653218 270.629061 0.944161 0.399931 55.410968 60.226122 60.226122 4776109.895103 1557.537206
251.455287 275.414706 0.983041 0.336930 51.327683 58.632851 58.632851 9049626.019992 809.952425
162.292620 18.664762 0.200717 0.160327 102.892842 104.144445 104.144445 96649.124316 10647.667747
238.302970 244.134298 0.814153 0.267708 55.795978 63.613534 63.613534 8399253.958039 734.776892
231.321257 104.456238 0.448077 0.434582 74.327183 81.461578 81.461578 3435060.923899 711.886537
293.499648 332.163008 1.336208 0.312762 53.326114 54.892585 54.892585 917647.501492 5563.017673
234.614285 151.180762 0.548994 0.526530 79.787148 79.809341 79.809341 172.046927 811150.733633
42.713335 7.892974 0.140874 0.176133 23.490517 68.781825 68.781825 22383393.580312 268.031161
186.128134 282.920185 0.914852 0.191402 42.098983 44.451129 44.451129 4096569.062018 14750.148493
148.645365 214.099114 0.655759 0.430283 36.881794 45.935158 45.935158 12616054.488834 1795.477231
122.943801 169.248245 0.397813 0.167464 65.255098 70.580872 70.580872 4832495.989316 2942.249602
263.133608 180.278119 0.597432 0.062570 77.062992 -1.000000 76.752692 16282.653307 -103976.471637
109.635330 43.702044 0.208193 0.322882 101.897770 102.912233 102.912233 69628.434026 16076.640568
152.471415 199.836473 0.534773 0.332533 74.893199 75.855125 75.855125 367466.609872 17967.902278
135.436189 131.431464 0.259511 0.026191 98.803813 -1.000000 98.346969 9351.079380 -104000.687427
108.884282 60.333499 0.166178 0.143711 108.941920 -1.000000 108.742067 4346.516907 -202543.870922
112.458618 129.748601 0.280120 0.174742 91.936101 93.246136 93.246136 286273.564465 14562.227946
288.314734 252.794449 0.953567 0.367502 63.098251 63.980759 63.980759 234128.727872 11983.568605
184.983687 252.112702 0.807244 0.369638 39.412878 52.719378 52.719378 22013747.948743 421.616934
143.640074 92.255897 0.317373 0.434698 75.216369 87.545229 87.545229 6333600.793525 309.391718
166.993556 225.815421 0.640848 0.328647 68.828082 70.059046 70.059046 668281.463159 12976.331355
63.168017 50.839106 0.169946 0.237667 93.388435 96.189823 96.189823 870129.959937 7891.594323
205.875158 153.517478 0.519819 0.499020 60.346956 74.737022 74.737022 12688468.892164 130.356088
285.619004 149.254188 0.629857 0.442647 76.056470 -1.000000 76.015667 600.510247 -656085.790252
354.508070 276.688394 1.217343 0.238120 51.157404 56.145915 56.145915 4987378.462011 1065.627772
93.335418 68.203850 0.193600 0.214033 83.169302 94.659463 94.659463 5419241.352995 773.148810
275.848199 214.699408 0.758095 0.169581 64.778624 68.439556 68.439556 2020624.363755 1956.821388
268.526119 334.500856 1.277513 0.233596 56.903205 57.257050 57.257050 69853.297416 32155.033073
190.720644 99.652386 0.373756 0.426340 85.910599 87.978601 87.978601 360680.041054 5238.812680
233.766023 344.602757 1.284385 0.333585 54.432222 54.702239 54.702239 164487.569781 57142.997320
233.479577 333.582431 1.219949 0.172453 42.044197 49.971136 49.971136 14141506.239186 760.477524
325.223484 168.293443 0.751972 0.275722 65.143457 68.770851 68.770851 1932757.934911 2024.365874
133.562791 172.149778 0.478155 0.459565 68.319013 71.313150 71.313150 2118252.360195 5460.225505
277.594782 238.217354 0.867361 0.244377 51.688998 62.486895 62.486895 13449732.935257 267.770836
385.921636 241.292918 1.145652 0.167161 59.407905 59.998696 59.998696 110124.687913 15776.563865
194.629865 192.188398 0.522891 0.145428 80.139652 80.471349 80.471349 25483.607437 46032.328363
178.205507 34.646162 0.248908 0.229144 90.120834 96.909984 96.909984 2028228.263780 1010.564059
404.083229 211.709084 1.108148 0.264965 59.452998 60.439424 60.439424 279814.456296 8785.267326
255.648266 3.257347 0.410313 0.459414 87.189289 -1.000000 86.987384 5849.943603 -170851.894704
94.777085 35.959501 0.122635 0.094565 110.023075 112.638262 112.638262 305133.614285 5394.678007
145.403494 134.132158 0.350532 0.301346 87.312947 88.879816 88.879816 307010.647295 9520.320086
395.992787 162.712766 0.953993 0.367315 58.910044 62.688185 62.688185 2486697.392625 1589.420791
120.853995 155.430096 0.376442 0.245381 71.473320 75.962886 75.962886 3248615.832475 3440.609377
360.709623 326.741455 1.469492 0.143233 45.347816 51.912187 51.912187 8326314.869030 434.532900
337.938710 108.794232 0.684742 0.457979 67.927325 71.427460 71.427460 1559687.607454 45438.244270
290.098529 143.514283 0.624707 0.354121 61.341524 71.853369 71.853369 9185570.108885 319.323356
162.230745 122.669527 0.354515 0.310522 79.076654 85.874428 85.874428 3155649.045781 1154.696155
429.318079 211.549413 1.208525 0.338951 52.239972 56.660096 56.660096 3974248.662418 1226.302329
160.076378 210.380983 0.557159 0.240952 74.916447 75.847936 75.847936 311644.688656 17715.288304
338.277633 363.159843 1.593046 0.030875 52.509785 -1.000000 52.136848 29959.853243 -71675.014132
328.082567 226.066585 0.954053 0.440309 65.098692 -1.000000 65.035738 2072.884320 -367559.630947
420.020160 245.656747 1.292138 0.265360 52.185616 55.508687 55.508687 2593672.535859 1681.734621
284.807673 81.657577 0.486615 0.276244 74.300263 79.905681 79.905681 2621732.438974 1032.739044
259.411851 30.471991 0.392801 0.286910 78.304227 85.455971 85.455971 3145154.360386 568.070967
97.904843 95.783803 0.281447 0.451211 94.732594 95.176474 95.176474 36820.428670 47506.293744
244.400622 342.485675 1.303424 0.223420 36.089068 47.594038 47.594038 24061313.049932 284.085055
191.637300 167.503630 0.490441 0.300753 71.088501 77.387877 77.387877 3854085.337260 1248.551153
218.789180 164.250174 0.548098 0.498127 79.803398 79.830742 79.830742 267.302386 645316.471822
407.974326 317.124245 1.565934 0.220810 53.111155 -1.000000 53.037877 3842.080090 -267073.936581
220.523639 200.957238 0.649782 0.402082 65.444352 70.533263 70.533263 3421932.529286 1634.919764
201.927426 136.564724 0.467498 0.494167 78.631457 81.351624 81.351624 753537.104362 3677.314597
134.215194 168.335879 0.496457 0.491472 42.821192 60.329653 60.329653 19740919.350095 316.180074
232.194277 263.125972 0.888674 0.454815 66.364659 66.543860 66.543860 16397.197995 78997.788753
140.268314 197.305483 0.562940 0.367680 49.138512 55.419905 55.419905 7780400.741876 2604.678106
147.066890 14.009447 0.283047 0.549423 96.446078 -1.000000 96.101840 8915.288869 -115973.961563
320.768161 197.966194 0.813937 0.174165 56.139609 65.534980 65.534980 9541705.247302 315.070719
200.502420 72.518621 0.353530 0.407794 76.676507 87.423464 87.423464 5198610.625503 245.447271
239.755633 184.171716 0.644375 0.512745 71.804126 73.451846 73.451846 459224.929197 6780.420272
267.705386 34.884519 0.413991 0.323270 86.977960 -1.000000 86.790744 5791.713980 -181806.508496
158.290123 187.652355 0.483585 0.213726 73.155623 76.925339 76.925339 2149419.451662 3295.150072
203.979626 241.592967 0.791330 0.440152 42.986057 58.865775 58.865775 24399118.317665 259.634068
265.885449 249.944422 0.909897 0.415232 58.343148 62.538338 62.538338 3318363.167998 1822.815314
138.468767 186.248736 0.523488 0.349532 41.125728 56.594065 56.594065 19400377.624946 481.260469
338.614063 263.400256 1.126576 0.329022 53.672873 57.963442 57.963442 3797621.512415 1366.685916
68.762673 94.962926 0.321345 0.450973 22.627271 37.075669 37.075669 7751074.661533 7022.696497
228.974876 287.103557 1.008330 0.365886 45.439277 55.025221 55.025221 15191670.912786 512.579384
420.198637 257.063255 1.335011 0.222413 50.414302 54.565813 54.565813 3780108.489529 1117.210320
143.674739 136.692131 0.398640 0.491883 80.920525 83.719860 83.719860 863998.824817 4615.846852
176.510519 1.278683 0.222419 0.182696 100.592094 101.822548 101.822548 98813.429636 10552.644256
201.108733 301.220081 0.970822 0.096118 56.750369 58.437398 58.437398 1483777.405017 8020.298699
133.310362 180.471299 0.522762 0.454530 50.345951 58.058036 58.058036 8674570.914630 1705.857748
413.222427 171.909302 1.021648 0.333101 62.585250 62.977460 62.977460 51105.131154 27780.621821
301.076954 324.890357 1.319836 0.240463 40.640033 52.012073 52.012073 20317226.459547 176.499973
157.574445 214.498248 0.600214 0.355818 68.410483 69.793920 69.793920 881842.427443 12270.144038
233.563876 309.228605 1.080389 0.159973 49.625300 56.061017 56.061017 8363705.122425 1020.776134
264.270573 276.791303 0.973393 0.118996 56.217834 61.463766 61.463766 4416920.944505 1038.227740
214.573222 309.923821 1.109499 0.336656 39.442831 46.850463 46.850463 14251558.037126 1146.960125
283.798556 268.949938 1.000819 0.210406 50.527272 59.338884 59.338884 11028620.775860 440.423593
153.482004 199.068838 0.532189 0.270948 66.889021 70.956011 70.956011 3220419.700586 3195.621044
211.740901 215.440361 0.635856 0.208332 75.691555 75.748399 75.748399 1364.237264 291070.150206
338.908287 189.739148 0.835364 0.168136 53.876231 64.927901 64.927901 12327042.517176 162.116838
268.001757 407.355816 1.707788 0.070372 46.340627 48.002068 48.002068 1476692.566401 5666.387791
192.697872 5.021096 0.222006 0.105800 102.456635 -1.000000 102.100454 11009.129923 -118837.354165
186.754968 255.188196 0.835728 0.476191 47.221118 54.291190 54.291190 10429928.098667 1274.325604
224.913779 274.424777 0.941540 0.403897 53.238463 58.825366 58.825366 6472373.484620 1370.226498
400.288491 203.774376 1.083661 0.397464 60.803361 61.333328 61.333328 94071.332433 19405.252112
199.508932 231.600312 0.678332 0.212959 71.330939 72.275022 72.275022 241257.093763 14163.231689
339.363918 121.069479 0.692671 0.328435 62.549009 69.975878 69.975878 5694138.383229 535.797705
170.513132 224.979050 0.603992 0.173795 75.156383 75.612275 75.612275 82480.571655 36044.396509
191.886966 271.826387 0.887621 0.323577 44.890710 52.100324 52.100324 11723725.357347 1336.378946
247.259482 284.319384 1.018525 0.412780 56.466702 59.560295 59.560295 2508250.771725 2837.316939
372.097963 222.019032 1.055667 0.298933 55.156072 59.763843 59.763843 3864300.924386 1136.544115
53.236271 28.461064 0.120426 0.150992 106.460684 107.856708 107.856708 251368.140997 18212.783339
225.649691 243.958900 0.790617 0.314419 64.091783 66.668464 66.668464 1441823.997223 4072.405181
258.871464 386.998186 1.550905 0.081493 52.249183 52.567054 52.567054 76519.448816 35070.086494
211.408472 284.352932 0.970592 0.320796 36.932979 51.738683 51.738683 27544932.723634 211.808564
157.652191 234.806088 0.710125 0.287172 35.877199 42.770382 42.770382 10482119.036122 3670.427811
57.224070 69.919256 0.119275 0.058553 99.055497 101.286402 101.286402 679575.884820 12524.561397
276.846984 203.183642 0.753608 0.351171 63.957572 68.034106 68.034106 2498856.804373 1316.063011
176.986933 165.281509 0.478069 0.341691 64.505988 75.516164 75.516164 9191920.283481 517.226827
208.670783 214.032584 0.693605 0.456203 51.776296 64.960200 64.960200 16112033.405009 212.456442
188.074975 268.278752 0.869418 0.317106 43.087386 50.957037 50.957037 13116400.191681 1281.035175
165.649794 241.669522 0.707468 0.183716 32.863056 48.669253 48.669253 25040186.727765 462.228896
256.507831 248.170637 0.835433 0.113644 53.292747 64.368525 64.368525 12561237.108973 210.545325
307.188184 217.064743 0.867306 0.344546 61.560578 64.890007 64.890007 1987740.906137 2201.789232
245.115885 306.391937 1.096285 0.343051 60.543823 60.869328 60.869328 60761.041312 38898.610879
380.062002 377.815944 1.815418 0.097117 43.744208 48.196244 48.196244 4668212.239040 603.907863
121.329670 159.140316 0.444305 0.399738 47.767970 59.954855 59.954855 12867891.814539 794.957003
135.038577 93.468094 0.310949 0.474939 93.806977 94.125495 94.125495 12251.149139 55315.097956
298.021832 130.810517 0.613896 0.353074 65.165629 72.906756 72.906756 5520645.201611 542.683699
436.180548 267.567004 1.439017 0.265815 50.416669 53.224165 53.224165 2130442.206066 2088.563723
297.530908 220.902707 0.833112 0.232226 68.450793 -1.000000 68.325594 6250.899794 -203135.421136
160.412970 19.342984 0.277219 0.449645 88.675508 94.750229 94.750229 1418839.738905 777.237239
205.866193 313.629191 1.099016 0.196525 36.688646 40.725889 40.725889 8018469.908295 5461.184331
393.594085 236.517134 1.144103 0.085767 52.796309 58.868395 58.868395 5070692.931404 330.492129
150.076349 38.416614 0.203582 0.177663 86.133883 100.278499 100.278499 6154806.436743 290.498844
216.569854 226.253159 0.730010 0.480926 69.443771 70.377903 70.377903 235820.076410 13601.308607
261.607656 118.169860 0.523631 0.458108 79.212227 80.048497 80.048497 100972.048675 14238.337699
360.652685 193.105545 0.918749 0.240767 54.874488 62.621432 62.621432 7834678.740783 484.753564
213.339150 199.995919 0.609935 0.294914 72.120036 74.226086 74.226086 764600.863694 5258.857052
185.014172 249.963458 0.790575 0.354145 43.658143 54.897459 54.897459 17647641.069455 543.009723
309.733977 345.059010 1.442266 0.257140 50.539462 52.800893 52.800893 1725452.849722 3242.379056
175.797942 215.192606 0.619160 0.421998 75.404169 75.624284 75.624284 22748.056943 77266.338108
417.046310 208.974636 1.151756 0.300264 54.451299 58.107603 58.107603 2774393.378843 1526.286460
165.644817 224.554616 0.662354 0.372227 57.449132 62.058557 62.058557 5078382.118987 2700.755716
305.708403 282.833730 1.092364 0.122213 59.973918 60.880152 60.880152 227478.161599 10107.391572
270.017421 326.483886 1.239422 0.175922 52.178769 55.532488 55.532488 2968944.387013 2161.363519
237.656326 330.073386 1.221211 0.349386 52.422759 54.372116 54.372116 1871818.092601 6140.195266
191.523858 119.701804 0.416885 0.442690 69.321517 81.532903 81.532903 7938964.819457 237.019168
373.685938 179.676637 0.909061 0.239097 64.098659 65.283846 65.283846 322773.967316 7864.666066
210.110382 214.421966 0.692228 0.481260 62.640277 67.943648 67.943648 4073746.906363 1542.028201
432.925441 191.518030 1.148168 0.284818 53.983402 58.101565 58.101565 3330769.141653 1278.868300
286.103665 290.753823 1.080059 0.103677 59.873693 61.004524 61.004524 326754.295003 7530.576261
288.860221 351.651773 1.407861 0.106804 53.081539 54.383057 54.383057 555126.490286 5730.060065
268.179114 289.221455 1.072967 0.292409 49.198049 56.879209 56.879209 10169558.960366 642.831284
149.728307 111.437905 0.370602 0.550333 84.162197 86.924759 86.924759 616839.073647 4093.019301
181.803860 258.192417 0.828719 0.328614 35.204433 48.491544 48.491544 22923258.294032 418.016209
126.090999 164.136557 0.426980 0.429265 82.352949 82.571301 82.571301 48720.386006 106288.720167
175.238065 189.397685 0.525498 0.279185 69.236421 74.540430 74.540430 3554879.168957 1936.983258
173.745539 178.742402 0.494726 0.275227 66.397857 74.834436 74.834436 6750535.899755 870.587432
227.128285 257.539238 0.882903 0.426013 47.787943 58.884726 58.884726 15913515.836860 355.102292
381.001289 248.840043 1.174125 0.299336 59.823043 -1.000000 59.713254 6479.681306 -202891.343947
234.522205 263.320192 0.879130 0.208511 46.997058 60.237553 60.237553 19552172.834019 181.302593
301.789280 46.628142 0.512271 0.392019 74.102803 78.906798 78.906798 1987274.539373 1296.937004
291.418861 343.763434 1.394341 0.248468 48.320891 52.330256 52.330256 4486979.358718 1669.289184
290.404891 255.565218 0.941700 0.157325 62.779811 64.145056 64.145056 442906.095226 6689.362011
241.350937 239.470778 0.814678 0.449604 67.524052 68.139034 68.139034 118141.979588 20175.427519
126.696739 152.753429 0.404294 0.425464 80.625040 82.012746 82.012746 468572.667971 12969.641889
193.040519 228.963067 0.693238 0.303232 56.378507 64.824151 64.824151 9461347.859989 853.694948
273.971848 283.853926 1.043898 0.253286 58.614641 60.637260 60.637260 1098231.061727 4606.754190
116.741814 172.359539 0.359451 0.057196 74.236418 76.725221 76.725221 1590106.355187 9155.304075
230.209553 306.568925 1.092097 0.333604 50.314085 54.946225 54.946225 5968679.583082 1838.082656
189.011360 277.363815 0.896157 0.223380 38.630472 47.734706 47.734706 16266393.642876 983.440481
333.797766 152.375916 0.725759 0.209232 58.691445 68.509390 68.509390 9300536.682758 292.647024
228.798887 346.494990 1.332414 0.332075 41.703057 42.667492 42.667492 1883822.692939 38854.305708
436.029614 300.669469 1.577945 0.210035 53.052381 -1.000000 53.027128 544.554359 -732059.145099
345.659534 110.161465 0.694206 0.410180 72.132577 72.754586 72.754586 79205.665152 18432.623844
51.631017 59.453752 0.215425 0.281631 32.866229 50.324262 50.324262 9521182.966010 2583.736348
186.272663 85.488780 0.374131 0.546609 86.392294 88.254062 88.254062 260910.555514 5539.300195
252.615774 96.111444 0.445676 0.311813 80.342273 83.138097 83.138097 745676.137912 3182.826311
140.034227 182.931437 0.469599 0.233134 59.916677 68.400727 68.400727 8700852.344627 1250.592607
212.381657 242.725980 0.738984 0.149493 59.269926 66.347893 66.347893 6659045.340342 871.206229
212.515440 126.642332 0.429595 0.329808 82.925474 84.534126 84.534126 295522.598462 7332.839315
108.947137 75.678343 0.249786 0.368109 90.289539 94.602489 94.602489 1108404.506948 2850.500598
218.027639 163.869024 0.466062 0.074958 83.962021 -1.000000 83.830181 3309.612723 -246045.639016
375.235887 188.562045 0.965771 0.339438 45.673421 60.536318 60.536318 22050072.014214 1116.371167
215.530101 91.540355 0.387770 0.354629 74.276853 84.684836 84.684836 5755126.255438 296.861001
215.745888 295.550370 0.994376 0.232477 53.703246 57.559460 57.559460 4317386.238932 2525.461194
129.551869 181.124658 0.413861 0.151554 82.922182 83.229792 83.229792 81764.471413 74155.926019
175.868674 242.777407 0.700848 0.207816 61.018787 64.566805 64.566805 3349820.796505 3460.320450
256.750014 186.449597 0.629220 0.170654 64.321905 72.017780 72.017780 5899524.768341 766.476900
391.189590 189.098107 0.990739 0.187095 50.259512 60.828400 60.828400 13034703.160101 153.559006
181.469493 129.737837 0.367104 0.210288 80.312695 86.088121 86.088121 2509395.820605 1340.826453
232.008419 335.651244 1.219210 0.283406 57.128631 57.415565 57.415565 99703.653684 48262.878880
