138.222906 191.104043 0.457881 0.141930 72.885122 75.419444 75.419444 1637717.571167 6539.611801
51.972566 32.781853 0.158876 0.205785 50.369364 74.767836 74.767836 14325879.282265 450.544102
177.199081 158.205686 0.429974 0.243423 80.422149 83.037793 83.037793 827234.016835 4532.528592
432.060741 245.288271 1.331624 0.261680 51.662619 54.877018 54.877018 2498091.523826 1711.419038
218.953558 214.788431 0.666486 0.293185 70.412377 72.153610 72.153610 607166.945215 6538.831133
171.692148 190.539803 0.586508 0.515406 48.507960 65.503492 65.503492 20419284.568196 140.401115
247.466009 237.441829 0.808526 0.322940 62.478776 65.945797 65.945797 2224762.644393 2409.453109
271.451874 285.802974 1.057130 0.342496 59.516586 60.795553 60.795553 530493.956320 7954.312697
150.136353 91.005296 0.330769 0.515453 92.599569 92.817123 92.817123 5811.517471 79247.949175
228.841243 232.697688 0.768883 0.349447 56.158673 64.460599 64.460599 8903690.158069 722.844565
315.725658 184.578619 0.754520 0.150060 59.003025 67.809768 67.809768 7932965.441049 332.754647
103.052233 106.650184 0.318335 0.466667 74.962102 81.274446 81.274446 3245449.959577 2093.969807
267.631787 304.480633 1.124093 0.180023 51.540060 57.023919 57.023919 5965134.189780 1054.528436
108.645209 147.659186 0.424471 0.497429 61.679430 63.244658 63.244658 1280553.703890 29022.352235
95.787910 44.891839 0.157150 0.182439 109.903747 110.130342 110.130342 5145.028808 97062.413138
47.807030 20.528613 0.236989 0.549273 83.846667 84.352521 84.352521 142464.256551 173046.650236
213.999483 106.109644 0.431837 0.513997 85.696919 -1.000000 85.467463 8456.627404 -146407.724153
308.443108 173.028884 0.716989 0.218804 58.263095 68.470869 68.470869 9989934.082826 432.988615
253.096133 124.187070 0.481667 0.253396 78.662882 81.131194 81.131194 679463.476171 3890.300374
68.561171 74.392588 0.241718 0.336820 55.425128 67.714173 67.714173 8013847.114886 1392.979881
99.641178 146.441533 0.342552 0.158454 36.642769 47.290241 47.290241 9829420.321040 3552.496684
264.843178 285.511444 1.024836 0.230861 61.404739 62.192367 62.192367 214805.343006 13869.285070
343.081057 158.001374 0.791430 0.445642 68.970138 69.428225 69.428225 53702.929258 25566.659793
148.181427 137.676574 0.390485 0.430090 83.104944 85.252800 85.252800 545204.697949 6275.920286
263.542829 366.797314 1.446609 0.142619 51.482246 52.871074 52.871074 860626.203574 6154.206788
255.621041 366.103975 1.447930 0.218512 46.178912 49.450452 49.450452 4478975.902479 2608.947331
199.286532 285.111984 0.917423 0.320699 63.477595 63.739035 63.739035 93181.272699 62815.424016
371.831958 295.583076 1.354307 0.239300 50.919607 54.260015 54.260015 2792459.815229 1699.330147
334.491376 357.516361 1.560391 0.168098 53.308650 -1.000000 53.287320 432.965464 -865572.253313
291.710187 67.692050 0.516999 0.466542 80.825641 -1.000000 80.533199 15241.579072 -110981.777814
156.166898 175.984365 0.487420 0.387755 71.541281 75.781160 75.781160 2509015.830776 2784.817451
176.599814 239.417884 0.767588 0.468373 40.940797 52.815367 52.815367 18418745.452242 578.187641
274.860726 417.692878 1.789560 0.069439 47.935722 48.614967 48.614967 326191.309946 14738.101330
180.331910 140.518344 0.449346 0.526927 82.516846 83.543279 83.543279 140758.117636 13108.481649
162.043997 223.749507 0.642643 0.237657 34.897224 54.673466 54.673466 29914159.635184 238.895582
144.759357 132.434042 0.349858 0.313352 86.746999 88.589789 88.589789 400823.790819 7833.776455
249.396912 387.214848 1.572723 0.088761 25.562876 33.378823 33.378823 17916361.718605 2132.461968
221.917951 337.238457 1.287155 0.297404 28.407947 35.063608 35.063608 14778996.707371 2955.083180
255.341749 363.184880 1.439327 0.191559 32.792622 45.604311 45.604311 28926112.426435 194.381438
249.234107 297.663123 1.065672 0.360608 60.718072 61.255630 61.255630 134563.436251 22320.985120
47.405861 60.763057 0.179165 0.182393 51.252351 54.302294 54.302294 1800685.464775 52605.170398
320.665988 259.932933 1.063222 0.370849 59.548346 60.906801 60.906801 526691.676394 6773.042755
213.534404 91.802998 0.353774 0.250602 91.505463 91.527007 91.527007 110.409081 929037.994138
113.958625 124.746863 0.317842 0.330077 82.764454 86.034798 86.034798 1314220.664009 4827.124321
115.689172 173.482491 0.381787 0.074778 50.975517 57.725370 57.725370 6876651.448341 3562.213610
169.705560 205.878719 0.523165 0.073279 58.199327 74.063803 74.063803 15906065.683803 197.190612
299.106980 101.733387 0.522983 0.154318 70.629512 77.905734 77.905734 4278860.343369 552.044070
175.706177 264.042680 0.786192 0.138384 52.573756 54.753698 54.753698 2932533.052400 9459.327024
95.965241 118.077901 0.355436 0.535884 70.357584 73.023682 73.023682 1559970.813218 8540.842786
118.461536 143.756385 0.365970 0.272160 47.871711 68.463813 68.463813 20967002.505044 228.830807
305.873055 94.614240 0.544820 0.274370 79.996067 -1.000000 79.967197 272.478438 -960235.028766
287.835934 87.921262 0.521262 0.377643 72.732356 78.109086 78.109086 2510743.665609 1062.341540
197.370747 210.067239 0.651068 0.441999 64.956408 69.553754 69.553754 3220606.257512 1956.701320
210.658740 299.339024 1.016351 0.330738 56.579364 57.980942 57.980942 1218149.927289 9496.836860
37.003293 5.912124 0.202772 0.377362 62.352419 66.036831 66.036831 1775717.599579 19804.166584
389.057708 208.880434 1.042199 0.184111 59.090489 61.330205 61.330205 1057923.085641 3395.580273
283.129595 273.639379 1.009676 0.158917 52.379649 59.822336 59.822336 8221986.298578 505.201023
334.455890 108.394984 0.671657 0.473419 73.942663 -1.000000 73.718264 12830.297963 -128591.022618
419.497689 234.116639 1.235830 0.171492 47.877340 55.901694 55.901694 9899592.838388 255.900896
241.345154 329.802827 1.220687 0.293765 51.211245 54.051713 54.051713 3070220.260554 3356.990515
236.019317 45.289316 0.341787 0.241024 92.405747 -1.000000 92.381110 132.943192 -1343530.871175
330.546766 333.618162 1.433912 0.275011 51.196746 53.240094 53.240094 1390753.164336 3257.241677
310.609787 175.606219 0.748606 0.321582 55.947143 66.926074 66.926074 11655678.681604 327.096028
387.195602 286.107069 1.342380 0.173105 55.949622 56.342884 56.342884 62255.338972 24202.301956
192.985903 251.211718 0.758766 0.308723 68.866578 69.375250 69.375250 123199.457262 29400.321179
258.290479 290.016567 1.049832 0.227126 40.016588 56.033404 56.033404 28476747.959701 89.094851
287.075936 247.684816 0.926473 0.310199 61.509725 63.686867 63.686867 1073777.126797 4054.819842
200.284382 102.781557 0.414904 0.539773 82.716753 85.121406 85.121406 475054.686282 3972.611993
251.613493 309.357327 1.119803 0.182815 47.511940 55.538611 55.538611 11323157.670115 654.471156
216.491719 320.873200 1.150591 0.341775 50.500701 51.380959 51.380959 1160682.270750 21024.076544
137.706639 155.453401 0.456173 0.538938 66.142914 73.170233 73.170233 5065443.072115 1458.124447
154.522752 219.181176 0.629747 0.323348 55.102766 58.801810 58.801810 4458694.960379 4350.513757
319.766527 221.170255 0.919606 0.373917 57.966009 62.780585 62.780585 3830557.144504 1252.014608
185.164609 119.477192 0.391001 0.411391 88.271309 88.477867 88.477867 6999.911729 80838.202191
54.301160 12.807828 0.098915 0.097570 94.976691 104.361352 104.361352 3355171.155266 1546.177116
104.033601 143.335056 0.305306 0.148108 80.138808 81.335342 81.335342 680144.012310 22229.047718
183.353559 211.674443 0.578562 0.203163 78.109556 -1.000000 78.032885 2690.201139 -348904.685630
322.213555 269.368639 1.107808 0.291982 49.681790 57.289321 57.289321 9435427.654428 446.659326
267.229064 273.395907 0.953747 0.067326 58.369944 63.153462 63.153462 3025070.551614 677.761792
161.572762 167.847408 0.430350 0.195797 70.583226 78.736436 78.736436 5831302.744564 949.439556
246.394169 222.180532 0.768247 0.467347 67.231043 68.747998 68.747998 508803.030788 7482.257413
112.698398 136.501142 0.412046 0.506463 29.319375 59.891183 59.891183 28395880.697583 79.974289
128.076574 190.663472 0.553331 0.342240 26.632965 36.875696 36.875696 11209726.676204 4904.668263
179.012714 144.292573 0.433045 0.398551 80.765873 83.148895 83.148895 640156.699642 4880.935009
283.634608 229.100644 0.835409 0.187491 52.622845 63.945026 63.945026 13575111.458664 275.723011
225.549164 338.547628 1.234404 0.127468 35.285285 44.759676 44.759676 19434733.243754 714.350790
136.461519 198.553971 0.583122 0.406480 45.445525 48.920930 48.920930 4386200.797325 11025.912270
297.666609 263.129237 1.024628 0.310270 49.483035 58.513005 58.513005 11808652.058445 386.331806
274.131478 322.763369 1.232376 0.279785 57.727706 58.105909 58.105909 74592.750658 29964.474776
277.188612 304.090617 1.161852 0.265415 44.775737 54.617280 54.617280 15468257.540759 371.745773
165.290187 199.496681 0.542137 0.253043 65.609782 71.573859 71.573859 4924181.948499 1701.688044
291.195852 184.001637 0.742036 0.416707 58.357456 67.178766 67.178766 8253717.396245 419.869196
152.086355 222.050775 0.586966 0.166899 65.834472 66.782274 66.782274 796579.670351 24001.276212
268.869916 152.470921 0.603573 0.430517 74.941284 75.980699 75.980699 180988.137301 10908.213483
101.054417 45.057405 0.244907 0.462909 82.355992 93.005012 93.005012 3749726.188563 604.726853
222.605023 140.858824 0.505601 0.488461 78.003737 79.925570 79.925570 441272.950281 5527.220292
159.064737 157.762464 0.442387 0.363597 67.950053 76.978150 76.978150 6642304.822082 802.683886
403.114343 187.629632 1.034215 0.269005 55.762477 60.457291 60.457291 3803749.243228 1112.900110
197.007194 165.165430 0.509519 0.372581 65.800248 75.352341 75.352341 7367169.632607 569.907535
214.672208 144.496662 0.499638 0.493926 80.018058 80.984231 80.984231 133808.459873 13178.036131
375.548779 166.473392 0.885909 0.325387 67.101086 -1.000000 67.068889 537.620836 -739712.330261
282.227075 374.545663 1.524495 0.084006 52.782288 53.240875 53.240875 92489.662676 19554.207666
385.045546 247.079815 1.163806 0.155998 60.015329 -1.000000 59.875257 8833.520361 -175701.842635
144.608641 166.930655 0.454849 0.378574 68.482303 74.649078 74.649078 4470830.409260 7280.193194
226.504579 161.113462 0.551977 0.443761 73.500984 76.622521 76.622521 1175575.084336 2913.436407
255.946032 227.532405 0.804655 0.368623 52.541135 63.549787 63.549787 13360673.374543 328.209199
286.584887 243.757970 0.905964 0.292695 63.014750 64.668125 64.668125 652661.910143 5691.469198
405.277423 312.653578 1.547120 0.225824 43.197976 50.385507 50.385507 10508169.865836 379.790361
223.190472 94.486616 0.427783 0.497653 83.664146 85.052837 85.052837 189185.596641 7934.719873
296.440048 23.424550 0.507256 0.515112 79.408010 80.722862 80.722862 193154.005634 7616.417367
159.459382 180.963443 0.488353 0.341055 77.020694 78.863592 78.863592 648918.263827 7742.882902
317.189172 225.195041 0.937367 0.449032 58.242140 62.447126 62.447126 3123320.722785 1535.411393
151.030641 166.959364 0.424905 0.289806 85.083152 85.456740 85.456740 35955.795863 47997.960079
192.187087 188.727359 0.586961 0.472395 63.203536 70.980842 70.980842 6327822.762182 834.295099
158.233463 210.919086 0.557704 0.222259 71.848514 73.603681 73.603681 923135.819895 8869.388415
206.094347 102.988904 0.359368 0.246621 89.086107 89.965254 89.965254 87071.746886 12865.801350
188.936188 215.965196 0.643097 0.455715 75.289064 75.347352 75.347352 1832.402665 300418.340412
168.821068 173.428885 0.518079 0.527702 73.168770 76.368945 76.368945 1421197.961668 3624.028776
163.106361 232.934957 0.674849 0.337720 63.813662 64.497003 64.497003 564044.395308 33003.057520
213.918129 174.037865 0.568108 0.417225 61.082003 72.415060 72.415060 10194182.453173 367.811196
265.491918 396.698127 1.627013 0.052126 47.959699 50.078352 50.078352 1475089.262798 3408.291439
367.295608 143.753049 0.825119 0.419956 65.568701 67.338238 67.338238 593054.811886 4826.579254
350.346321 199.836698 0.896116 0.175860 61.795380 64.767001 64.767001 1529255.564543 2265.076097
240.417653 200.855256 0.655840 0.302426 74.651073 -1.000000 74.504415 7385.473831 -186776.005761
254.672751 320.205666 1.187102 0.237729 50.759213 55.145635 55.145635 4941271.045082 1686.257885
417.112300 280.917117 1.424232 0.181216 48.475916 53.087743 53.087743 4599761.651301 1147.989746
124.170793 52.177096 0.234193 0.338177 83.126694 95.517467 95.517467 5004142.641046 324.388255
351.025648 330.770989 1.476301 0.254709 48.017929 51.860692 51.860692 3935022.135159 1598.484201
343.872484 292.575681 1.261418 0.326452 57.036326 57.555429 57.555429 112240.656664 19598.370402
212.566305 93.326064 0.400240 0.420865 70.323589 83.660767 83.660767 8382552.979378 106.795381
196.992055 97.433740 0.347450 0.283817 88.084523 90.003123 90.003123 325168.225113 5888.786744
158.928135 152.494612 0.431614 0.415189 79.580734 82.172535 82.172535 838153.668949 4834.663840
107.000701 115.470415 0.232177 0.106819 87.932550 93.825889 93.825889 2466049.931553 2198.327941
228.774930 165.958352 0.576863 0.515252 75.254564 76.665982 76.665982 306433.538293 7841.615622
392.768752 216.701756 1.087929 0.199208 51.163424 58.747920 58.747920 8440679.534787 369.512314
361.422608 205.605322 0.954060 0.263801 64.381632 64.736072 64.736072 41030.792349 31991.745124
409.269534 222.156537 1.157985 0.214853 56.735553 58.784414 58.784414 1009759.907689 3552.795683
174.849208 171.202597 0.502783 0.445035 74.871603 77.860280 77.860280 1207746.511013 3885.084495
326.241014 306.984296 1.283726 0.326823 56.570793 57.091432 57.091432 118694.528429 19483.612731
206.335792 304.725160 1.079267 0.319632 35.505574 43.170888 43.170888 15294998.684553 1386.804036
186.159297 226.225243 0.694064 0.426699 60.197093 65.443346 65.443346 4864325.761358 1855.197294
173.059341 168.276359 0.441560 0.179125 69.249653 78.668130 78.668130 7044723.003018 651.069886
92.630786 19.433675 0.153944 0.200977 97.597367 104.668514 104.668514 1852339.224261 1449.811389
286.958235 245.342117 0.918361 0.331818 62.796590 64.354441 64.354441 601453.667358 6193.469320
177.199719 64.940501 0.295822 0.325133 79.695476 91.536972 91.536972 5540986.812940 -17758.401133
337.913262 213.636000 0.945522 0.369456 48.698414 60.762422 60.762422 16282615.733946 125.267533
223.162232 152.650979 0.480063 0.218944 79.556539 81.389364 81.389364 434665.025839 6143.231789
313.426494 139.886830 0.632771 0.166666 69.391880 73.478004 73.478004 1944849.994716 -34071.762417
189.834080 252.581771 0.802135 0.373137 50.621000 57.936851 57.936851 9970276.975768 1136.244015
151.213540 212.561779 0.647070 0.422889 34.822073 48.470838 48.470838 19154506.989244 641.727428
381.536309 182.409858 0.949474 0.307123 63.365986 64.311774 64.311774 229557.372719 9878.612935
158.485594 217.271528 0.636220 0.450983 63.858905 65.575425 65.575425 1401624.983162 10000.255621
176.364290 217.306077 0.648581 0.458263 66.660881 69.289501 69.289501 1641707.472189 4811.021769
204.894363 244.538376 0.742299 0.175929 55.922507 64.648682 64.648682 9795764.889737 722.812996
155.905187 227.026458 0.604832 0.095706 27.665164 54.965229 54.965229 38464057.614548 144.583197
88.468940 17.194849 0.181527 0.305293 98.196062 102.355782 102.355782 781704.747113 3121.037093
344.542941 147.996301 0.752430 0.270992 63.740425 68.473543 68.473543 2964473.838281 1244.203440
231.381728 226.568708 0.749622 0.324807 50.419747 64.186283 64.186283 18062034.960852 234.839730
241.804304 303.690682 1.090740 0.291164 49.793923 55.695654 55.695654 7695295.592954 1155.651169
68.579317 33.011481 0.244567 0.559516 88.862354 92.056927 92.056927 686145.654821 5421.263132
313.219824 296.887860 1.186816 0.179528 56.624541 58.209414 58.209414 712478.381048 6351.034091
214.866139 66.760355 0.308987 0.173990 94.389475 -1.000000 94.092711 11126.809951 -126571.310581
187.652789 140.427427 0.464132 0.520343 74.408462 79.782686 79.782686 2409637.508650 1493.422879
190.928490 197.753362 0.601343 0.380873 53.454926 67.908107 67.908107 16791716.541999 290.948090
181.307143 174.658630 0.480611 0.232811 71.416647 77.586118 77.586118 3877772.311133 1365.232537
144.615094 181.143675 0.533426 0.518821 57.807108 65.388409 65.388409 7414703.808037 1389.273434
381.575906 227.570780 1.096035 0.326563 61.753385 -1.000000 61.737933 179.827050 -1406757.279570
354.315744 248.104923 1.121485 0.399615 48.553472 56.966620 56.966620 10933253.652791 420.900080
89.827803 86.129626 0.290049 0.522182 83.908717 87.032011 87.032011 979383.921391 5522.217976
207.420406 245.797467 0.730819 0.115735 66.858944 69.309289 69.309289 1125249.452036 3452.081944
289.869140 285.244535 1.062320 0.102607 60.814377 61.649884 61.649884 186667.606327 10840.662323
95.885382 101.718177 0.270851 0.319585 77.434950 83.845017 83.845017 3427161.897270 2264.598247
81.229815 73.995573 0.167746 0.134807 83.510081 94.568781 94.568781 5586566.602340 1077.507889
360.300576 149.506594 0.811452 0.390233 67.728133 68.494044 68.494044 136099.273837 13887.565015
349.342655 245.663899 1.049142 0.128961 61.273177 62.053758 62.053758 161521.147146 9831.184005
365.495290 357.702885 1.649000 0.144578 51.927920 -1.000000 51.844815 4800.118705 -235834.299049
374.713361 291.945009 1.344238 0.256256 53.570000 55.240634 55.240634 859858.923195 4401.009427
319.562350 120.209083 0.648903 0.408229 70.832822 73.278447 73.278447 822898.390385 3447.111616
274.347432 154.123603 0.613413 0.383049 72.249859 74.612300 74.612300 776682.544966 3877.794439
355.842720 315.934571 1.384739 0.071978 52.834140 55.009198 55.009198 997688.986670 1988.082079
52.941210 18.976751 0.157752 0.232978 69.853682 83.721694 83.721694 7185743.194133 929.148146
146.486829 62.654502 0.267940 0.380973 97.828192 -1.000000 97.536732 8731.102673 -132993.131311
351.192118 293.770866 1.287072 0.230370 48.931762 54.590868 54.590868 6431571.109932 796.453994
232.784411 283.707304 0.993174 0.362124 49.705941 56.982880 56.982880 9854598.692416 918.942457
197.627555 262.723929 0.850541 0.349584 49.128308 56.968504 56.968504 11229342.248911 961.022208
192.762907 258.879848 0.867049 0.460197 31.401299 50.437739 50.437739 33467772.842633 117.897119
261.014276 340.750400 1.294373 0.221417 56.615049 56.935115 56.935115 63031.387358 36215.230643
142.816324 147.570040 0.376203 0.271536 77.570998 82.753017 82.753017 2667375.747330 2196.755468
166.241400 149.596730 0.458426 0.502404 68.987819 77.378767 77.378767 5399937.874080 810.055156
65.921811 64.579255 0.199639 0.258832 71.870752 80.076551 80.076551 4616691.699165 2129.712255
74.381042 26.855150 0.196870 0.361610 87.996184 95.146507 95.146507 2232659.508527 1767.379406
403.085992 188.682452 1.043009 0.316402 56.547836 60.436751 60.436751 2828800.550512 1500.085430
146.861066 97.060581 0.346367 0.523584 74.143877 85.611168 85.611168 5730826.118201 369.000240
158.768343 213.442159 0.613991 0.383870 61.712948 65.234815 65.234815 3302718.051669 3892.855040
112.929781 78.373299 0.289964 0.524585 91.353283 93.338884 93.338884 286236.305449 7129.553619
155.437802 197.976421 0.499612 0.123582 53.120655 69.780715 69.780715 19610851.322078 317.218968
133.101775 95.172227 0.252767 0.200520 74.161519 91.503023 91.503023 11039733.528078 181.491429
54.886800 30.698012 0.156309 0.218207 75.948935 86.296682 86.296682 5128103.870573 1618.542303
156.606824 215.674884 0.597373 0.321268 68.100586 69.458650 69.458650 908445.626092 12772.649636
415.132127 196.831831 1.077955 0.144948 62.136502 -1.000000 62.105365 528.325205 -726679.742570
79.623070 78.738600 0.157615 0.109983 101.347200 103.934037 103.934037 586463.720898 7581.488642
394.728763 244.873393 1.194441 0.237579 59.430193 -1.000000 59.326491 5693.759879 -214627.154255
234.611530 254.396566 0.849538 0.331473 63.140415 65.259648 65.259648 1098092.511023 4630.346756
235.792804 234.932326 0.749390 0.217960 71.532009 71.541070 71.541070 56.383635 1927521.333870
114.717575 140.498811 0.311348 0.206949 90.955604 91.568357 91.568357 105174.656244 34316.465947
116.658171 112.457064 0.329486 0.466287 82.464359 86.239326 86.239326 1309472.910664 3645.248803
171.767424 172.765752 0.501164 0.434608 74.853592 77.798055 77.798055 1209918.413085 3980.166454
147.427947 139.728555 0.405489 0.482315 81.441949 83.835229 83.835229 672286.226408 5528.915883
303.249141 175.650923 0.720187 0.266073 59.153446 68.285874 68.285874 8515423.300204 459.360599
190.700908 267.458590 0.889264 0.447428 46.717509 52.492311 52.492311 8867348.894196 1827.916538
222.162260 210.850380 0.677417 0.413969 71.052124 72.252846 72.252846 317406.302322 14949.289914
234.952206 342.839452 1.261949 0.145525 47.996724 51.720025 51.720025 4967575.221571 2493.921545
348.454205 306.966295 1.328734 0.204454 57.022376 -1.000000 56.990542 774.437052 -629739.139075
316.853116 336.788312 1.406879 0.268352 55.138138 55.340666 55.340666 24501.491025 53818.853508
159.161236 182.079008 0.527689 0.500395 71.307849 74.469415 74.469415 1672855.755885 3975.006336
410.769821 155.518237 0.985916 0.411090 60.519317 62.620403 62.620403 938070.066345 3719.957706
77.764087 1.155542 0.198669 0.373157 76.448969 92.750498 92.750498 7010305.582359 334.151023
124.214882 158.096792 0.396646 0.377562 86.147996 86.322041 86.322041 21766.671279 127047.816044
432.475525 263.673775 1.390750 0.158961 55.873979 -1.000000 55.802167 3018.684564 -292553.815571
406.951689 243.728768 1.249570 0.356484 54.521471 56.689288 56.689288 1259822.637209 13732.040795
331.202857 240.791879 1.024220 0.427217 58.753910 61.161056 61.161056 1329701.137767 3313.354410
341.388256 403.001437 1.850264 0.002865 49.078992 49.761778 50.049773 165256.396847 -15023.452625
238.816779 267.974149 0.912233 0.255031 53.032459 60.475376 60.475376 8789077.289443 770.998438
348.785249 171.962928 0.805269 0.181795 68.310160 68.911499 68.911499 85724.435657 18047.132150
264.474381 340.654308 1.291356 0.139879 57.120275 57.325085 57.325085 23944.910825 56130.446401
234.468824 68.493444 0.335431 0.127424 83.181207 89.873013 89.873013 2577096.031470 685.391513
196.465928 207.428469 0.598886 0.222118 67.041843 72.181859 72.181859 3545279.574896 1696.646605
338.754691 386.563589 1.754218 0.134010 44.539981 48.399196 48.399196 4159022.714158 1136.198218
153.998109 156.441343 0.447424 0.517114 84.550510 84.716384 84.716384 7435.239643 109932.609678
161.368108 220.160747 0.588488 0.147686 58.230215 65.920721 65.920721 8499724.524813 1250.045452
203.580367 54.563169 0.265397 0.112370 86.996393 95.608577 95.608577 3251553.876282 356.215692
263.891969 266.150582 0.925988 0.129748 59.610726 63.255016 63.255016 2355734.906081 1924.829813
140.873844 206.977049 0.604342 0.331652 36.246311 44.106606 44.106606 10484177.648567 3327.819634
272.863509 384.467562 1.590067 0.157161 40.607946 47.111914 47.111914 11443193.277285 825.245598
122.583994 153.285796 0.401850 0.401553 77.562298 79.344423 79.344423 826645.807924 10330.702716
217.105009 100.051766 0.427271 0.497683 82.148571 84.463245 84.463245 466350.530645 4178.874060
184.162447 227.970809 0.650267 0.273314 73.764392 74.111471 74.111471 48999.334702 45731.393094
32.926160 1.255719 0.225017 0.428927 36.689300 49.003308 49.003308 5542461.020721 6168.949639
344.693695 382.421000 1.735961 0.118134 50.836186 -1.000000 50.778054 2572.168735 -324250.058312
68.715254 75.215668 0.268341 0.400968 22.513328 56.619136 56.619136 19847784.210746 583.831854
236.046541 229.915786 0.747846 0.318754 71.263651 -1.000000 71.163685 4527.493545 -255276.829851
254.240071 337.181126 1.273167 0.207756 49.387591 53.424523 53.424523 4716865.303727 1887.726098
202.607743 118.796088 0.371930 0.196352 83.203743 87.088514 87.088514 1238378.891990 2309.389917
134.585283 177.759004 0.457896 0.302593 70.705910 73.437305 73.437305 1904285.760829 6143.053129
144.483948 213.821081 0.656910 0.385481 20.541868 36.113472 36.113472 18443989.251874 2033.250473
385.237591 160.796433 0.912136 0.333255 58.551957 63.450287 63.450287 3691574.118518 1029.732156
362.391900 281.055467 1.226083 0.019733 58.583889 -1.000000 57.896228 39713.923924 -55999.094963
231.757611 195.293098 0.655897 0.422909 64.225448 70.221265 70.221265 4322132.282150 1209.085045
121.520610 158.722497 0.411090 0.270313 38.843143 60.877745 60.877745 24398645.450168 298.356226
289.164393 29.355122 0.488851 0.469509 75.887829 80.379838 80.379838 1600504.237524 1266.397927
141.066865 186.368476 0.518747 0.335880 44.116486 59.297958 59.297958 18937615.526113 459.204112
359.075923 256.253395 1.157359 0.366025 54.042086 57.663580 57.663580 2897571.603819 1659.632025
171.958202 199.703494 0.518049 0.109548 52.898402 72.514231 72.514231 22946959.320662 80.553359
174.844756 196.544627 0.599932 0.480065 52.048489 65.700857 65.700857 15879629.423187 380.699986
343.839844 236.842325 1.020802 0.248923 57.367541 60.936125 60.936125 2477509.232972 1789.437705
137.982181 198.317437 0.527684 0.194241 28.560227 49.873571 49.873571 27045969.318768 336.608176
323.476126 175.138952 0.768302 0.292247 65.219469 68.372594 68.372594 1563812.443145 2498.336744
187.308413 222.828050 0.708523 0.503509 49.536027 61.370818 61.370818 15345492.351377 414.602908
240.113208 266.139063 0.897378 0.305175 65.567502 65.958104 65.958104 61252.104036 33271.938767
139.074995 134.865234 0.343956 0.253701 72.724163 82.813911 82.813911 6741451.505674 794.946907
207.735172 171.992465 0.495950 0.165588 72.757945 78.364953 78.364953 3073148.595438 1352.367713
148.893931 139.192555 0.342921 0.172724 62.265631 82.568168 82.568168 18221822.900277 103.487057
218.393159 233.181735 0.758260 0.423884 63.192798 66.723478 66.723478 2359790.411070 2451.080596
177.886082 222.798845 0.640438 0.251892 58.223626 65.924831 65.924831 8307981.204007 1090.868398
93.443665 81.192545 0.184038 0.141972 86.652428 96.381261 96.381261 4474635.968995 1102.850866
246.367382 373.893769 1.527355 0.241040 24.594135 34.789101 34.789101 25159968.253106 950.207158
222.511653 192.453464 0.641853 0.444489 54.034943 68.456312 68.456312 16231137.972931 75.213644
280.173685 323.604101 1.247745 0.176373 50.862247 55.149545 55.149545 4305365.161398 1619.958517
210.679453 193.234258 0.606338 0.439935 75.110330 75.819685 75.819685 112278.386789 19189.423968
217.140005 216.699040 0.659630 0.201866 64.020605 69.967148 69.967148 4560027.860143 1239.211395
258.053917 175.512336 0.596373 0.172483 73.138071 75.470934 75.470934 761809.318417 4008.687299
270.088228 261.709017 0.946505 0.307149 60.495194 62.829755 62.829755 1290026.695978 14355.456394
279.319145 416.967916 1.796463 0.099532 48.682618 49.101492 49.101492 143302.525728 24325.319821
260.051500 258.683815 0.913513 0.300170 60.181825 63.178029 63.178029 1935586.913689 2822.849770
288.689439 167.833460 0.675319 0.368689 70.562612 72.390269 72.390269 550982.448742 5285.752909
147.102929 48.748617 0.267124 0.406021 89.753260 95.172565 95.172565 1267556.061059 1256.975383
162.741600 109.281806 0.355449 0.421372 82.441495 87.190011 87.190011 1547854.114666 1862.572602
154.040933 187.663682 0.537409 0.415936 58.161514 67.125984 67.125984 9104617.014550 978.347332
177.986023 240.675386 0.740034 0.497282 64.821105 65.980372 65.980372 709927.663557 13342.584149
197.563383 252.371279 0.727254 0.045274 64.479899 69.687177 69.687177 2731789.426506 857.935847
307.064940 122.193485 0.588287 0.233623 76.817830 77.308369 77.308369 46306.624601 25940.740922
161.654949 9.236552 0.253819 0.362140 96.345461 98.240838 98.240838 194791.711293 5606.444046
301.616943 296.609925 1.163729 0.281067 60.028265 -1.000000 59.932510 5736.061440 -227342.284486
339.922280 203.807414 0.907525 0.381637 63.605078 65.006064 65.006064 455115.642559 6656.256422
297.984882 354.933628 1.483778 0.260129 38.887951 48.959741 48.959741 19273674.894494 295.915614
188.808727 260.449783 0.780296 0.179067 61.480814 64.258574 64.258574 2247727.139477 4275.469817
200.382300 286.578491 0.925738 0.150967 40.642396 52.762716 52.762716 21095886.199743 436.344227
291.515802 315.280647 1.236068 0.241073 53.868927 56.298244 56.298244 1706433.668500 3278.960664
289.534920 274.090811 1.023183 0.177226 59.881266 61.664927 61.664927 785238.201567 4723.758831
172.644172 235.595523 0.701196 0.391316 63.931469 65.678758 65.678758 1314462.951860 8650.100470
212.287296 204.355585 0.618115 0.283466 73.206208 74.559815 74.559815 366888.753197 9221.788767
186.748429 227.228150 0.656441 0.234281 65.205824 69.162516 69.162516 2878067.245700 2754.159976
399.293749 191.429942 1.015138 0.191218 63.424102 -1.000000 63.293170 7108.467827 -186159.035051
251.488590 268.980705 0.894248 0.040399 66.646897 -1.000000 66.464801 7101.034746 -156118.797710
217.835316 292.113963 1.019189 0.430572 51.071406 55.489992 55.489992 5668417.616088 2098.787002
196.985587 288.581049 0.984457 0.275046 19.708873 41.392364 41.392364 39558514.096989 278.851685
320.047947 175.940348 0.778807 0.428806 67.976926 69.147031 69.147031 284069.906809 8806.934297
78.867670 83.328504 0.266303 0.478604 92.364847 92.707247 92.707247 57423.040186 80138.047441
205.924518 271.081426 0.825369 0.062192 61.605325 65.756503 65.756503 2527958.823218 1542.406130
90.334006 31.875177 0.216599 0.395580 78.042773 93.341871 93.341871 6474435.972223 321.924945
257.532767 176.300159 0.618895 0.306430 74.878828 75.579937 75.579937 99884.884336 17931.469196
444.581144 216.838843 1.249859 0.119618 54.087460 57.010525 57.010525 1720988.995604 1661.455379
230.267436 203.495847 0.683036 0.501133 70.142855 71.735596 71.735596 490744.879250 6978.095906
252.179945 374.623481 1.481628 0.135050 44.804733 48.207807 48.207807 4963706.356996 2496.239072
180.757067 220.496483 0.602502 0.184626 76.305264 76.554594 76.554594 22957.404357 65390.590030
135.717713 168.665226 0.470593 0.389479 49.677981 64.416439 64.416439 16253981.473760 418.130578
359.876049 260.074521 1.167481 0.376575 58.953926 59.462968 59.462968 98822.623653 20192.483874
396.140364 310.964616 1.490281 0.112028 48.169398 52.511498 52.511498 3913198.865200 5007.553001
140.111490 123.874330 0.372503 0.504706 84.069751 86.371007 86.371007 541179.603156 5767.572671
119.856272 161.215592 0.394148 0.223496 60.523562 67.824687 67.824687 7065060.869850 1900.277713
254.761720 391.725747 1.584342 0.069534 42.757221 45.636956 45.636956 4288061.090756 3707.280338
193.760706 175.885209 0.502673 0.215952 54.857110 74.292696 74.292696 21738566.775451 56.383506
203.139756 265.090748 0.844642 0.378860 64.973950 65.788811 65.788811 306201.021371 16895.602409
341.623788 363.962840 1.630141 0.175577 44.139995 49.379775 49.379775 6772982.703878 728.342391
126.909028 169.609396 0.447867 0.399337 74.189891 75.077396 75.077396 487561.176745 25808.964563
194.149495 113.142519 0.377886 0.336722 88.121375 88.786703 88.786703 55023.277936 21704.032864
388.555475 146.947964 0.881667 0.273355 54.798306 63.637498 63.637498 9199786.495820 337.618347
219.964868 209.429082 0.672796 0.459242 73.123283 73.516157 73.516157 44355.264500 35857.660098
190.953507 271.901956 0.898562 0.454618 53.319047 55.571354 55.571354 2792086.097645 8582.115372
284.328429 90.829442 0.526081 0.416814 70.242685 77.436203 77.436203 4030536.505184 913.080188
135.711186 157.658439 0.441672 0.395671 44.961265 67.235021 67.235021 24351489.459749 113.059129
154.727086 89.685175 0.310910 0.396785 89.698315 92.171375 92.171375 436556.462900 4578.731557
183.098598 240.442503 0.685934 0.137911 58.175087 65.576955 65.576955 7820075.520319 1098.060068
285.946475 360.742609 1.478022 0.225533 46.196910 50.575828 50.575828 5566810.381562 1312.799824
159.325356 180.885258 0.490730 0.383294 80.608172 81.131067 81.131067 75222.961905 32158.323672
129.129816 136.166232 0.329553 0.221053 73.421665 82.707008 82.707008 6238787.938009 20500.227516
178.124304 177.259765 0.485612 0.277395 79.415891 80.749466 80.749466 309507.029707 10357.729635
399.422224 279.157745 1.342102 0.108180 56.697904 -1.000000 56.611233 3730.948734 -252058.184847
306.524968 407.313120 1.799505 0.101580 45.573893 48.133215 48.133215 2180350.321398 2445.693965
111.203015 116.018733 0.308446 0.315346 60.850898 77.813781 77.813781 13536930.936860 376.474685
420.014711 165.388865 1.043943 0.413248 57.727963 60.745211 60.745211 1834931.521338 2222.167212
113.098500 128.678810 0.285233 0.174042 81.576238 86.976355 86.976355 2796223.586580 2559.242633
144.074431 147.294930 0.445145 0.527035 54.227008 72.275760 72.275760 16869618.520093 216.555204
397.469817 175.623079 0.986944 0.343150 60.743338 62.674887 62.674887 822327.838403 3888.459046
152.834881 123.642709 0.336392 0.271037 80.096162 86.812526 86.812526 3132249.649404 1279.982788
140.423085 56.935175 0.282642 0.465829 80.275596 92.209570 92.209570 4701614.003077 189.698921
151.447958 215.572728 0.617475 0.361301 59.475421 61.117135 61.117135 1727990.726657 13235.159728
202.924691 307.262760 1.043830 0.180576 45.466160 47.575082 47.575082 3567026.969535 9831.599633
183.991667 236.044536 0.707389 0.370048 66.006596 67.959978 67.959978 1155233.645965 6748.514137
398.687525 256.031770 1.239017 0.117422 58.705474 -1.000000 58.668275 779.717552 -575919.618822
191.613286 199.465487 0.614296 0.506225 70.778720 73.071643 73.071643 952878.488887 5120.963654
270.445179 137.512653 0.580204 0.469950 76.373932 77.237960 77.237960 120991.592207 13465.442225
236.059542 286.684928 1.030662 0.416352 39.381491 53.802567 53.802567 26021859.212257 244.708809
361.037542 265.197225 1.201433 0.351451 51.013875 56.194920 56.194920 5377569.734185 999.105087
129.485913 87.406390 0.257561 0.293439 94.981572 96.836203 96.836203 270885.834668 7741.632738
363.804565 234.890305 1.059666 0.219205 61.540331 61.994034 61.994034 68890.907762 23129.085174
260.286966 178.772777 0.630063 0.292734 73.559890 74.689951 74.689951 234940.913565 10086.135719
371.348671 230.144330 1.065755 0.226923 61.061588 61.688105 61.688105 122360.104913 15639.228054
344.674384 233.876986 1.000218 0.174354 58.430307 61.777038 61.777038 2077596.803178 1795.564001
450.025814 264.380277 1.470975 0.274476 53.006287 53.822312 53.822312 254721.346136 10351.232590
262.495343 266.959279 0.966881 0.413524 60.453100 62.367853 62.367853 982035.330389 5314.898474
247.853994 232.417530 0.796944 0.452588 69.911864 69.920770 69.920770 58.160059 1926107.958073
258.801130 338.630146 1.299491 0.332395 53.248862 54.785822 54.785822 1064823.397564 6439.502446
171.779063 187.480709 0.521872 0.301343 67.574083 73.793177 73.793177 4595183.933916 1422.987205
71.560839 51.577045 0.254920 0.501713 62.461965 77.987200 77.987200 8202663.656879 644.537252
140.159351 177.895465 0.426883 0.212924 83.880387 84.358549 84.358549 78432.909913 39671.412930
359.914690 272.743776 1.193695 0.103911 54.419466 57.876432 57.876432 2226289.064082 1298.353680
180.502663 258.763965 0.832193 0.354235 41.348870 49.418068 49.418068 13381880.404654 1326.093014
125.509087 182.669139 0.503800 0.342443 52.782951 53.818680 53.818680 1164383.959140 102669.504385
77.405756 44.851530 0.191143 0.307727 92.006806 97.100093 97.100093 1454969.317693 2987.917878
382.183538 192.604224 0.972955 0.205839 58.446416 62.339216 62.339216 2597823.815554 1512.456825
377.478265 311.970460 1.450151 0.180408 39.824462 51.505996 51.505996 20536768.252965 71.604079
235.309100 324.597313 1.148303 0.161223 59.524353 59.802039 59.802039 48637.195924 45583.059781
174.517812 253.999292 0.738606 0.213202 65.391048 65.851833 65.851833 288980.519642 42534.321240
180.682459 152.756487 0.436247 0.274460 66.276956 78.622065 78.622065 9956232.143429 342.407345
280.197500 225.151753 0.801335 0.151418 63.924155 67.244249 67.244249 1758532.787805 2221.621819
403.302521 293.855142 1.440483 0.188656 47.407684 52.592564 52.592564 5716335.338919 742.185234
224.464788 257.570355 0.829699 0.185041 53.253362 62.445463 62.445463 11080703.368724 539.295892
234.547349 268.371916 0.899266 0.333471 65.916818 66.150581 66.150581 25950.060952 58649.124108
225.965717 196.281664 0.606702 0.234256 74.033353 75.349061 75.349061 320453.087179 9197.465386
158.580772 127.562368 0.359099 0.324156 84.658908 87.524447 87.524447 779346.037634 4150.415427
301.653138 337.822371 1.373775 0.256887 55.514018 55.778214 55.778214 39853.571960 38717.674593
109.919792 111.479009 0.315698 0.442972 86.184696 88.408021 88.408021 600047.781259 7497.240639
409.280666 284.245930 1.422267 0.233716 45.794000 52.411004 52.411004 8609398.797331 538.314217
353.795163 139.943917 0.752814 0.271847 70.349204 70.795120 70.795120 48681.225069 26576.946592
278.029637 223.573911 0.815175 0.300630 63.819886 66.615238 66.615238 1451648.631703 2755.019007
130.476443 181.969578 0.466531 0.261188 64.137835 66.936837 66.936837 2593132.399063 6969.462609
237.253833 316.876611 1.139942 0.208365 44.908685 53.181755 53.181755 13319309.028149 674.155464
390.591675 285.514205 1.365446 0.289051 54.069708 55.217457 55.217457 455924.267819 8253.856354
192.725468 261.355297 0.776859 0.090432 43.098887 61.234458 61.234458 27226495.675179 114.430492
229.524565 140.188330 0.446187 0.136149 78.307803 82.506120 82.506120 1581261.307249 1855.291907
234.126026 201.288836 0.658826 0.338471 69.104543 71.880827 71.880827 1242952.812887 3519.445645
214.324667 320.162862 1.131463 0.162308 30.549449 43.152492 43.152492 26133219.975509 477.658049
125.580273 150.988351 0.444977 0.542675 60.475522 68.718388 68.718388 6872718.066661 1363.219408
288.366674 305.836516 1.195332 0.254154 39.042246 53.741554 53.741554 27286924.031814 83.066431
83.600988 39.821126 0.244214 0.518708 88.853375 93.627201 93.627201 1097880.358145 2706.301778
138.807144 150.441648 0.403957 0.333806 60.916659 74.687129 74.687129 12388597.601962 453.290054
399.475938 194.166777 1.044309 0.326382 60.472744 61.701980 61.701980 395537.262780 7061.519593
214.475641 262.480886 0.856460 0.377038 62.292248 64.273583 64.273583 1163082.317002 5843.550617
57.154425 26.556986 0.237006 0.509473 70.356449 79.122974 79.122974 3765513.907575 1831.607745
280.269227 201.610155 0.778057 0.444909 53.924586 65.174162 65.174162 12681244.637486 242.807329
199.425517 267.756193 0.866819 0.400479 59.098417 61.432485 61.432485 1984379.241276 5215.512731
216.685873 13.336800 0.327720 0.369732 92.827822 -1.000000 92.503534 11538.244991 -116340.573909
191.169765 225.216352 0.694239 0.345289 39.732286 61.405272 61.405272 33045752.355739 70.627059
354.631049 156.013383 0.819540 0.405222 62.899588 66.548483 66.548483 2054060.016157 1705.280574
154.054860 193.558834 0.512885 0.262841 67.812531 72.463187 72.463187 3557414.231462 2624.719442
200.915607 166.094400 0.504774 0.306424 63.968281 75.388014 75.388014 9736542.268211 382.166531
282.895641 369.590463 1.522091 0.207374 45.347407 49.755978 49.755978 5840134.615820 1411.580574
108.140397 157.961590 0.431854 0.299953 18.407692 37.991458 37.991458 15881585.119710 2209.938495
170.733905 230.096564 0.646507 0.284888 71.653456 72.303194 72.303194 213930.365100 25455.741987
276.900002 377.195946 1.560102 0.197777 40.442256 47.500832 47.500832 12715181.670614 636.606913
101.670896 91.346573 0.201406 0.146074 93.507806 98.347390 98.347390 1544896.781196 2888.741503
100.487532 141.397277 0.323432 0.165749 52.758569 61.055812 61.055812 7914977.347245 2344.552284
151.716269 57.951759 0.273278 0.393229 94.676699 96.320484 96.320484 171817.115619 7327.364329
204.372442 297.151036 0.977817 0.174556 52.531212 55.887101 55.887101 4173594.867490 3415.363362
210.232652 234.889107 0.711548 0.261725 72.677213 -1.000000 72.618344 1887.384477 -421996.326102
213.807431 51.772372 0.380044 0.546313 85.509428 87.879234 87.879234 374463.122121 3642.490226
186.755021 273.772326 0.866068 0.316949 59.311739 59.499438 59.499438 168769.981146 227398.629490
277.434552 161.341473 0.591112 0.145584 77.598734 -1.000000 77.484578 3541.796317 -269282.363139
321.845870 178.249738 0.781225 0.317328 59.411692 66.559788 66.559788 6146464.746078 623.100503
198.852424 291.754309 0.958456 0.242607 53.686100 55.530060 55.530060 2237665.136727 8071.867277
284.517610 99.723300 0.517014 0.310813 74.914595 78.760990 78.760990 1470510.511982 1949.817638
251.556757 198.923150 0.706968 0.478562 67.367825 70.153153 70.153153 1253715.632458 3677.424123
132.758749 179.496149 0.545802 0.515148 32.255632 50.514518 50.514518 21337090.505986 476.437738
228.304162 293.885444 0.994582 0.180379 55.501696 59.469718 59.469718 3717710.229133 2042.426017
276.219931 340.385709 1.337607 0.239423 50.758033 53.664839 53.664839 2674323.789432 2611.498449
174.438435 54.533228 0.282900 0.328255 87.023118 93.636583 93.636583 2015995.329830 816.438364
243.375233 367.844472 1.417583 0.171800 52.205363 52.474714 52.474714 172000.285189 56433.653426
146.225907 124.542294 0.342154 0.338000 87.281177 89.254821 89.254821 412514.237154 6952.282943
240.932470 316.327424 1.151861 0.304191 51.286453 55.111897 55.111897 4368632.569877 2214.320397
155.211437 215.819722 0.643613 0.512593 62.417489 63.591035 63.591035 1018863.887576 17875.325849
69.281678 78.187918 0.270776 0.471047 75.919926 76.776402 76.776402 393715.845568 81921.673699
295.509478 27.977745 0.492720 0.437770 80.233014 81.501721 81.501721 185046.168649 8227.902832
302.134000 417.683835 1.854146 0.078452 47.054556 48.294966 48.294966 609964.347648 5358.589819
343.933667 221.307426 0.976088 0.335199 58.414180 61.957071 61.957071 2386796.818946 1872.460885
192.935189 128.821841 0.404518 0.322449 82.376517 85.137881 85.137881 739734.799999 3801.898132
288.268176 348.165333 1.397723 0.202716 53.367759 54.414530 54.414530 458394.532317 8616.538429
251.308664 318.005757 1.184299 0.277935 43.590922 52.641274 52.641274 15174599.135454 492.210919
441.180009 207.419466 1.214412 0.222777 57.877199 58.523392 58.523392 138215.362934 13565.678296
338.556048 333.425301 1.451462 0.256804 51.509430 53.238327 53.238327 1034023.754895 4725.764285
82.415476 26.655942 0.219253 0.428906 79.868480 92.264799 92.264799 4746675.640272 576.460473
92.395519 52.591656 0.259410 0.512903 75.460778 88.482900 88.482900 5527359.499823 523.822351
60.481357 76.854446 0.290126 0.465088 37.194965 46.382342 46.382342 5353180.616897 8492.564128
374.651165 124.297137 0.819402 0.452797 54.148769 65.146274 65.146274 11920031.085530 176.865077
184.059868 191.183159 0.516914 0.194199 77.729335 79.134751 79.134751 354655.870483 9517.757423
204.291177 313.524341 1.119571 0.231719 29.363354 34.150001 34.150001 9572151.961867 8141.324426
263.190220 54.452753 0.391855 0.205578 88.780220 -1.000000 88.740527 356.665077 -803984.554776
212.830968 127.864774 0.382912 0.102924 80.681705 86.373650 86.373650 2232775.236775 1033.543420
120.982291 139.808438 0.334636 0.296079 91.157603 91.441703 91.441703 24157.417058 73549.751041
296.411517 325.188156 1.291991 0.196277 53.915637 55.772984 55.772984 1079791.662562 4474.701042
268.260031 234.856308 0.868814 0.461102 54.604720 62.413868 62.413868 8337405.375885 584.152032
266.016900 158.703192 0.616113 0.446715 73.773942 75.135001 75.135001 297653.597189 7820.555777
225.400298 1.588850 0.302348 0.210755 94.898870 -1.000000 94.570339 12461.214659 -116898.950735
166.624038 37.430364 0.257654 0.327395 99.591679 -1.000000 99.580640 22.537342 -3169873.461251
80.905122 2.732445 0.171366 0.289125 98.068129 102.584776 102.584776 926177.251249 3039.959680
251.272384 361.217193 1.399104 0.207412 51.338440 52.639396 52.639396 1012116.369291 7927.823253
362.930094 171.589362 0.867293 0.347097 66.801585 67.165565 67.165565 39314.124014 32225.067254
429.994248 181.850354 1.121189 0.344150 48.473306 57.548098 57.548098 11718030.057501 242.040326
339.219213 256.618488 1.092873 0.326780 58.901944 60.292570 60.292570 545815.493388 7801.714099
408.209840 203.206556 1.082467 0.168175 58.668458 60.607636 60.607636 829066.976291 3706.514140
270.275462 306.886260 1.169556 0.354062 50.086440 55.339821 55.339821 6275169.193107 1224.700896
155.406684 113.718691 0.351823 0.387908 71.725475 84.338733 84.338733 7788722.237975 342.430715
416.410666 179.385424 1.064077 0.350875 55.926426 59.905262 59.905262 2985129.589435 1426.289606
158.371501 62.353810 0.300498 0.455225 87.382382 92.418228 92.418228 1211049.152177 1370.717680
186.353924 114.852619 0.364580 0.281008 76.225472 85.457998 85.457998 5018281.417609 562.700483
172.637950 122.744111 0.341046 0.223969 89.280881 90.624477 90.624477 196640.109211 10186.718596
164.190460 210.799023 0.629691 0.400762 43.693759 58.998018 58.998018 21116931.375582 329.609586
305.892079 207.058366 0.785026 0.081018 66.390390 68.846070 68.846070 831140.433900 7723.561296
338.545238 215.276031 0.926997 0.245389 59.758018 63.370639 63.370639 2315662.303313 1853.109224
153.159118 49.535652 0.252393 0.316781 87.937045 95.866736 95.866736 2513000.430812 620.627172
62.761742 75.217971 0.216575 0.256790 64.373974 68.596386 68.596386 2658992.311327 9167.965129
66.076733 9.962995 0.237560 0.534285 72.808730 85.141781 85.141781 4915735.267731 832.784802
276.235689 317.674047 1.236076 0.344232 48.653741 54.019937 54.019937 6770753.667755 1133.622581
175.767042 239.170966 0.704648 0.349997 66.664891 67.840099 67.840099 664872.518608 13155.691720
174.161500 43.137143 0.301920 0.446428 87.784051 92.764182 92.764182 1143121.264507 1219.146494
337.856695 245.725586 1.059006 0.334815 46.464079 57.918311 57.918311 16684262.752517 632.365309
93.062790 86.491023 0.301764 0.530769 70.207713 80.080759 80.080759 5230001.314122 1065.075421
160.379721 163.106789 0.451269 0.418105 84.091518 84.328037 84.328037 14414.630567 75042.243272
143.880161 107.260595 0.359767 0.521012 69.009118 83.146769 83.146769 8585212.838106 214.222159
380.016258 232.328520 1.100955 0.171262 50.016945 58.438312 58.438312 9920288.122882 318.317516
343.209008 197.154996 0.905361 0.415956 59.843310 63.726515 63.726515 2564968.761166 1681.199290
254.446973 161.087457 0.595909 0.440306 76.152697 76.732706 76.732706 65458.702397 22127.133752
267.108317 383.074148 1.584784 0.189983 32.575222 44.063216 44.063216 26790552.049386 343.451892
141.335705 85.568958 0.321028 0.512114 83.842168 89.490248 89.490248 1664513.041706 1408.067892
270.642669 281.162168 1.021626 0.260971 61.341439 62.198952 62.198952 247692.640737 12648.215050
215.303262 197.181328 0.579969 0.186078 77.030615 77.503366 77.503366 51340.047279 29901.488473
245.138296 149.700621 0.501142 0.155772 76.581099 79.771660 79.771660 1102486.703485 2688.007240
104.778712 107.460233 0.243736 0.171376 71.737140 86.117591 86.117591 9934469.902357 545.366218
139.497763 201.792292 0.608841 0.439946 39.062662 45.975904 45.975904 8994294.234998 3639.617439
131.960607 164.583595 0.424616 0.354137 77.418183 79.307665 79.307665 857222.769344 9070.909131
224.293707 314.221018 1.136106 0.317230 39.721363 48.929680 48.929680 17575538.748653 638.220134
144.847463 190.141734 0.573073 0.483998 33.948689 54.632440 54.632440 26388483.321484 273.241908
246.957046 179.934406 0.604422 0.265157 72.575720 74.865592 74.865592 784614.179074 4269.971623
365.193560 130.707226 0.791983 0.442678 68.176311 69.049547 69.049547 164166.140169 12939.895764
394.305501 264.691667 1.268721 0.157362 56.121482 57.198366 57.198366 340632.713928 15019.043542
185.818058 180.692814 0.567318 0.520762 59.957245 70.683725 70.683725 9763665.295922 495.570626
152.974459 123.966971 0.341742 0.322683 90.650202 91.226261 91.226261 46401.171504 28717.110223
157.572787 215.133515 0.580557 0.223953 64.871753 68.281820 68.281820 2933266.902111 4158.867625
197.552833 157.200757 0.424335 0.099947 77.582142 83.244020 83.244020 2513146.709060 1142.120438
157.451088 172.387562 0.500883 0.490949 69.904871 74.716805 74.716805 2936738.312408 2308.859791
398.236153 253.172262 1.266530 0.341465 45.672992 54.394106 54.394106 12463284.304655 13378.709773
307.711489 179.324086 0.761351 0.487549 22.404679 -1.000000 71.166130 79021596.464439 -156.129378
147.271603 126.367739 0.301774 0.141526 79.230083 88.942891 88.942891 5380055.215670 287.049550
253.508620 71.390569 0.459358 0.519646 76.622084 81.791735 81.791735 1863301.903611 1010.816716
132.540833 139.345648 0.349613 0.252674 68.892310 80.165865 80.165865 8537537.489265 675.746400
158.650945 218.921647 0.617470 0.275917 56.213435 61.834897 61.834897 6594490.170312 2155.242425
244.756953 254.225160 0.885066 0.349992 48.959611 60.238511 60.238511 15608513.360197 300.762571
364.211377 344.715238 1.582660 0.163590 42.190516 49.897354 49.897354 11660864.535111 265.518266
304.821182 377.468826 1.601326 0.106520 49.933326 51.386375 51.386375 735351.439572 4806.828064
398.477542 231.030510 1.167640 0.336230 58.084396 59.086349 59.086349 310208.448692 8483.794045
