258.421743 88.407505 0.450974 0.359315 85.077551 -1.000000 85.052508 172.409097 -1184996.519561
67.539193 69.653358 0.272340 0.528491 77.224595 78.959670 78.959670 708738.747168 19116.950650
213.013274 270.940975 0.916318 0.369833 40.575863 54.834363 54.834363 24501741.049222 314.404013
179.405751 174.522910 0.447565 0.132660 83.023742 83.895345 83.895345 123635.275759 16311.393313
232.425221 315.806328 1.097894 0.186914 61.618763 -1.000000 61.594634 657.794400 -858000.974682
201.355305 266.264774 0.815253 0.120049 54.258519 62.152460 62.152460 9123208.191541 846.028664
252.387070 268.034691 0.903073 0.099282 62.836022 64.848831 64.848831 796952.088750 4154.132470
394.704783 269.735772 1.297433 0.191319 54.485557 56.211139 56.211139 825960.132029 3923.763774
175.781281 213.448006 0.574295 0.134097 61.556412 70.642358 70.642358 8707286.500788 804.338174
154.477976 171.064714 0.475798 0.440655 77.983597 79.668441 79.668441 526797.965555 8674.189752
256.372669 12.952451 0.419059 0.494810 86.576188 86.776068 86.776068 5448.712929 73109.611513
251.136517 248.983036 0.827915 0.171325 68.666794 -1.000000 68.574196 3860.957979 -266569.086527
279.553272 184.570536 0.718918 0.458733 66.224816 69.658548 69.658548 1727508.882202 8748.774499
163.605418 171.892249 0.499359 0.467434 71.824069 76.085323 76.085323 2302654.570296 2569.585581
234.672235 171.731336 0.572189 0.335305 73.795048 76.164731 76.164731 792348.158126 4208.992139
206.595344 204.935887 0.606824 0.275510 75.406451 75.982181 75.982181 82893.028121 24527.973694
104.655183 118.543340 0.242366 0.109585 71.365157 86.247074 86.247074 10666889.631007 537.219520
363.885495 318.639917 1.449984 0.230160 43.768525 51.452349 51.452349 11393494.343915 350.298469
70.059546 94.913516 0.275783 0.315889 44.336863 50.562928 50.562928 4360426.796632 11422.447298
286.440744 233.707530 0.846585 0.165950 65.984655 67.077777 67.077777 275249.110584 9193.175160
150.493834 199.844243 0.549612 0.328988 63.154888 67.450791 67.450791 3937507.777864 3176.620980
337.278440 275.461096 1.180556 0.342237 49.641026 56.044889 56.044889 7596339.616326 711.969102
225.250592 324.565232 1.158809 0.289875 54.982534 56.028523 56.028523 824723.874858 12425.430046
118.185612 154.576693 0.435806 0.452460 58.210087 64.344265 64.344265 5588496.891492 2524.360667
129.610774 176.831265 0.485148 0.438764 68.672876 69.609799 69.609799 668585.725639 28437.335582
37.227859 11.318459 0.250268 0.540122 48.049533 55.674490 55.674490 3542971.135754 9223.932016
178.265365 234.724459 0.705315 0.430957 66.388308 67.852963 67.852963 829069.285727 9883.613601
177.758300 252.769619 0.763963 0.218890 45.746191 54.666337 54.666337 13748305.704119 965.434440
270.407313 319.634703 1.200326 0.133369 48.650891 55.445458 55.445458 8329367.328620 639.607617
174.054052 256.653638 0.720530 0.095425 68.578137 69.145322 69.145322 212735.223407 30191.050581
154.952107 64.108051 0.305979 0.486892 85.726888 91.648059 91.648059 1577766.062245 1012.152660
269.438825 123.441412 0.554436 0.436157 58.433441 74.853361 74.853361 15666825.718154 34479.785587
418.300378 182.473184 1.069173 0.339521 61.488865 61.860007 61.860007 48406.390564 28908.942880
305.165737 310.844794 1.230141 0.138962 56.099257 57.526501 57.526501 586710.201861 5243.050442
349.229435 138.307206 0.776287 0.454953 57.200744 66.586357 66.586357 8958317.482581 220.437916
206.387093 256.352383 0.838447 0.354648 43.903777 57.518014 57.518014 21502918.753738 351.570512
288.026520 54.053861 0.503520 0.506681 81.068497 81.542031 81.542031 32012.932269 26599.345090
254.820007 179.865799 0.600397 0.153623 69.822885 74.330729 74.330729 2326359.205486 1524.782459
88.289265 22.676417 0.095339 0.053244 118.940498 -1.000000 118.524609 8269.999326 -118847.129082
140.939235 145.435803 0.418107 0.507816 79.086881 81.793145 81.793145 937696.103656 5033.983147
173.720629 141.102852 0.432613 0.471995 82.607661 84.023345 84.023345 252320.768714 9267.926621
223.980804 319.408361 1.134832 0.183648 37.747662 49.310842 49.310842 22562116.846149 420.475262
282.404979 425.537152 1.862383 0.063227 45.047014 46.916695 46.916695 1530801.034820 4066.456086
379.531279 287.878028 1.335347 0.175479 47.594748 54.042082 54.042082 7654971.281142 724.336053
257.104222 15.503050 0.372625 0.259053 89.561371 -1.000000 89.266429 12121.023696 -121388.016176
210.654980 64.488851 0.327011 0.277007 89.347980 91.598731 91.598731 383566.098168 4556.278889
210.904706 261.773203 0.840850 0.369728 65.390630 66.272283 66.272283 299815.375147 14750.730299
132.535032 114.875361 0.352023 0.491690 79.756681 85.103688 85.103688 2082061.101262 1979.681781
271.452254 234.260620 0.851956 0.429596 66.671480 67.219682 67.219682 92162.064828 21898.712279
204.852170 189.822353 0.608526 0.460124 58.052840 69.566033 69.566033 11431376.113714 383.686146
287.337152 12.660529 0.484318 0.505829 79.611597 81.604383 81.604383 379772.161816 4416.086886
276.212727 155.352624 0.589402 0.211587 73.251755 75.742364 75.742364 832104.937656 3606.523975
351.756192 147.660803 0.792164 0.394983 61.437468 66.839664 66.839664 3822052.280384 1003.133663
232.195836 286.810462 1.005549 0.312534 40.472587 54.643429 54.643429 25134182.552328 194.831085
277.066930 65.545177 0.487625 0.494161 82.748673 82.851257 82.851257 2039.655312 152006.717892
218.139850 317.947529 1.135742 0.376516 52.536375 53.663887 53.663887 1258752.950522 12847.554623
299.670213 207.270837 0.813370 0.297474 57.734778 65.164715 65.164715 6958146.020010 673.580417
212.992752 130.316376 0.441657 0.361041 85.043324 -1.000000 84.802975 11026.005916 -135563.716623
238.329794 276.524651 0.944197 0.324111 63.126048 63.928002 63.928002 237727.866169 14914.942174
444.545380 349.252568 1.861922 0.103339 46.243597 48.319624 48.319624 1269343.187337 2283.827471
291.863571 96.864906 0.566756 0.514645 71.434148 76.121013 76.121013 2039669.034019 2379.153404
307.614142 109.831181 0.565689 0.216890 76.246296 77.642489 77.642489 280876.383630 7503.017848
233.874906 357.499195 1.383965 0.186917 34.256761 38.680169 38.680169 9921571.913310 3664.609697
271.319456 300.656980 1.106443 0.195929 59.407831 60.264532 60.264532 258068.180626 11402.370466
201.452896 32.665959 0.335964 0.473838 89.022190 91.192444 91.192444 292956.170018 4030.581774
240.777295 216.628012 0.756274 0.462366 44.309976 63.920982 63.920982 28311923.372586 6.326206
420.658813 325.203682 1.653004 0.191887 49.319272 50.803111 50.803111 772872.658256 4247.423469
326.295384 138.175888 0.660255 0.148834 63.036589 71.567756 71.567756 6653619.421848 386.859071
212.750458 134.231197 0.468711 0.467963 83.415283 83.639821 83.639821 9330.769382 69455.420456
166.364784 179.711607 0.542415 0.505043 57.481266 69.207664 69.207664 11537198.275664 502.610012
292.628121 61.373861 0.523393 0.533555 80.890486 -1.000000 80.790955 2132.991054 -307620.233401
73.294873 75.182235 0.224732 0.318592 82.336382 85.870613 85.870613 1542655.231237 5996.768234
198.841725 206.256777 0.621589 0.331004 64.799538 70.521738 70.521738 4349753.177731 1440.550100
146.796444 180.076918 0.527834 0.450032 39.519206 61.525934 61.525934 27108224.665515 146.079180
277.559461 343.651413 1.349659 0.251562 55.671945 56.001438 56.001438 64189.037642 34086.866252
386.580758 169.044195 0.948300 0.431937 60.700869 63.294435 63.294435 1311428.657230 2967.220656
235.307273 160.670611 0.575027 0.508207 74.528309 76.424628 76.424628 501130.414923 5489.051102
88.360476 71.216554 0.153315 0.101474 91.967890 101.741955 101.741955 3846693.837258 1019.291699
107.453491 77.353486 0.216632 0.224717 75.926773 92.645247 92.645247 9602997.652844 288.393749
172.270452 161.182023 0.475564 0.452793 76.693876 79.601874 79.601874 1056155.274864 3953.446696
206.160720 96.405604 0.311707 0.099106 94.839631 94.847172 94.847172 14.491149 3061212.333297
332.845926 232.572995 0.987713 0.426868 64.326422 -1.000000 64.300749 427.017293 -865644.393885
342.790250 276.198061 1.206092 0.363072 42.738850 54.560472 54.560472 19542235.706066 165.629774
287.965257 178.669129 0.693633 0.270447 60.770785 69.229683 69.229683 7396534.587189 491.385298
252.648248 238.099361 0.814595 0.302636 64.764268 66.835455 66.835455 927595.048716 4668.838072
355.803185 192.293288 0.897215 0.231455 60.804739 64.367778 64.367778 2144321.916729 1630.154872
190.361374 147.720992 0.446714 0.315286 65.212975 78.428063 78.428063 10779923.491581 252.294798
327.500950 151.890802 0.729481 0.375666 68.647985 70.470865 70.470865 569927.531582 5031.465848
187.030653 253.604968 0.787759 0.320496 54.755425 59.814337 59.814337 6075965.492466 2091.653050
259.304827 56.414221 0.455026 0.533043 82.558273 83.720079 83.720079 136333.897120 8989.616488
147.580001 176.979876 0.527697 0.505980 46.584028 63.452686 63.452686 19461344.092533 265.647550
243.016112 204.600799 0.669631 0.277647 73.035570 73.578951 73.578951 73180.439054 24400.595708
363.720979 313.642806 1.411022 0.161299 48.462622 53.135473 53.135473 4746145.890836 860.258549
412.292349 294.337925 1.469246 0.176186 49.293465 52.706503 52.706503 2858927.565623 1433.522999
345.705908 250.644366 1.083251 0.344315 61.826431 -1.000000 61.731599 4849.724952 -239326.710846
289.731603 364.215071 1.513883 0.259933 44.540489 49.593045 49.593045 7222461.977493 1105.777445
271.951671 278.251518 1.027877 0.285036 51.411636 58.418863 58.418863 8367101.090568 758.517641
159.348455 186.394807 0.511095 0.344486 70.707204 74.619969 74.619969 2411334.765224 3132.283918
81.255333 83.390350 0.227450 0.287476 83.712176 88.059741 88.059741 1895575.183835 9447.566397
253.978662 185.127524 0.646488 0.361928 73.382290 74.220736 74.220736 144181.253237 14435.189671
168.870100 129.752206 0.394241 0.407440 81.511601 84.912029 84.912029 1044921.253357 3122.208199
240.606844 163.386084 0.560360 0.331352 74.607024 76.886695 76.886695 711791.625501 4460.641262
188.725543 196.339840 0.584542 0.395992 69.550276 73.204536 73.204536 2019463.773302 17514.695611
94.000733 14.553780 0.180045 0.295070 101.538010 104.217102 104.217102 355189.831319 5261.157857
234.851092 355.440390 1.347393 0.138372 39.759934 44.651265 44.651265 9528450.041862 2072.170919
245.795300 173.951344 0.623825 0.455607 67.432408 72.485634 72.485634 2925967.430843 1381.898353
170.450930 154.487491 0.383151 0.140197 89.394405 -1.000000 89.371151 174.651126 -1314710.615729
100.201905 114.633383 0.313341 0.429667 85.119758 86.587076 86.587076 455630.876495 13878.518860
159.636146 131.231393 0.359371 0.259114 68.942160 82.994912 82.994912 10440845.337221 289.040900
151.958193 160.578743 0.452954 0.469423 79.142137 80.994816 80.994816 549560.093686 7712.879157
83.984090 55.117246 0.162206 0.192423 105.406872 106.753419 106.753419 150468.418865 14589.494493
63.242139 73.216290 0.247446 0.332030 26.948928 53.228243 53.228243 15275282.407603 976.803082
223.949284 165.109676 0.563629 0.485838 74.245044 76.546655 76.546655 709606.604141 4485.148987
214.050958 165.314568 0.559818 0.503366 64.231460 73.531620 73.531620 7083022.665160 529.173051
302.998881 323.058981 1.292368 0.211193 57.505653 -1.000000 57.412602 5794.691230 -225015.497914
331.651964 295.258875 1.237726 0.204836 48.114295 55.143123 55.143123 8795611.541665 510.347437
323.528039 144.390108 0.705381 0.424545 72.803496 -1.000000 72.664712 5967.800107 -197866.065853
170.342517 163.097019 0.467869 0.372769 70.337046 77.234398 77.234398 4446519.130514 1198.956608
180.614256 167.887624 0.435213 0.149567 83.643221 84.572124 84.572124 135198.783161 15253.511084
174.172825 185.322265 0.518356 0.318517 71.656777 75.754682 75.754682 2299569.278618 2666.489160
225.344699 242.266228 0.795592 0.364864 61.306024 65.307333 65.307333 3004767.841191 2192.945343
110.133001 104.074981 0.271803 0.326857 95.096723 95.859113 95.859113 82370.371259 25197.405929
115.828709 115.430140 0.307551 0.329756 74.885002 83.529489 83.529489 5052282.265431 1232.277793
156.943590 208.829947 0.583770 0.438659 74.743356 75.104555 75.104555 93920.835761 51689.059668
40.383348 8.211528 0.196206 0.351474 59.024641 67.227606 67.227606 4127657.396538 4099.121040
210.612144 196.301502 0.598778 0.337381 74.770295 75.784511 75.784511 212789.096717 12778.673014
282.900895 240.711445 0.872408 0.204544 64.184877 65.796808 65.796808 582223.944106 5833.725890
145.944590 202.164531 0.550212 0.327457 66.151038 67.914494 67.914494 1437065.199092 10528.151214
257.721559 99.731067 0.445213 0.222853 73.323536 81.556566 81.556566 4717544.145526 504.297882
258.765931 391.133810 1.585443 0.162279 51.914855 52.008242 52.008242 22974.453515 145416.567736
427.217930 173.681703 1.084241 0.320481 50.356391 58.540465 58.540465 9675956.232833 392.119232
310.433559 123.590343 0.649795 0.498586 69.083456 72.709397 72.709397 1566358.106484 2573.395107
190.535338 233.110560 0.638471 0.044067 71.699696 74.116058 74.116058 642046.933595 3003.207191
185.967333 65.882266 0.255466 0.136968 94.997593 97.661909 97.661909 447897.768708 3880.370506
264.390461 255.643797 0.880103 0.114624 60.029643 64.462590 64.462590 3002779.367802 1272.789524
237.008635 155.752679 0.530474 0.313527 77.212407 78.847889 78.847889 380287.171570 6772.729381
299.770960 223.586079 0.831359 0.096838 63.707326 66.892752 66.892752 1469164.530215 1855.467082
388.646293 146.054743 0.881956 0.370781 67.044248 -1.000000 66.940741 4317.276624 -241718.486477
339.784279 117.065204 0.692080 0.389903 68.665409 71.440522 71.440522 1085845.986812 2735.209383
307.900634 46.177884 0.549987 0.523168 71.580619 76.970048 76.970048 2413350.052583 894.938350
127.969048 96.619236 0.316091 0.476432 83.785143 88.818926 88.818926 1583296.241501 2005.827121
215.555883 114.076437 0.417555 0.372495 86.770270 86.904330 86.904330 3322.921399 124906.139232
287.754118 98.349835 0.543524 0.447705 77.912467 78.943427 78.943427 148198.482349 10726.966768
262.939346 327.214849 1.233186 0.287232 57.435363 57.881579 57.881579 107951.296755 25613.728594
114.722662 129.602873 0.326061 0.327837 83.491915 86.035395 86.035395 951846.812858 6624.686466
75.521596 84.855346 0.223833 0.231368 56.287164 72.055654 72.055654 11296709.037040 719.747011
320.448802 219.926978 0.907469 0.294634 55.050175 62.488995 62.488995 7576058.134853 644.101797
149.834286 78.752957 0.306906 0.466539 93.137673 93.967509 93.967509 57737.507086 17454.744140
215.409614 314.672439 1.060362 0.165981 61.822158 61.916172 61.916172 11575.196822 161618.229358
184.108190 196.568179 0.550227 0.213843 59.003466 71.245453 71.245453 12760699.873463 370.384916
305.997280 243.874836 0.952119 0.321252 64.024861 64.523384 64.523384 82037.445183 22821.852680
196.057791 274.735376 0.895557 0.335328 52.297110 56.345266 56.345266 5281303.206334 2796.877650
144.200883 191.512199 0.526504 0.301693 47.193947 60.510500 60.510500 16691337.132283 576.092495
66.891560 57.814944 0.252354 0.442334 40.077730 67.521390 67.521390 16575564.107164 443.827803
108.485189 117.296093 0.313778 0.321124 53.570048 74.463153 74.463153 17952025.608904 213.367347
133.186470 157.690499 0.348011 0.101542 72.106881 82.256433 82.256433 7293831.174762 827.237117
261.744346 124.841680 0.543584 0.492740 76.949536 78.483980 78.483980 301934.289873 6640.072533
260.267660 180.449606 0.608278 0.129845 69.555738 74.171134 74.171134 2359235.585296 1370.392535
84.180151 25.950012 0.234496 0.488765 78.157200 91.198425 91.198425 4942567.609519 475.515651
121.494398 74.349216 0.200818 0.162172 92.594131 99.746413 99.746413 2344179.283696 1276.378450
53.842832 54.270996 0.123416 0.110952 103.262165 103.932962 103.932962 164537.785440 50917.172063
180.536473 129.754448 0.366069 0.234224 88.917405 89.557049 89.557049 56373.688682 23937.136702
219.181910 325.363514 1.135921 0.140605 51.998379 54.154987 54.154987 2413918.097392 5519.353851
334.666902 122.321056 0.657533 0.213046 71.116051 73.228778 73.228778 655776.333332 4035.525786
168.125661 154.517336 0.468566 0.539731 79.772714 81.355555 81.355555 351509.192602 8318.668399
242.141204 308.257966 1.139854 0.391895 42.309793 52.104254 52.104254 17147618.821494 468.435944
207.066784 317.612707 1.163543 0.300926 31.117984 33.923547 33.923547 5768470.036142 21679.574646
288.641997 316.708632 1.239798 0.237652 51.247621 55.283097 55.283097 3989268.796510 1613.859036
127.360764 158.578119 0.429082 0.528253 85.162005 85.247742 85.247742 5907.666017 253265.999460
125.596535 144.241666 0.360421 0.313509 82.119130 84.485226 84.485226 890508.914349 6902.904025
220.626703 235.024057 0.764414 0.445864 67.478720 68.736289 68.736289 416948.482119 9571.564163
296.821972 112.115160 0.554941 0.264935 74.750484 77.390815 77.390815 838796.772049 3454.372005
388.591438 259.079335 1.243470 0.254052 52.478131 56.196173 56.196173 3070527.326928 1457.960217
264.649536 331.744385 1.283374 0.315357 47.346318 52.587148 52.587148 7117978.367664 1303.292081
125.888816 185.227229 0.486468 0.237906 49.358095 52.255852 52.255852 3428276.147955 15825.297856
129.192615 170.648065 0.371074 0.069104 56.947058 76.614068 76.614068 19085436.570583 185.866815
227.824721 25.289077 0.305787 0.187610 92.607001 93.977792 93.977792 154227.349564 8504.019959
308.221050 200.149071 0.759369 0.035434 70.719481 -1.000000 70.304095 21741.161404 -82618.624879
170.041618 236.818395 0.694773 0.353477 64.920304 66.124412 66.124412 858014.480004 13842.245553
264.508127 212.415429 0.768840 0.443208 66.193996 68.387074 68.387074 911398.368978 4355.264067
291.942642 188.925793 0.709395 0.184385 71.153192 71.971852 71.971852 139755.340450 13806.480762
203.125653 152.391362 0.501173 0.487930 77.409492 79.646108 79.646108 605687.018607 4842.404817
109.623311 165.730803 0.423229 0.198998 23.032916 34.458963 34.458963 9647704.752022 6914.825421
250.398943 203.236014 0.715137 0.404902 57.603068 67.132049 67.132049 9519483.588614 439.198108
112.308805 123.838214 0.311428 0.286454 72.672302 80.963307 80.963307 5440402.903030 1352.978636
296.822064 203.574141 0.813896 0.442181 61.925968 66.074746 66.074746 2683477.002276 1628.290304
122.125275 155.028617 0.401774 0.321406 63.807562 70.771898 70.771898 6010227.246367 1994.321821
283.554550 158.117990 0.645059 0.436663 75.431050 -1.000000 75.394621 507.343893 -717532.668771
59.449514 35.788933 0.163708 0.249132 91.499285 95.505749 95.505749 1316352.489929 5015.317879
203.561916 259.218147 0.784788 0.183927 69.983000 -1.000000 69.905403 3791.810877 -309781.785430
79.489772 32.068613 0.240326 0.512843 81.074997 90.391108 90.391108 3144453.892167 1002.432265
259.125377 167.201188 0.585497 0.251755 25.445362 -1.000000 78.143016 76876358.351745 -156.802984
251.839794 274.075317 0.985299 0.420880 55.549468 59.850954 59.850954 3986214.895994 1787.673171
379.354246 297.868438 1.398803 0.290096 46.308306 52.503857 52.503857 7994318.882274 681.626895
112.280682 82.874246 0.187521 0.125168 104.422392 105.324946 105.324946 69669.507400 19835.877850
288.997804 203.884403 0.789181 0.434027 67.433662 68.641923 68.641923 320074.669387 8620.579622
343.747194 170.816736 0.787204 0.173564 68.586060 69.361693 69.361693 131257.865501 13424.803671
117.892931 105.955144 0.318382 0.453219 81.255482 86.542514 86.542514 2040521.666318 2220.280321
237.699432 117.240345 0.430459 0.213418 82.541282 84.469069 84.469069 404090.167171 5508.802131
263.952537 119.117951 0.530271 0.426053 71.623613 77.303559 77.303559 2823956.628400 1194.258935
133.047931 167.726085 0.441602 0.362602 71.968349 75.169568 75.169568 2035853.858559 4836.134101
160.843127 113.418879 0.350611 0.369142 78.295979 86.053870 86.053870 3624940.387814 880.899858
175.327857 91.152591 0.311505 0.284729 87.069049 91.383453 91.383453 1202519.068925 2031.473024
449.257486 266.666809 1.479291 0.247606 50.423493 52.822698 52.822698 1643972.201859 2488.700328
298.122489 335.034055 1.340152 0.124198 52.800465 55.011152 55.011152 1337016.440173 3032.863867
94.846357 143.911594 0.267055 0.038428 59.289789 64.990536 64.990536 3967698.686868 6486.305537
90.267990 123.246582 0.319789 0.278095 45.549177 55.472354 55.472354 8585492.361938 2574.592723
136.284225 135.262136 0.392345 0.443771 61.270737 76.288395 76.288395 12264928.017471 339.099270
172.292465 89.979161 0.257381 0.109257 95.309243 97.596230 97.596230 353754.262525 4791.930452
282.034554 322.778921 1.273446 0.341935 49.099428 53.767413 53.767413 5521514.022898 1451.256058
270.439009 39.010769 0.453407 0.481405 84.484355 -1.000000 84.262100 7780.165824 -150773.044300
67.815311 79.238710 0.280249 0.466309 62.308341 65.998837 65.998837 2186689.179798 11477.501145
304.237558 120.688442 0.567675 0.168447 76.679338 77.790592 77.790592 185960.526744 9923.019037
213.941190 243.661990 0.791290 0.334095 45.034984 60.587843 60.587843 23482041.778908 111.943719
208.988189 198.886300 0.578182 0.191582 75.026238 76.446483 76.446483 363102.410131 8502.813456
219.172677 326.614247 1.189522 0.339008 48.622663 49.515807 49.515807 1304283.132350 22954.426997
253.191215 191.768771 0.615243 0.082918 74.959523 75.874894 75.874894 128411.988700 11276.631163
170.865913 204.536343 0.576995 0.334918 68.898884 72.237083 72.237083 2078711.703865 3653.149461
322.275341 219.960266 0.915899 0.361772 61.411541 63.961081 63.961081 1315314.461612 3147.927803
285.067806 211.450628 0.779605 0.245264 65.177099 67.967237 67.967237 1348939.367305 3748.094532
366.931381 235.931322 1.083955 0.329960 61.958334 -1.000000 61.919743 936.928718 -574906.181611
216.905061 276.365552 0.901750 0.301692 64.400090 65.022669 65.022669 173983.292489 21086.333909
57.469244 1.109667 0.204925 0.429570 87.099667 91.371059 91.371059 1230091.712208 4416.049241
444.591463 268.112022 1.449384 0.120594 55.011558 -1.000000 54.985349 468.936305 -777493.812728
158.985812 230.335918 0.664953 0.210001 31.934375 48.615487 48.615487 25252395.094676 536.859305
376.490847 135.471219 0.841476 0.467480 64.366470 66.589238 66.589238 882816.856594 4181.176371
240.565091 349.975009 1.345953 0.204083 25.151618 43.282950 43.282950 42229772.888206 68.767772
319.008753 230.660179 0.926646 0.266823 65.038401 65.412984 65.412984 46306.643699 31186.735131
365.064572 259.910148 1.149848 0.084708 55.600746 59.030630 59.030630 1976881.852142 1134.596632
220.753041 307.919229 1.085849 0.398612 54.593038 56.390036 56.390036 1693246.574768 6628.063977
143.062195 177.281163 0.470300 0.431211 82.919307 83.043306 83.043306 8558.818979 161462.738036
263.539077 293.176926 1.042956 0.112073 60.089062 61.503433 61.503433 508435.185392 6192.210298
196.020935 208.112520 0.627631 0.332136 60.277237 68.701127 68.701127 8083184.153156 818.834428
391.412194 297.456432 1.425916 0.250545 49.321541 52.990548 52.990548 3381690.993418 1380.357992
118.286842 129.857741 0.260563 0.080825 84.176871 91.897793 91.897793 3606540.021395 1230.249823
304.367797 165.502294 0.716050 0.454682 70.885960 71.681581 71.681581 131976.140729 14148.252172
334.897208 164.799454 0.747536 0.168571 68.403102 70.101380 70.101380 495997.972170 5166.014833
427.172081 176.620383 1.085642 0.333792 59.000650 60.554945 60.554945 608598.564309 6439.312912
250.554552 314.001706 1.128559 0.201463 59.692008 60.122478 60.122478 89380.609508 27318.550114
137.118277 84.186176 0.220917 0.137647 80.581586 96.612314 96.612314 8792823.342938 139.925738
227.358117 94.508601 0.437850 0.485004 70.673115 81.709603 81.709603 6479274.601726 187.544376
232.646871 354.713868 1.419723 0.294813 7.066708 28.494519 28.494519 36925874.365791 935.722583
157.206248 28.167423 0.265290 0.399224 87.139686 95.233009 95.233009 2367334.866319 422.530032
132.140409 169.717181 0.417844 0.263529 77.533717 79.474949 79.474949 941535.619502 8925.165319
273.909137 314.256929 1.218554 0.356527 46.418120 53.559140 53.559140 10400145.857250 653.729443
181.808840 75.367883 0.331906 0.426240 88.990477 91.162806 91.162806 329921.477761 4725.939385
268.049842 271.595714 0.983456 0.357029 63.433991 63.779263 63.779263 49532.678772 35930.172346
97.919277 119.743262 0.377947 0.520116 26.471747 56.081586 56.081586 23551864.007486 206.413972
286.323599 393.603526 1.658217 0.111875 50.219655 50.919185 50.919185 246619.350829 12580.619095
308.654178 156.622121 0.704743 0.453498 70.811150 71.881389 71.881389 216362.317697 10032.630571
316.222217 254.732830 1.014431 0.291471 63.643763 -1.000000 63.615198 534.633410 -760359.768222
122.206264 131.659261 0.319676 0.239275 74.163956 82.638446 82.638446 5507877.535192 1215.341597
416.934365 233.916948 1.231615 0.264501 56.406195 57.672681 57.672681 474947.891062 6882.078422
324.746955 308.531102 1.265181 0.131913 57.964031 -1.000000 57.821236 10192.382529 -156512.607889
167.240892 203.078717 0.595005 0.443658 64.225715 68.938807 68.938807 3775923.843724 2372.047643
60.471512 12.021843 0.120793 0.163047 109.907896 111.236991 111.236991 153169.845253 17069.007183
426.716208 216.840522 1.207394 0.329934 58.279163 58.756545 58.756545 84884.091540 20998.287192
121.688480 90.691393 0.263679 0.329403 95.173742 96.513390 96.513390 163835.693602 11919.627538
269.588895 214.832245 0.747071 0.223983 71.423943 -1.000000 71.351058 2210.134951 -349458.244489
303.586633 98.240271 0.559641 0.343114 77.452039 78.304333 78.304333 114001.653770 13738.279698
135.235738 181.011742 0.468951 0.386430 80.558147 80.692823 80.692823 29135.664806 174374.093099
178.161994 100.542864 0.372550 0.468500 75.916410 85.277229 85.277229 4468045.992631 438.947374
355.180261 385.757477 1.789970 0.102876 46.165466 48.749196 48.749196 1940593.278373 1689.565050
256.485017 388.561525 1.569626 0.164011 50.539672 50.799892 50.799892 147585.150740 53762.175594
104.723150 117.388346 0.330087 0.471775 84.009235 85.735556 85.735556 533856.242845 10979.015717
172.533952 245.499243 0.740677 0.285604 50.973389 56.204958 56.204958 7226509.961066 2397.484463
279.884296 148.835258 0.595769 0.291442 73.860906 75.752363 75.752363 520551.416300 4940.754102
194.523483 172.379582 0.463328 0.138146 84.219994 -1.000000 84.158869 1099.617358 -485730.541083
217.782873 137.845542 0.502918 0.534162 75.072361 78.942523 78.942523 1415032.696574 2321.735588
131.973101 173.891966 0.450031 0.274461 59.094189 67.034695 67.034695 8051944.725360 1501.866169
388.733150 283.113133 1.339845 0.259833 14.207547 -1.000000 56.928775 94497470.582708 -149.180001
304.314250 247.343749 0.974953 0.402466 62.079356 63.219291 63.219291 363343.843272 8742.538490
236.504716 336.489813 1.250502 0.243116 46.037594 50.689318 50.689318 7195326.811677 1855.420363
76.253333 32.819712 0.228264 0.496899 98.204453 99.288592 99.288592 94596.911467 17504.044041
278.883688 296.886543 1.131759 0.361910 55.944536 58.226478 58.226478 1512294.596286 3728.845884
210.975796 225.255457 0.691008 0.245916 60.160981 67.440674 67.440674 6853198.395830 890.437185
87.514033 16.599611 0.211560 0.427969 100.099000 101.556686 101.556686 125071.264019 11167.547029
201.049238 275.019082 0.908936 0.349303 49.369456 55.515046 55.515046 8829570.695937 1424.883004
262.804069 348.416214 1.345307 0.152812 47.580224 52.417140 52.417140 5980312.653969 1327.293160
281.766043 378.967861 1.567439 0.158539 46.785128 49.962590 49.962590 3413497.079970 2143.294023
192.135080 271.364913 0.873135 0.281202 47.068886 53.899260 53.899260 10595915.811242 1371.831842
99.325542 140.494030 0.387317 0.321856 10.580900 40.998325 40.998325 20230694.334952 1184.354208
151.324201 117.731723 0.371963 0.517337 88.018792 88.772538 88.772538 68738.050023 20167.856342
274.868343 308.112715 1.160340 0.174565 45.520468 55.310206 55.310206 14651042.253810 310.823457
112.526138 96.445477 0.273762 0.361632 92.022983 94.002166 94.002166 370706.532456 8098.641660
100.725584 130.312828 0.235686 0.057783 97.226156 98.396966 98.396966 176087.286498 16742.958899
136.764914 177.776520 0.494703 0.412482 60.868907 66.623054 66.623054 5399129.134093 2358.956837
317.978801 200.628536 0.812792 0.159277 54.937696 65.540004 65.540004 11395408.089653 198.425813
212.451548 191.639931 0.536851 0.070216 75.697751 78.490395 78.490395 809811.642756 2725.341145
430.138402 236.485006 1.290659 0.310401 55.907543 56.799097 56.799097 270409.936973 10185.243145
204.768494 139.427243 0.449729 0.368397 82.865175 83.803158 83.803158 122865.014520 14292.761016
231.195698 238.820174 0.791568 0.408506 66.384690 67.801858 67.801858 510106.164940 8320.815674
264.427124 238.968047 0.870604 0.406835 51.205298 61.625572 61.625572 13106847.297020 355.228939
306.237902 398.198815 1.748285 0.134087 39.785436 46.922593 46.922593 11974386.756894 483.264674
299.496924 124.335412 0.564493 0.150510 66.382951 75.537908 75.537908 6639840.114011 321.664849
282.839115 207.007785 0.783888 0.347886 56.225902 65.438724 65.438724 9551842.783995 360.148772
117.145457 88.694391 0.200771 0.121771 96.017517 100.684860 100.684860 1224883.495939 2463.190085
267.015178 232.368333 0.805898 0.207049 66.320805 67.847015 67.847015 504841.618458 6556.752890
85.936863 24.547788 0.229678 0.502577 100.877270 101.264295 101.264295 12384.361814 49997.969317
120.220738 146.604407 0.324037 0.162617 82.753582 85.936956 85.936956 1429029.702199 5063.883387
226.996663 237.503701 0.783011 0.486870 70.024766 70.110670 70.110670 3657.254177 178258.222373
287.206597 132.880697 0.607409 0.441958 69.000299 73.901568 73.901568 2522510.462518 1231.228662
262.244000 334.316673 1.256364 0.127298 53.218104 55.793572 55.793572 1859090.906304 2925.043189
295.444254 148.056509 0.619859 0.207146 58.315614 72.084523 72.084523 14008607.933899 81.546577
237.715668 299.636951 1.074026 0.309706 43.386579 53.846022 53.846022 17674240.310933 406.199798
160.278241 209.909025 0.597911 0.394757 66.540654 69.120181 69.120181 1857763.954281 5576.439355
422.279022 193.615599 1.126832 0.391343 57.878345 59.535403 59.535403 710003.028534 4852.982520
133.922446 82.701314 0.305679 0.516983 95.182761 95.220411 95.220411 238.484309 547941.574800
158.806851 159.567337 0.429981 0.283477 65.294692 76.895043 76.895043 9733484.634579 540.627387
72.937117 95.284872 0.300083 0.421388 54.177624 57.361103 57.361103 2198919.751211 24435.151531
196.867246 227.647608 0.661245 0.226765 72.607997 73.299959 73.299959 139406.207959 20342.954051
247.206688 166.625813 0.583790 0.302557 59.739725 72.591343 72.591343 12448969.497564 171.154440
193.552053 237.072835 0.718883 0.297431 60.185167 65.418596 65.418596 4888816.975998 1798.492493
314.051021 209.331579 0.827182 0.167940 65.914902 67.459689 67.459689 473666.319738 6032.385161
59.352486 18.867668 0.195056 0.361986 75.498751 85.844898 85.844898 4522712.986865 1319.315255
199.890583 180.876150 0.558319 0.389195 65.569763 73.180406 73.180406 5741043.860993 872.338054
180.756178 170.062297 0.496050 0.429427 81.466811 81.771898 81.771898 21984.129956 52634.410621
136.039102 11.150317 0.181573 0.199184 107.368073 107.480891 107.480891 1233.984005 181366.605301
269.892793 324.560110 1.226448 0.149809 50.677232 55.370645 55.370645 4879948.544280 1301.246690
301.282309 237.687311 0.905785 0.258962 16.636570 -1.000000 66.627144 90715061.443995 -149.964461
64.174742 7.417592 0.186731 0.343946 80.776974 90.990911 90.990911 4039843.011123 1220.182626
356.428083 196.857554 0.890930 0.090908 57.820456 64.788916 64.788916 5406565.848711 314.072765
137.461485 120.906938 0.295594 0.179285 62.465774 85.888819 85.888819 19884046.025673 73.113213
287.129250 215.638585 0.825166 0.446908 66.396346 67.517794 67.517794 297608.063871 9417.272583
216.301965 214.576361 0.689348 0.426337 65.754485 69.427163 69.427163 2209479.475350 2423.505976
231.546655 70.448016 0.355862 0.219157 81.721440 88.004349 88.004349 2464041.635213 886.208655
241.572944 230.369802 0.771737 0.402517 70.519503 -1.000000 70.447717 2546.705500 -345342.775096
215.403611 316.933554 1.085127 0.170312 55.878813 57.078392 57.078392 978994.342846 11007.727612
175.788268 30.879598 0.249345 0.261233 99.883758 -1.000000 99.679728 4399.179115 -191322.896320
326.280312 127.712401 0.680560 0.421323 70.881035 72.487796 72.487796 416758.618393 5907.056739
449.688754 247.925956 1.402225 0.253650 52.164410 54.215555 54.215555 1201483.870010 3583.714728
262.574835 315.366855 1.172276 0.232987 54.461920 57.031537 57.031537 1952178.235317 3311.626259
77.778822 49.073000 0.228897 0.418165 76.750506 87.572607 87.572607 4720535.782386 960.398433
376.438911 128.297216 0.819854 0.435196 66.463172 67.804525 67.804525 359740.173490 7040.255545
114.536068 98.371074 0.298324 0.440632 87.919259 90.769775 90.769775 688207.242639 5032.503399
223.224660 167.505604 0.546388 0.369200 75.983204 77.765099 77.765099 466119.607967 6329.891702
258.947558 253.375783 0.915986 0.440998 56.288570 61.598042 61.598042 4966088.409285 1196.056121
78.449862 6.010869 0.214825 0.457344 95.537766 98.613261 98.613261 478841.264702 4787.434661
289.374092 282.234782 1.055369 0.183519 62.574345 -1.000000 62.519819 1771.031644 -409983.509753
125.547199 154.319229 0.412751 0.366142 62.917725 70.979814 70.979814 6939642.327949 1396.437852
421.616376 248.462952 1.301466 0.277810 57.430585 -1.000000 57.360869 3033.604797 -303231.291353
78.085989 17.481747 0.228385 0.482657 77.729088 90.553645 90.553645 4863846.202854 552.905561
436.512752 188.649854 1.143801 0.262870 58.389413 59.567582 59.567582 384786.142202 7085.113521
231.218002 329.962679 1.183925 0.167133 51.504401 54.464787 54.464787 3214118.952517 3293.081312
171.689753 216.856004 0.613548 0.308899 67.996512 70.693979 70.693979 1699662.164527 4852.375562
325.176232 165.356472 0.712432 0.096743 64.632465 70.509906 70.509906 3523313.608930 572.242702
75.293485 80.976322 0.179788 0.131521 56.959346 80.750158 80.750158 17008334.408185 210.227360
338.040017 163.434174 0.770050 0.236071 57.610873 66.900553 66.900553 9023870.008140 357.408909
192.223447 206.832157 0.577730 0.162563 67.791669 73.264178 73.264178 3718877.094791 1528.103590
76.639040 110.875419 0.306127 0.286478 22.166199 36.209733 36.209733 8303803.802961 6971.961703
198.838266 276.058726 0.861437 0.271875 67.573160 67.609136 67.609136 1657.896244 465532.089199
175.718373 246.054169 0.770173 0.328870 34.350817 50.056142 50.056142 25990376.071374 322.384715
174.560111 13.297604 0.243446 0.258594 95.646086 98.674020 98.674020 481353.423709 3034.623735
128.673542 149.092402 0.391305 0.331008 65.096701 74.594942 74.594942 7783202.430243 1035.542923
300.216832 227.123687 0.908806 0.451736 53.868519 61.848869 61.848869 8602538.897607 531.526518
227.740931 208.449129 0.638818 0.188695 74.225412 74.803231 74.803231 78459.540360 22672.338378
415.426231 248.497280 1.287681 0.318565 56.303713 56.995663 56.995663 175271.535755 13030.830310
228.069509 206.357331 0.645626 0.212197 64.324868 70.733545 70.733545 4877271.357150 1026.881882
230.196446 267.020281 0.904513 0.382740 60.227294 62.802886 62.802886 1720187.504838 3697.934762
122.983130 112.516058 0.337871 0.504114 87.369409 89.058356 89.058356 314520.278209 9155.756631
285.688650 151.180299 0.639579 0.451559 73.315789 74.415535 74.415535 207387.810448 9891.264644
50.157078 40.843486 0.153328 0.180000 61.633896 75.307956 75.307956 7930471.516465 1303.457334
246.825936 283.071453 1.018783 0.427586 53.814055 58.448309 58.448309 4792955.960942 1635.612792
271.866532 211.568248 0.781293 0.453478 66.751931 68.418357 68.418357 569700.231089 5832.825791
148.893646 131.098481 0.316440 0.155961 81.170061 88.348343 88.348343 3503293.374779 1192.400671
169.688967 233.603767 0.682592 0.230196 39.988652 55.826568 55.826568 24493784.058175 262.758001
120.638803 140.313355 0.380925 0.464018 81.874703 83.412620 83.412620 486379.641756 11618.386464
276.627982 190.825689 0.725186 0.383673 58.089676 67.470280 67.470280 9081484.962300 385.715629
384.562358 213.806249 1.075817 0.375206 53.973030 59.094161 59.094161 4668705.288000 953.487048
223.227811 258.148350 0.843826 0.369620 66.494889 67.066547 67.066547 124210.659820 23020.343686
260.236230 186.031770 0.665637 0.325188 61.958239 69.913656 69.913656 6655497.833660 650.665978
336.786912 105.907822 0.677660 0.450811 65.959657 71.141677 71.141677 2984034.225874 1003.362469
286.464466 36.046903 0.466526 0.381369 81.436649 82.852392 82.852392 219666.497621 7284.972442
65.474980 86.972548 0.192854 0.143785 68.408311 70.609700 70.609700 1449379.135917 29718.987107
441.016315 300.828315 1.609997 0.211083 38.898979 49.449988 49.449988 18969503.999828 89.315406
300.244663 325.439696 1.300821 0.249412 57.571353 -1.000000 57.557493 199.608741 -1425560.814233
119.672683 150.387778 0.454565 0.543201 43.124435 59.331169 59.331169 16264256.056137 466.239794
319.625717 255.880193 1.031165 0.208876 49.533010 59.090016 59.090016 12255361.856308 10784.209461
269.002212 250.760195 0.918339 0.389597 56.096892 61.710915 61.710915 5324652.773162 1105.941551
187.767638 252.050567 0.769525 0.353736 65.294288 66.496980 66.496980 640505.469842 11949.613512
150.580996 103.941717 0.334794 0.413527 78.788730 86.993835 86.993835 3659299.931244 786.951775
173.376953 244.722503 0.698081 0.155431 57.143436 62.396205 62.396205 5960790.006933 2138.097261
27.899985 24.386194 0.101823 0.078483 38.177060 55.100930 55.100930 7383478.082257 3236.280062
255.036993 70.201738 0.401310 0.255107 88.234623 88.245033 88.245033 32.350426 1997865.589641
292.228067 257.957451 0.970992 0.243466 60.012206 62.440923 62.440923 1321545.449428 3547.249083
179.489158 187.606541 0.503371 0.185786 72.202158 76.982693 76.982693 2745374.160099 2070.304397
278.254962 203.412400 0.730339 0.183477 61.694930 68.394859 68.394859 5309938.664328 788.465541
216.514317 207.761578 0.664508 0.373181 59.769991 68.250106 68.250106 8013717.983009 707.756923
305.094849 395.774426 1.722901 0.169029 49.585338 50.182043 50.182043 200539.757760 15333.731615
108.545738 118.380252 0.331202 0.420808 73.933716 80.076878 80.076878 3471960.368033 2206.266961
170.751624 110.948628 0.337487 0.284400 80.708088 87.755147 87.755147 3085338.132071 984.814256
198.897568 165.518102 0.517998 0.405421 68.224363 75.661303 75.661303 4976676.922803 887.070373
414.956112 196.311766 1.120093 0.389808 49.494598 57.569740 57.569740 9850843.151237 414.706462
156.547843 133.571535 0.313156 0.104429 87.889239 91.394621 91.394621 966369.785150 3093.353876
245.926638 279.003173 0.994257 0.431942 57.224070 60.242935 60.242935 2343705.604362 2959.393934
250.728366 218.595051 0.716722 0.159583 66.519283 69.875590 69.875590 1712594.422320 1983.857183
195.870290 257.118512 0.824192 0.305044 34.796329 54.763554 54.763554 34773635.801405 78.212486
114.836994 162.758807 0.362758 0.140913 72.563093 74.383231 74.383231 1354587.316354 13378.685947
441.402257 206.846662 1.210211 0.213900 59.223097 -1.000000 59.166684 1820.895031 -382443.775352
278.762361 185.154773 0.664080 0.156935 72.144641 73.399151 73.399151 275379.947954 8247.553268
215.995255 202.206462 0.645937 0.449816 72.061471 73.371869 73.371869 349982.149974 9208.827267
319.234058 202.212677 0.851624 0.434746 67.862130 -1.000000 67.734569 6542.362439 -198438.122704
356.502567 328.564036 1.457222 0.086771 47.407991 52.977248 52.977248 5526693.815868 503.118303
140.269495 198.038515 0.512688 0.256869 70.075386 70.834824 70.834824 534454.178566 31679.086489
186.985831 131.635164 0.443911 0.500276 71.288593 80.042265 80.042265 4997945.514224 572.500255
335.728855 178.210133 0.822551 0.393338 64.893979 67.071637 67.071637 876012.016529 3877.648716
265.053262 396.094027 1.656639 0.193006 42.549697 45.256253 45.256253 4432102.258482 3542.375971
144.305847 69.061577 0.252864 0.298613 94.821446 97.360090 97.360090 399432.526231 4607.150245
294.756142 271.579026 1.043801 0.279548 55.564336 59.645562 59.645562 3413485.170829 1756.344515
253.966643 14.492499 0.425589 0.534307 82.789239 85.014481 85.014481 382434.810090 3655.656602
211.806982 231.137508 0.751064 0.424742 54.465968 63.603261 63.603261 10497519.103140 639.503374
202.374112 145.766283 0.485153 0.442746 65.044974 76.992201 76.992201 9177566.955641 272.566278
287.673992 313.082496 1.206183 0.166707 53.965185 56.868945 56.868945 2111324.897013 2472.054537
184.172221 3.232396 0.307828 0.482077 91.442917 93.522009 93.522009 238626.947886 4268.960746
228.979756 234.888351 0.737680 0.189569 68.230933 69.829807 69.829807 549136.878879 6660.356255
322.780441 411.139654 1.863187 0.083232 46.460856 48.151314 48.151314 969693.632810 3103.737648
389.987435 198.021884 1.017540 0.252547 60.660029 62.194864 62.194864 560900.499316 6112.660496
273.940906 223.264021 0.755179 0.020973 70.996691 -1.000000 70.585793 11880.216710 -97670.416451
308.471897 238.342823 0.913001 0.133450 63.420661 64.974744 64.974744 503363.630050 5408.373500
313.791388 285.293855 1.155689 0.324807 54.965669 57.806731 57.806731 2034750.537962 4401.061248
157.943492 193.422097 0.563151 0.391711 40.839134 62.068931 62.068931 28000974.601636 115.206136
275.464965 131.326469 0.544094 0.247133 69.191499 76.255908 76.255908 4413654.156979 711.637929
212.869108 307.336859 1.038198 0.304337 61.819995 61.927457 61.927457 21528.251279 146827.335390
211.091104 278.547681 0.872918 0.105786 64.679075 65.728316 65.728316 326847.250875 11088.811603
164.221855 73.110909 0.258151 0.209104 82.875313 94.407390 94.407390 5372366.509640 -7614.300554
404.471323 200.281882 1.074096 0.265396 58.390330 60.518096 60.518096 1033765.331767 3567.117811
82.154653 102.830240 0.185790 0.103163 106.103914 106.162879 106.162879 2172.753067 472647.413966
416.893455 289.975787 1.463618 0.162217 47.269947 52.437379 52.437379 5555179.911915 537.065418
214.349624 158.635142 0.508056 0.324516 68.742796 76.686494 76.686494 5358384.187510 841.842727
236.355007 220.921240 0.712715 0.207667 56.504768 67.034641 67.034641 11423159.930634 264.345583
326.330125 224.979270 0.907311 0.121820 62.998232 65.009110 65.009110 748281.874774 3229.878801
459.960204 261.001965 1.481280 0.184720 54.514028 -1.000000 54.492622 365.022607 -890338.707554
192.059535 29.033289 0.293469 0.357683 95.988309 -1.000000 95.841620 2534.343004 -253722.899894
74.677143 73.548117 0.163765 0.146748 97.530842 100.375156 100.375156 816372.933591 7263.566664
273.641086 247.792483 0.873332 0.177652 65.890536 66.570341 66.570341 128320.049721 16290.206738
185.163859 186.397954 0.536268 0.296733 64.712138 73.138210 73.138210 7014688.528517 810.091248
306.876338 386.745816 1.680453 0.159347 39.807842 47.493406 47.493406 13318314.383197 421.813193
262.441186 341.677896 1.306776 0.162148 49.144230 53.422484 53.422484 4803274.535238 1559.315387
197.101796 227.297731 0.663922 0.212694 67.911076 70.731822 70.731822 1524614.114304 3821.933683
367.651345 196.506562 0.963979 0.384810 61.130308 63.136660 63.136660 877203.363104 4182.306301
162.410145 183.750662 0.502135 0.358175 76.940076 78.543551 78.543551 519027.130967 8984.031793
222.152287 311.846915 1.118976 0.324461 42.525000 49.940880 49.940880 13270417.035046 1005.011780
367.280012 210.091167 0.993567 0.283101 60.245710 62.364672 62.364672 985470.823019 18948.615854
244.479667 200.949033 0.713381 0.483856 49.922053 66.097793 66.097793 20354585.466684 54.595784
205.748265 228.446152 0.745016 0.470223 48.935108 62.032115 62.032115 17482683.474888 230.893990
263.144016 351.031944 1.391291 0.304478 43.456024 49.530607 49.530607 10036780.355209 1020.666097
139.192533 57.620677 0.223274 0.251583 100.983502 101.794196 101.794196 50170.358531 19449.599508
152.892073 153.784534 0.394041 0.217338 62.366991 78.272136 78.272136 14581387.733271 287.844860
298.967455 62.244487 0.525913 0.435815 75.005962 78.582515 78.582515 1217661.680203 2011.782504
245.422364 188.780861 0.651632 0.426758 72.960085 73.870924 73.870924 169543.223129 13367.273784
140.868984 198.769724 0.566666 0.332226 40.199876 51.568596 51.568596 14978359.449064 1096.176997
332.681580 210.751544 0.880312 0.193308 67.295489 -1.000000 67.273048 275.449062 -1034392.412176
387.231303 215.350689 1.063876 0.249704 61.151168 61.756334 61.756334 114552.771580 16508.187177
139.424876 184.237385 0.513677 0.359309 49.708450 60.867764 60.867764 13144976.200039 819.721735
149.311740 211.133103 0.620173 0.381263 47.858902 54.076060 54.076060 8202278.220810 2386.636512
189.219716 234.692431 0.710503 0.415590 69.065266 70.061318 70.061318 345674.587995 14160.390326
108.866706 165.573945 0.477953 0.349781 7.417164 24.757851 24.757851 9213346.283558 10979.948525
114.561746 98.810863 0.244047 0.211825 84.811491 92.434274 92.434274 3386989.280013 1362.116097
260.819134 134.864879 0.553381 0.412770 68.338636 75.578960 75.578960 4479929.712664 718.335565
316.680619 287.046331 1.148575 0.159802 55.102144 58.276969 58.276969 2192145.654650 1880.500937
339.663427 216.666232 0.931643 0.269488 64.718639 65.189403 65.189403 68064.756476 23926.204663
116.565164 152.282622 0.310521 0.073798 74.698866 83.268705 83.268705 5643228.624530 1269.190377
248.429380 333.266594 1.221307 0.190451 59.035444 59.054790 59.054790 416.165313 713098.188786
238.140118 167.557260 0.574144 0.329564 62.175108 73.082451 73.082451 9596185.165904 324.544945
292.644966 347.775147 1.419045 0.217096 44.764334 51.117791 51.117791 9220109.911107 748.677964
140.618930 65.141454 0.271178 0.390844 86.731147 93.710030 93.710030 2118714.886324 958.903332
240.844451 372.033490 1.518247 0.223752 19.559480 28.010570 28.010570 18926007.660043 3632.340149
139.125216 175.655958 0.490139 0.396953 56.272167 65.793229 65.793229 9846291.874986 993.258991
387.474490 221.034613 1.115699 0.374725 42.536751 56.910917 56.910917 23577477.641681 32.455875
55.936351 39.891303 0.159723 0.235646 94.632432 96.657886 96.657886 598321.521330 12543.081019
130.043890 167.275290 0.440453 0.371241 72.018008 74.673632 74.673632 1686849.769220 6388.861620
166.774906 192.524334 0.501559 0.184956 72.433416 76.536429 76.536429 2357995.238001 2773.573633
394.054466 292.253154 1.381557 0.067676 56.127966 -1.000000 56.094674 560.993773 -641893.264591
257.042260 193.741124 0.679098 0.288908 51.996670 68.147835 68.147835 19921945.845807 66.596821
231.978513 77.048298 0.354365 0.176805 78.499688 87.640154 87.640154 4620750.939134 347.430934
390.033456 257.516781 1.220990 0.111366 53.850145 57.352842 57.352842 2317722.109489 1260.567646
199.304876 295.163129 0.954225 0.138050 52.454066 55.557224 55.557224 3911383.219765 4069.929098
74.691363 70.477712 0.233670 0.402673 93.478036 94.518441 94.518441 208228.287177 22495.610052
161.682896 119.603848 0.387449 0.470310 67.151073 81.744802 81.744802 9985554.380815 235.913636
198.709228 216.254849 0.662179 0.458775 73.086287 73.563592 73.563592 71378.845919 30597.289742
225.434503 88.775313 0.424450 0.513295 86.307221 86.462952 86.462952 3752.388252 100813.615852
229.787833 76.566663 0.347068 0.177185 88.104888 90.207576 90.207576 376404.327886 4930.155561
199.443182 294.429713 1.036128 0.321230 6.934973 37.155209 37.155209 45703955.630810 353.994711
75.713071 20.660034 0.210259 0.416276 85.024598 93.526352 93.526352 2751124.660757 1297.427252
182.028266 114.334566 0.400828 0.519410 87.290105 87.625754 87.625754 15544.001585 45985.418841
303.763755 299.232205 1.181476 0.278799 59.634553 -1.000000 59.529056 6905.446669 -206619.921045
133.152169 159.728750 0.449618 0.421734 53.088812 67.038557 67.038557 14186676.246963 462.462532
174.061634 249.857575 0.823994 0.428633 16.778745 41.306059 41.306059 36397796.933699 305.490062
89.702293 69.619222 0.169401 0.144265 86.221022 97.711675 97.711675 5315896.579423 789.373155
244.838726 373.172963 1.446164 0.077628 46.527869 48.980606 48.980606 3024247.205377 4320.334862
129.117826 110.373682 0.306392 0.316271 69.358737 84.586542 84.586542 10396836.768365 301.968228
205.465917 266.471379 0.876489 0.335654 45.676024 56.315649 56.315649 16594651.864054 559.240304
166.712337 221.050659 0.642226 0.397644 65.780897 67.965175 67.965175 1551924.908516 6647.147080
260.485590 349.622930 1.378247 0.252516 33.354681 47.556656 47.556656 31352683.459070 150.809306
205.737915 60.579834 0.359941 0.483162 90.710804 -1.000000 90.553770 3237.384419 -223091.523983
272.855685 145.062168 0.606866 0.486659 72.897572 75.063014 75.063014 630459.336675 4233.893890
411.474885 193.587187 1.074952 0.306904 62.088124 -1.000000 62.013678 2874.767484 -306963.518567
166.085277 235.785687 0.703013 0.299273 48.362601 54.964501 54.964501 9414052.087824 1787.234148
335.276420 322.813448 1.393619 0.286837 49.719874 53.170754 53.170754 3239694.899536 1748.341388
65.029612 19.567693 0.118863 0.147961 110.604749 112.038946 112.038946 156961.669455 15044.294452
