288.382166 106.072573 0.565398 0.464128 70.055766 75.782902 75.782902 2938807.683794 919.666974
345.496935 229.587485 0.994122 0.212259 56.091487 61.198813 61.198813 4292063.498872 1036.247251
347.106744 295.990652 1.280301 0.220154 53.414215 55.904797 55.904797 1642230.756955 3012.433124
165.207716 153.548892 0.456599 0.498654 79.232751 81.364525 81.364525 589280.306783 5926.212115
266.576038 39.444112 0.446451 0.450506 70.016412 81.817721 81.817721 7205123.664710 83.254677
150.620987 144.658871 0.427818 0.538584 82.120644 83.571015 83.571015 295550.228040 9903.942005
418.588573 221.379113 1.190320 0.301425 59.663420 -1.000000 59.626521 891.817214 -573425.795130
256.025745 379.852738 1.526765 0.208388 48.207901 49.471727 49.471727 1311621.688356 9268.726418
225.740476 338.430856 1.230821 0.211249 51.681104 52.426080 52.426080 808250.392868 21789.408691
187.463077 231.864107 0.703272 0.295619 45.406081 60.910780 60.910780 22689601.633236 311.985311
70.167603 93.952612 0.200940 0.127475 57.978879 66.300560 66.300560 6005576.880949 3259.889808
370.084976 195.718995 0.960497 0.281227 54.725787 61.598925 61.598925 6755907.050649 599.671798
217.691664 235.307780 0.750600 0.344304 64.274120 67.398824 67.398824 1928078.104414 3340.010831
198.622758 179.700298 0.528226 0.280513 71.055601 76.073140 76.073140 2871252.350396 18325.137069
41.173407 30.388768 0.169269 0.247348 69.016227 71.940069 71.940069 1502509.612237 21928.678382
85.762309 73.121879 0.275299 0.486077 63.145931 79.018628 79.018628 9280125.061255 472.229855
362.312909 236.693222 1.075436 0.231999 47.901449 58.267282 58.267282 14064691.918227 193.749520
126.753998 168.491067 0.448093 0.396814 71.561892 73.167826 73.167826 1032411.284236 12847.473175
265.354784 96.067462 0.476414 0.344631 79.491505 81.689592 81.689592 514522.941798 4295.529491
181.564951 33.005625 0.261497 0.275077 97.625774 98.327100 98.327100 39053.213833 20382.850588
123.839329 27.570284 0.250672 0.467813 89.949856 96.269019 96.269019 1414225.473174 954.571440
119.842713 74.936168 0.181861 0.115792 104.434316 105.778556 105.778556 124841.961830 11755.649542
207.326765 215.927944 0.663569 0.370734 71.127913 72.436935 72.436935 392759.466129 9549.593871
370.709565 182.865256 0.919751 0.268730 57.938905 63.157625 63.157625 4144666.552414 964.858951
238.793080 291.214537 1.027041 0.298488 49.818811 56.808494 56.808494 9319643.852034 925.412687
194.457893 226.295433 0.696790 0.406226 63.327351 67.385446 67.385446 3065291.759780 2624.683034
144.924231 203.986021 0.599117 0.443033 54.131159 57.426690 57.426690 3819494.866743 5979.506698
369.118866 242.748414 1.138732 0.383929 50.738458 57.184469 57.184469 7220718.983741 700.226116
257.733850 330.029004 1.250252 0.293405 51.859145 54.663921 54.663921 2647060.239941 2941.031095
415.943860 251.846710 1.292398 0.176015 51.509928 55.530822 55.530822 3364422.502254 1125.097512
153.587885 142.838492 0.383202 0.307718 79.933532 84.118572 84.118572 1717639.996597 2711.153586
166.942006 228.922184 0.724906 0.496280 42.382139 52.521303 52.521303 14875320.740428 846.541489
98.169515 82.050901 0.239575 0.350801 99.739951 100.067192 100.067192 15729.637651 64764.752954
188.973955 244.409609 0.743131 0.394065 68.013034 68.849502 68.849502 298986.905048 17486.793575
238.296101 156.021294 0.541251 0.336418 72.946205 76.902372 76.902372 1741036.501751 2083.417199
186.695435 255.163847 0.832271 0.398488 34.179286 50.639867 50.639867 28326135.178845 234.956014
85.615739 103.693876 0.303504 0.421011 68.647175 72.556058 72.556058 2437197.988177 5834.033840
206.903073 86.424421 0.398121 0.507692 79.828353 85.226222 85.226222 1777797.616805 1077.061909
342.506491 175.041375 0.829000 0.321146 53.805208 64.558841 64.558841 12128474.592002 253.009188
213.723340 116.364362 0.441130 0.458578 79.738748 82.949094 82.949094 903474.840780 2934.771843
228.771961 213.573761 0.647708 0.128808 73.562556 74.329768 74.329768 121345.155125 15782.397438
197.181781 277.436470 0.927692 0.442819 52.695244 55.624581 55.624581 3679224.115279 1676.269201
65.545859 58.122285 0.161584 0.168863 73.792508 86.477839 86.477839 7192781.775569 1048.978490
177.239249 131.246932 0.351468 0.175607 89.002085 90.120941 90.120941 147516.397735 12584.817559
244.403031 337.147768 1.263037 0.345198 54.595344 55.570037 55.570037 584111.165993 11772.040539
353.121776 231.805308 1.042007 0.336299 55.040348 59.852290 59.852290 4184202.426991 1110.743116
258.879167 347.362258 1.353212 0.207403 28.818274 48.194258 48.194258 44220093.407012 33.733269
97.284016 61.615225 0.251896 0.463418 91.092297 94.633829 94.633829 733701.080834 3835.470322
413.179343 192.201908 1.066250 0.201915 60.647650 61.536677 61.536677 215520.050142 9920.363031
125.903559 181.179583 0.514895 0.397478 49.838572 52.578420 52.578420 3112231.618151 16185.333401
199.455939 213.896492 0.603524 0.149280 74.418314 75.535767 75.535767 254976.193953 11425.357801
207.698835 169.439750 0.520840 0.331980 75.602986 78.226233 78.226233 908412.800835 3976.006965
42.913747 29.980444 0.200426 0.331602 52.502266 62.286496 62.286496 5211613.343287 3698.898832
262.413078 121.533222 0.498699 0.256949 73.046033 78.891124 78.891124 2990010.797508 -1298.773776
167.706187 220.583614 0.654805 0.384570 54.939452 61.859490 61.859490 8135738.130616 1435.623289
181.845019 244.724628 0.771848 0.463083 55.857349 59.996308 59.996308 4640750.296006 2802.884407
279.072721 99.257902 0.520668 0.411810 78.471569 79.837692 79.837692 237226.934307 7717.461902
237.595602 191.541883 0.588852 0.093923 69.217351 74.930789 74.930789 3127256.404734 881.259092
315.023879 193.570168 0.823151 0.462904 65.937768 67.414839 67.414839 455191.766893 6604.225871
142.427124 191.505825 0.509853 0.296489 64.016425 68.133804 68.133804 3742358.166649 3541.685109
127.046284 107.753066 0.305498 0.392216 93.508021 94.003723 94.003723 33675.435672 36559.127204
310.534677 211.551560 0.821032 0.148962 67.896048 68.441584 68.441584 73863.063532 20299.101789
140.752688 63.189834 0.258996 0.349433 88.754503 95.057866 95.057866 1787895.726946 1141.725997
276.509877 346.031337 1.366148 0.158033 40.056265 50.996841 50.996841 19700248.393187 253.653802
257.574274 227.724050 0.818673 0.417256 47.672146 62.530633 62.530633 20711560.344714 136.142614
265.825974 103.021345 0.444496 0.127891 74.209764 82.202213 82.202213 4342886.690183 505.418539
149.793663 199.502271 0.543186 0.296000 60.978321 66.451575 66.451575 5476644.352882 2251.771561
173.145387 249.306295 0.826192 0.472361 29.507340 42.776890 42.776890 21621452.735320 762.549343
212.132485 198.729640 0.628578 0.420169 69.601047 72.565706 72.565706 1384811.484774 3361.137141
210.607323 323.477408 1.172244 0.190200 22.492688 32.209928 32.209928 18992434.996685 2402.136965
283.290672 331.221942 1.305630 0.279580 52.838083 54.933617 54.933617 1494495.189344 3914.230185
378.970472 179.753020 0.956916 0.407389 55.583734 61.761168 61.761168 5652273.390340 693.080299
264.350434 126.784454 0.530007 0.386561 80.520393 -1.000000 80.417408 2693.418277 -290851.459200
270.299382 252.485191 0.918904 0.348553 58.459272 62.511866 62.511866 3138169.417406 2076.205194
87.249936 39.654238 0.194623 0.320486 95.433827 99.792617 99.792617 959290.154390 3189.943575
146.652824 200.004409 0.477076 0.111611 81.272508 81.708194 81.708194 69472.364821 42207.225322
286.020338 351.950213 1.427618 0.274601 50.405503 52.634649 52.634649 1833914.848983 3582.493832
307.623850 92.866792 0.591746 0.467794 61.878421 73.788506 73.788506 9861836.712587 124.617032
290.251210 66.706864 0.491675 0.328544 74.818594 79.848119 79.848119 2146067.962462 2234.340601
297.879768 228.937380 0.854943 0.168787 66.702689 67.292926 67.292926 92428.062110 18758.559326
136.689929 174.526846 0.471262 0.345767 59.438059 67.507167 67.507167 7951098.891854 1374.556790
216.330007 258.721716 0.830701 0.236304 54.617139 61.974558 61.974558 8470235.823081 896.140458
297.019094 282.675835 1.112965 0.395178 55.299353 58.361939 58.361939 2313412.693517 2435.330860
203.209049 149.450181 0.464120 0.309465 73.570332 79.671761 79.671761 3259165.035846 -7925.244734
175.761889 172.578634 0.446757 0.169471 81.509984 83.035858 83.035858 348204.714208 8755.422550
259.080338 150.718756 0.535657 0.190267 78.480668 79.380399 79.380399 130088.044440 13429.629884
203.417574 201.457733 0.611412 0.334725 67.428885 71.990758 71.990758 2891211.106032 2601.808233
243.953948 57.320513 0.359189 0.201001 86.322157 89.051231 89.051231 596270.865300 3331.195750
397.853523 160.163132 0.939561 0.242370 50.285730 61.863938 61.863938 14618880.604136 108.949729
151.855341 183.209090 0.544172 0.527986 59.015295 67.007120 67.007120 7570413.930416 1164.697732
462.818384 292.659550 1.620480 0.009178 52.403676 -1.000000 51.813796 3477.295870 -139413.521871
214.217284 218.334306 0.692660 0.352042 59.199182 67.037998 67.037998 7576760.771521 783.803087
133.771572 129.089061 0.360651 0.435852 85.707145 87.402917 87.402917 362776.533289 8996.218956
291.665608 222.246696 0.848339 0.403179 67.451361 67.743276 67.743276 28604.313464 43388.095627
284.040860 237.674046 0.873528 0.252600 61.769723 64.782091 64.782091 1736047.646519 2645.758502
169.393495 176.929568 0.513737 0.400249 62.389553 72.324808 72.324808 8776799.193448 674.652170
391.138133 333.071782 1.578021 0.017035 52.646191 -1.000000 51.756699 60884.416274 -44128.350193
332.496083 180.318263 0.787317 0.179025 65.419230 68.168615 68.168615 1209432.276137 2098.874889
275.473429 283.262310 1.042764 0.206274 54.156313 59.200286 59.200286 4838880.823415 1195.277896
369.684721 219.998008 1.027109 0.260151 62.500067 62.862696 62.862696 45576.039907 30446.566048
40.792267 21.639942 0.234998 0.494379 66.060917 67.624507 67.624507 696105.640974 86564.375004
330.457604 113.802066 0.681271 0.481169 63.506313 70.524999 70.524999 4905651.667709 540.350292
147.319054 202.521926 0.511820 0.181944 71.946629 73.893299 73.893299 1190783.444112 8489.311409
127.836717 159.961935 0.413006 0.272910 48.265425 66.349038 66.349038 19817594.504543 358.752041
234.637466 245.265251 0.825171 0.469429 67.930638 68.242085 68.242085 37619.737098 43727.845510
149.097451 172.832818 0.455538 0.345133 78.972347 80.580132 80.580132 523010.382106 9615.044757
120.184105 122.680192 0.324073 0.398713 92.972203 93.116125 93.116125 5208.461153 145614.633032
70.643490 101.947746 0.220777 0.124128 40.008686 49.244492 49.244492 6368794.028348 6699.487237
163.319743 119.887205 0.297413 0.121838 93.204762 94.419015 94.419015 144688.267724 11619.464211
119.254892 120.504948 0.293893 0.288063 95.116008 95.350269 95.350269 11632.305177 88819.345181
362.365254 341.646982 1.564237 0.204068 44.987214 50.321361 50.321361 6742730.206053 745.313944
334.393455 160.652351 0.721264 0.080120 62.737632 70.393773 70.393773 5163689.562061 269.274916
411.936471 224.252726 1.187080 0.274549 51.381418 56.849174 56.849174 5507951.659404 709.128106
295.092919 84.631811 0.513408 0.278803 74.024271 78.727711 78.727711 2052331.816757 17420.798582
372.757365 212.754359 1.027743 0.415311 63.355601 -1.000000 63.338565 203.242866 -1299349.048539
105.915912 120.458797 0.363173 0.523013 65.125661 73.125602 73.125602 5438107.398145 1566.177153
131.886942 150.513518 0.398819 0.432218 85.332065 85.911527 85.911527 86066.905024 32175.135195
171.196241 168.296398 0.476001 0.362449 74.695677 78.570390 78.570390 1826085.135154 2830.055596
215.808271 145.084274 0.418860 0.079260 80.155090 84.651847 84.651847 1503734.723913 1355.356215
137.544718 173.199142 0.448733 0.355220 78.492115 79.728151 79.728151 453774.318862 14360.067041
270.529026 252.717052 0.930227 0.431572 59.694963 62.709155 62.709155 1949847.970574 2850.801870
318.449711 226.538388 0.910305 0.232746 62.065895 64.378746 64.378746 1088172.438631 3508.412669
167.520649 240.493329 0.758401 0.451061 48.469848 52.162819 52.162819 5223527.119764 4663.898560
192.770382 212.018180 0.664672 0.501344 62.111658 67.758178 67.758178 4633363.720967 1575.129500
177.576366 145.864847 0.424939 0.332854 76.024685 81.562830 81.562830 2690344.235560 13630.891131
144.370367 136.959175 0.388228 0.459645 86.155402 87.025692 87.025692 115917.592151 18450.800013
113.516591 140.199495 0.389526 0.384854 40.966065 62.594269 62.594269 21381931.973591 305.940768
266.224271 144.357838 0.569979 0.357490 73.835156 76.451368 76.451368 864288.174745 3385.169806
270.483557 299.592707 1.118023 0.366123 60.080472 60.463066 60.463066 70095.825835 30812.439549
242.608478 117.624641 0.491720 0.440012 69.603412 78.516041 78.516041 5451841.328896 445.693198
201.992780 300.593826 1.080232 0.365283 23.090498 36.734663 36.734663 26255646.416833 920.901248
278.496535 137.455890 0.568771 0.266488 64.587341 74.488245 74.488245 7866070.994991 324.800326
132.667305 19.182419 0.220803 0.335539 97.945773 100.749679 100.749679 366736.443824 3746.578141
219.108102 234.138663 0.762747 0.476402 67.782778 68.915624 68.915624 348926.640929 10799.323504
193.666536 50.895152 0.294935 0.290443 89.387414 93.457639 93.457639 946759.821742 1966.877265
420.122539 190.918861 1.100999 0.346669 60.927242 61.219208 61.219208 32518.128672 37464.060715
239.430130 94.664198 0.442218 0.441542 85.174700 -1.000000 84.982179 6407.625988 -170856.243232
118.105297 165.831510 0.342059 0.083026 88.504911 88.962305 88.962305 87962.849903 48619.170297
165.619348 193.167578 0.530832 0.259057 55.439070 68.941062 68.941062 15288560.459409 400.953308
257.415035 266.792420 0.907384 0.082902 57.723537 63.669737 63.669737 4598547.119316 670.372746
209.623439 230.683197 0.718220 0.280771 56.244290 65.279682 65.279682 10023931.644706 677.736488
177.573275 248.892049 0.794765 0.451920 49.935327 54.716668 54.716668 6622182.438426 2607.970613
331.067496 188.572537 0.803463 0.139663 60.889163 66.841011 66.841011 4333568.826468 686.830678
57.359213 37.024929 0.197527 0.307680 18.531029 69.772967 69.772967 26556346.153873 110.077754
178.661281 267.333050 0.779007 0.069381 52.797953 58.544115 58.544115 6915291.101299 2030.950710
427.163666 213.574261 1.177031 0.134871 57.382306 58.883740 58.883740 537686.940346 4654.099843
78.570721 21.866044 0.115945 0.113535 101.346470 109.066057 109.066057 2076306.692594 1425.890296
405.746798 200.967635 1.072228 0.244599 62.163081 -1.000000 62.091453 2619.325671 -319169.944185
364.639228 181.531785 0.878491 0.167286 63.586777 65.720134 65.720134 834617.102805 3715.428673
345.804243 271.910541 1.164727 0.235542 57.537336 58.868424 58.868424 516633.674487 6467.478589
343.232733 181.068190 0.852540 0.369100 58.880074 64.690203 64.690203 4695544.378959 841.847711
431.011138 227.091176 1.250515 0.214353 54.556787 56.848445 56.848445 1294705.216954 2803.088048
287.412957 290.467927 1.117637 0.401544 59.742148 60.295252 60.295252 126243.440365 19882.254853
255.834540 129.473659 0.494516 0.231418 75.574167 79.673232 79.673232 1661961.998709 1874.337084
265.424423 412.968027 1.744234 0.034724 19.044173 38.571304 38.571304 39535661.998636 215.584679
405.467520 215.413768 1.151365 0.380064 48.385725 56.781674 56.781674 10782124.280109 350.147325
462.157072 282.273279 1.590403 0.224814 51.514501 52.191120 52.191120 188988.694513 12680.560604
325.135756 170.231496 0.745937 0.207336 64.614480 68.880480 68.880480 2479240.451232 1394.668210
253.065867 341.553437 1.319766 0.320132 45.048973 50.476860 50.476860 8499369.133176 1268.035478
197.315149 283.113306 0.958378 0.370702 43.794805 49.780860 49.780860 10147603.756810 1786.323001
297.873701 125.440865 0.605940 0.379328 68.349495 73.850051 73.850051 3084845.431405 1055.534879
235.400686 280.208670 0.949859 0.212504 55.506706 60.465493 60.465493 4885491.387807 1450.569440
424.713532 188.762529 1.103729 0.255891 58.216882 60.049810 60.049810 806392.859971 4187.069803
360.281790 289.296078 1.263439 0.062174 56.462075 57.612001 57.612001 280201.048361 6149.130407
199.614879 176.983084 0.559722 0.447039 62.985189 72.531525 72.531525 7934767.447067 579.764651
414.359367 198.708475 1.087556 0.201731 21.043886 -1.000000 62.006657 82352587.611474 -156.473836
108.970359 116.066276 0.233162 0.121755 100.440883 100.793856 100.793856 20710.530619 60471.665815
286.886095 363.057093 1.495051 0.241177 46.723296 50.532198 50.532198 4560022.669873 1716.606870
257.718966 273.363178 0.980355 0.430836 62.976061 63.501092 63.501092 108850.861892 23279.560275
422.603546 213.832483 1.150640 0.057981 60.498508 -1.000000 60.442803 1099.923435 -434932.609329
272.500396 14.343931 0.447673 0.471154 82.138326 83.849415 83.849415 271966.242822 5439.925103
113.279547 94.744192 0.261654 0.311866 89.639288 93.353634 93.353634 1041296.257554 3651.851188
109.686493 107.909429 0.271902 0.283817 88.127357 91.408550 91.408550 1047749.974735 4723.635880
77.846718 77.037797 0.183984 0.209652 104.394893 104.756790 104.756790 29958.566875 69019.624720
170.708888 105.666646 0.293191 0.154354 88.673805 92.932551 92.932551 1223880.777625 2162.369033
155.631070 197.838896 0.560024 0.319884 41.330213 61.176966 61.176966 26695571.997031 174.481799
175.102604 148.393114 0.450107 0.420100 67.650194 77.923880 77.923880 7315916.297417 503.576548
182.576546 148.285831 0.397199 0.189060 87.996981 -1.000000 87.827492 6233.547651 -191353.116166
92.918117 33.154646 0.165478 0.235195 108.442607 108.786202 108.786202 10462.003204 61101.361783
269.896251 185.691598 0.688196 0.355549 63.541176 69.676166 69.676166 4453712.859808 949.556175
268.669178 387.023841 1.571906 0.099600 53.046131 53.080198 53.080198 1229.252281 350273.892490
260.692733 338.012159 1.311839 0.272030 39.494822 49.867310 49.867310 19841691.824139 329.468844
260.917014 64.486202 0.459779 0.497398 80.483156 82.774324 82.774324 468469.487730 3721.270886
57.122626 5.474059 0.149051 0.248446 102.108257 104.001476 104.001476 339296.461661 11844.223941
112.225058 92.865285 0.286975 0.402871 76.268388 86.521105 86.521105 5188552.133611 829.361160
154.006387 180.793796 0.520192 0.413627 52.054482 66.614914 66.614914 16360723.271820 431.867984
260.437531 195.040742 0.697765 0.376511 66.119796 70.025281 70.025281 2186735.323512 2025.370511
72.033613 57.862572 0.251916 0.537400 94.442495 95.195611 95.195611 93822.992177 30024.800204
191.770172 40.243217 0.261849 0.199788 91.076749 96.157814 96.157814 1329056.732217 25250.421616
229.447636 322.192308 1.181857 0.297213 39.275917 48.505201 48.505201 17940489.199761 610.859401
123.715434 158.323953 0.456162 0.482406 54.838318 63.582088 63.582088 8434845.876964 1403.026724
199.868004 221.621229 0.683098 0.355586 59.793256 66.767301 66.767301 6651366.777184 1126.387390
219.561491 230.445063 0.770516 0.467775 50.347749 62.525864 62.525864 15735266.207283 302.272091
228.453244 99.990377 0.409592 0.341629 87.636483 87.660010 87.660010 142.138779 823252.298227
197.230218 256.694442 0.789505 0.311692 67.073695 67.815812 67.815812 239991.411421 19061.098011
212.473930 201.143479 0.602645 0.221663 67.771197 72.790430 72.790430 3205561.342006 1579.592600
305.366283 266.306790 1.048490 0.290147 54.855185 59.429025 59.429025 4067924.218937 1405.259412
147.599727 95.502160 0.337142 0.498318 81.582872 87.851740 87.851740 2155428.030387 1189.708583
185.006608 269.408699 0.840256 0.277095 58.073227 59.202214 59.202214 1148785.535652 15778.087447
162.675348 147.838914 0.389090 0.219276 68.114067 80.809823 80.809823 9953869.469427 374.979969
199.322930 297.415797 0.970479 0.205986 58.131705 58.342409 58.342409 175651.013884 131390.302830
238.545307 94.827802 0.390377 0.196757 86.860088 87.825186 87.825186 107618.216260 13064.379609
294.378064 231.386082 0.901303 0.399240 56.050372 62.441713 62.441713 6109616.666633 233.183248
150.245004 17.168264 0.202131 0.210379 101.449688 103.419834 103.419834 209823.068638 6048.380968
132.528799 48.088486 0.283052 0.526795 79.917476 92.318120 92.318120 4596955.685366 157.408969
272.727715 50.035424 0.427670 0.299702 86.507668 -1.000000 86.485161 133.094271 -1311862.484901
135.466514 163.626227 0.471037 0.502814 63.127468 69.969368 69.969368 5623443.607335 1652.771363
207.055846 284.964334 0.941113 0.362202 60.449989 61.558328 61.558328 676809.123984 12127.444622
214.353107 274.216622 0.919328 0.419664 57.888124 60.751807 60.751807 2447482.778040 3870.526358
189.699361 234.149376 0.661989 0.104423 56.132182 67.548694 67.548694 12597065.395382 417.639814
137.608880 194.283234 0.581651 0.505985 51.226976 54.589452 54.589452 3896889.583279 7659.656545
206.007276 265.038914 0.843372 0.200566 39.218195 57.582278 57.582278 31308680.611269 132.170709
218.954907 274.667523 0.939246 0.451891 54.432556 58.929245 58.929245 4863393.345512 1988.626017
203.327551 2.947363 0.310652 0.385534 94.113676 -1.000000 93.745329 13402.601731 -104964.106575
77.195754 62.735932 0.212968 0.313270 77.298853 87.033416 87.033416 4769484.722112 1300.290792
358.109768 157.679239 0.841437 0.458008 61.936556 65.779648 65.779648 2277107.545629 -26675.850426
212.939358 176.492121 0.553649 0.397158 78.731862 79.007427 79.007427 18411.897015 55246.760190
100.422468 135.988213 0.285223 0.159163 86.648447 87.064146 87.064146 166136.963067 77428.037902
168.128386 217.984337 0.584571 0.170997 68.767050 71.997270 71.997270 2081051.882045 3863.545228
347.328369 165.081114 0.809610 0.323980 63.652407 66.997810 66.997810 1778413.489398 2041.008390
164.398015 0.234177 0.224732 0.233940 90.392454 99.047284 99.047284 2747972.556031 420.267390
220.807565 333.187447 1.256969 0.333371 36.591974 40.057179 40.057179 7362839.582776 5724.730230
177.751261 134.435982 0.383161 0.269824 83.711341 86.374744 86.374744 713755.852299 4314.889532
50.488819 18.539204 0.089995 0.087798 114.735569 115.917776 115.917776 127857.387447 21161.391269
330.471705 214.651152 0.891627 0.193594 64.276639 65.627821 65.627821 405088.839110 6741.094816
82.587499 89.337726 0.233835 0.239566 54.832566 74.614905 74.614905 14747587.254891 398.444522
155.976112 229.775714 0.736934 0.467467 32.820141 40.354466 40.354466 11018623.942573 3796.127285
280.296349 11.379104 0.457838 0.424738 73.287730 81.411820 81.411820 4110286.641812 377.873742
302.105108 279.883176 1.094328 0.332014 60.803619 61.162024 61.162024 54106.250557 31725.969572
158.267981 172.026930 0.485016 0.438429 75.209311 77.957589 77.957589 1165845.580015 4739.127332
300.495204 305.892937 1.192856 0.136386 57.248134 58.431431 58.431431 412959.586150 7137.700363
310.639033 225.794208 0.899554 0.294221 60.270655 63.874782 63.874782 2340502.573918 2268.474338
326.050415 131.168049 0.663200 0.247992 64.627314 71.310979 71.310979 4679768.386220 671.586602
186.909648 186.556669 0.539547 0.345021 74.660050 76.896842 76.896842 811403.956908 5348.145224
186.108488 17.515242 0.232496 0.163312 98.049500 100.244670 100.244670 285293.371483 4905.032449
91.332058 61.413971 0.218675 0.323868 79.574081 91.383754 91.383754 5436887.982477 697.885896
265.612877 334.636969 1.290332 0.300359 52.137271 54.493873 54.493873 1986328.813777 3619.742875
100.674804 9.815011 0.127546 0.124965 114.247888 114.434543 114.434543 2822.098913 116501.175290
60.886625 5.019632 0.184400 0.340237 82.166107 90.781350 90.781350 3291497.905730 1643.851810
235.280099 128.358283 0.447710 0.220082 82.664530 83.878556 83.878556 189441.663788 9954.728534
275.762557 253.171772 0.941372 0.378225 54.908320 61.010465 61.010465 6154742.389170 990.559398
193.265045 278.704599 0.942148 0.338100 29.268730 44.362905 44.362905 28187617.686908 331.802194
278.135121 261.997639 0.927143 0.072651 63.775498 64.999908 64.999908 285192.077780 6377.681798
220.640907 250.270773 0.828068 0.394762 57.638273 62.924848 62.924848 5057672.836669 1457.115642
151.257676 128.031233 0.348243 0.318449 88.205017 89.577019 89.577019 223209.694906 10691.462338
128.202359 161.206482 0.432060 0.428146 75.144560 77.149248 77.149248 1023434.849409 8795.151415
168.576004 206.891077 0.567526 0.267345 69.847468 72.925296 72.925296 1850431.362437 4117.564606
179.789320 266.666716 0.919863 0.443901 13.508316 33.867472 33.867472 28963257.313132 960.297555
228.440098 305.698205 1.032665 0.069468 49.606450 58.692010 58.692010 10741315.775772 328.004032
158.110885 229.608063 0.612786 0.156500 68.524210 69.351170 69.351170 534321.758634 23410.878908
209.954088 233.506247 0.741991 0.325568 49.969425 62.919401 62.919401 17368168.157681 283.531472
261.000632 401.528250 1.683914 0.142992 40.810986 42.041933 42.041933 2281473.354400 10888.709588
297.601852 201.370723 0.796939 0.385930 65.056325 67.532018 67.532018 1107720.797544 3515.775940
154.888473 112.244369 0.350297 0.399116 75.058958 85.112928 85.112928 5405632.092620 563.540502
263.649848 386.075535 1.601063 0.207522 35.785227 43.401694 43.401694 16874279.277845 755.684268
201.122668 222.209942 0.720305 0.477796 41.934636 61.777409 61.777409 29151006.964924 43.129811
363.962571 314.318121 1.419657 0.293239 55.397073 -1.000000 55.342775 2263.115042 -365262.701649
253.653050 291.188445 1.026970 0.240420 62.440877 62.738544 62.738544 41137.163210 42050.164527
202.486229 119.255292 0.356854 0.133383 83.966957 88.282815 88.282815 1395876.391517 1868.086196
197.939799 251.964196 0.782986 0.330607 63.014919 65.416307 65.416307 1621980.401793 4893.313532
74.833878 69.096381 0.237200 0.435403 97.157194 97.576755 97.576755 45495.710196 58341.074616
187.395263 253.652761 0.795173 0.410509 60.202356 62.551078 62.551078 2035803.627817 5614.384283
415.988683 177.103886 1.049407 0.309905 57.377917 60.584332 60.584332 2043286.381623 1917.493115
188.860423 188.054148 0.555014 0.431751 78.756704 78.958477 78.958477 12224.937598 80924.689038
94.048087 114.031083 0.305097 0.352974 70.380597 75.341324 75.341324 3233050.849124 2423.706312
130.379580 180.044710 0.464029 0.313784 71.441837 72.305840 72.305840 582353.951927 28881.936986
286.529221 283.205892 1.065006 0.168820 45.123934 57.657135 57.657135 19046917.370663 98.655886
90.668993 29.158945 0.180372 0.273533 88.270777 98.952837 98.952837 3790414.771046 756.252748
427.749335 184.254054 1.091545 0.193338 59.288634 60.667222 60.667222 467986.435287 5957.945107
130.845967 81.655465 0.223836 0.188859 96.541214 99.541468 99.541468 577501.310602 4222.761863
310.952504 251.043420 1.003485 0.285662 47.398296 58.993615 58.993615 16523066.904280 211.826004
175.006458 241.975899 0.718711 0.383165 66.998268 67.711305 67.711305 365609.484134 23667.805805
172.961180 71.450414 0.248282 0.160723 100.300763 -1.000000 100.229076 760.831167 -509558.432404
264.996452 183.275372 0.664642 0.342834 69.091850 71.988370 71.988370 1247620.499107 3047.719397
110.670910 141.207501 0.393705 0.388102 41.590031 59.842384 59.842384 17909458.845299 481.981411
149.415098 51.823797 0.257740 0.361063 97.398099 98.336335 98.336335 62208.201428 14952.782149
70.398338 81.655114 0.299691 0.505948 48.361751 59.090711 59.090711 6904517.856790 2288.432475
96.712019 144.682385 0.354117 0.190324 30.224253 38.933500 38.933500 7196057.862840 9365.049862
348.198572 226.094010 0.994582 0.225210 47.738693 59.985902 59.985902 17032873.454656 111.088535
216.141185 168.991385 0.483001 0.100099 80.789131 81.979597 81.979597 186699.109126 9368.375877
171.451051 223.456807 0.643664 0.360013 68.454575 70.130453 70.130453 920960.166258 8739.372595
281.111457 315.032491 1.214718 0.362911 59.050129 -1.000000 58.991882 2770.050061 -363706.051643
143.172811 218.428107 0.606301 0.162897 20.835985 34.319591 34.319591 15275489.194602 3315.918692
229.495264 110.028335 0.396520 0.192924 88.025017 -1.000000 87.803946 8499.776999 -153918.495914
375.822864 135.750317 0.828062 0.365591 62.377188 66.281895 66.281895 2302561.636764 1601.356591
365.475943 139.141943 0.799326 0.331225 63.893496 67.361596 67.361596 1837979.441105 1894.671454
194.196518 115.272871 0.367189 0.264466 86.742408 88.525960 88.525960 317196.400121 6691.083375
161.937311 104.082791 0.369367 0.510656 71.219030 84.212465 84.212465 7420098.953744 232.180822
207.684740 252.084921 0.789840 0.283393 62.860618 65.677780 65.677780 1886203.503791 3733.769740
249.525185 290.670368 1.036174 0.359682 60.212078 61.259324 61.259324 408326.332904 10763.713931
162.414656 178.549127 0.519867 0.534116 76.915982 78.162059 78.162059 324388.158308 11832.574126
380.048658 320.534865 1.507391 0.229258 44.619875 50.950665 50.950665 8591071.642143 538.361299
63.378535 33.352695 0.171115 0.292098 101.263641 102.666976 102.666976 216497.365406 15989.872063
342.520141 272.899693 1.157575 0.196421 55.616445 58.308123 58.308123 1681650.910878 2467.454673
257.197382 373.910970 1.459685 0.031324 54.383272 -1.000000 54.078019 27886.902906 -78226.905549
119.423514 155.105654 0.451384 0.439835 18.553759 53.893916 53.893916 33552179.031995 170.545262
249.062760 267.436279 0.909811 0.149067 50.827752 61.212959 61.212959 13155169.230679 309.744544
358.233966 267.262451 1.174584 0.198031 57.762059 58.891746 58.891746 374864.838742 7777.268473
213.187628 262.392405 0.840387 0.320350 65.130754 66.173575 66.173575 383386.960401 12249.591743
228.826109 230.384378 0.763448 0.407455 62.647918 66.637231 66.637231 2770701.621695 2212.020709
117.466360 145.548316 0.409606 0.502722 71.857646 74.808335 74.808335 1749774.995816 5921.811610
225.920753 303.628570 1.039054 0.200730 56.550442 58.982301 58.982301 1926028.295973 3064.501217
138.930665 122.997803 0.388632 0.534131 59.476323 78.100529 78.100529 14576912.036747 137.309592
339.313855 204.973690 0.911683 0.354294 59.055681 63.374421 63.374421 3109421.385622 1381.155770
235.868795 237.240150 0.766622 0.235624 67.502862 68.928834 68.928834 472958.377025 7801.394847
226.551223 289.260158 0.954478 0.110310 58.244819 61.728462 61.728462 2518877.411803 2258.397986
257.176430 365.908262 1.438221 0.216475 51.434854 52.558904 52.558904 764980.466072 9199.305779
261.936771 17.300705 0.444083 0.537260 75.456310 82.618758 82.618758 2960900.967614 625.984726
175.547035 248.831027 0.745741 0.224303 46.712256 55.347869 55.347869 13005461.090365 1075.977767
193.919354 256.712557 0.823228 0.387417 52.853688 58.780994 58.780994 7480179.134524 1545.234810
81.535004 89.462654 0.262414 0.433954 94.464757 94.617033 94.617033 20157.310738 193845.127026
184.534036 267.911230 0.825331 0.156747 38.566530 51.430646 51.430646 21970374.949647 475.550055
109.002558 142.270266 0.410868 0.532203 67.832601 69.658843 69.658843 1236387.433433 14230.340162
352.660071 214.399764 0.976070 0.397900 63.618867 64.038908 64.038908 58443.687827 26716.517282
80.782363 54.426160 0.268930 0.543795 56.387855 79.903118 79.903118 13296766.192517 219.319787
104.462185 102.316002 0.308962 0.458332 77.043784 83.490588 83.490588 3063908.218486 1994.227245
275.091617 275.268312 1.006835 0.250443 59.692255 61.646595 61.646595 989697.565424 4415.608117
354.245964 216.713379 0.978772 0.335611 64.488556 -1.000000 64.436078 1470.637761 -436973.899821
35.854654 0.406742 0.174182 0.263773 37.749420 57.094267 57.094267 9581736.911101 1793.000491
326.190501 159.403984 0.707563 0.156250 70.661368 71.868561 71.868561 258127.108798 8089.189859
290.574408 52.379089 0.476921 0.348391 83.533121 -1.000000 83.490924 453.429451 -708924.928683
340.625492 234.152112 0.975936 0.109717 64.484030 -1.000000 64.378962 4216.478130 -235711.101105
288.556711 211.639444 0.820760 0.396781 54.028006 64.069305 64.069305 11258547.236291 26903.715515
280.842091 152.307490 0.570984 0.095853 63.623936 75.643560 75.643560 9694810.230321 44.135155
432.624096 326.166830 1.688965 0.116590 51.495345 -1.000000 51.452774 1265.008948 -447676.983951
402.499475 281.221523 1.354592 0.040100 56.555708 -1.000000 56.486100 1492.316382 -346249.767432
436.679795 244.835793 1.359129 0.307514 39.345414 52.704613 52.704613 24312575.466033 31.082192
231.181785 187.429976 0.586620 0.222152 75.288886 76.463979 76.463979 248452.087647 10225.998192
191.667509 207.664039 0.607442 0.299548 67.603139 71.805780 71.805780 2700977.630790 2320.256403
218.366490 312.569875 1.101417 0.282919 48.276881 52.292203 52.292203 5930424.417453 2580.444869
66.653314 39.804331 0.212822 0.409820 88.398097 92.324933 92.324933 1127094.793521 4638.601436
408.556345 347.082736 1.730926 0.155012 46.170711 49.228860 49.228860 2662380.793352 1400.839925
146.812191 166.757843 0.410034 0.180305 66.643830 77.183743 77.183743 8920540.398784 768.277328
88.764046 70.297901 0.167358 0.158244 105.728478 106.744561 106.744561 99198.347581 20015.199791
190.996591 120.628123 0.395700 0.365768 83.244176 85.875002 85.875002 639064.392640 4085.920984
142.791777 110.047391 0.315510 0.322598 79.975243 87.815221 87.815221 3648961.148446 1002.764527
241.397714 290.327481 1.042668 0.393486 49.931820 56.428563 56.428563 8517584.503946 1027.936016
398.349216 307.268202 1.486207 0.197286 51.689929 53.164449 53.164449 712023.413890 4617.630705
247.272388 306.636050 1.103342 0.316278 58.519559 59.569232 59.569232 455787.989422 10506.903792
93.072172 68.701485 0.269021 0.492315 77.107336 86.861862 86.861862 4172965.108792 967.795781
179.351765 100.413326 0.350333 0.368300 82.015985 87.735244 87.735244 2042504.770698 1292.554141
252.085724 376.719595 1.491114 0.124147 45.727488 48.541639 48.541639 3778298.702511 3341.076443
431.477306 335.371627 1.739148 0.146855 49.700351 50.308348 50.308348 156839.472969 11364.731836
79.361210 105.296442 0.318630 0.380697 22.189096 45.704872 45.704872 15074662.985481 1474.733151
252.040601 38.891788 0.396898 0.365211 85.206552 86.957996 86.957996 271771.966118 5849.440482
175.004364 97.333490 0.330342 0.323786 82.775393 89.021179 89.021179 2317271.240042 1132.511890
296.273968 52.053338 0.516862 0.480699 78.590564 80.073597 80.073597 252006.479803 6625.611948
233.243246 301.283411 1.021505 0.128868 62.302260 62.700065 62.700065 67033.626119 30548.530110
237.750315 300.815175 1.031266 0.133413 60.034480 61.365970 61.365970 545291.258327 7590.626903
193.871596 294.716174 1.047823 0.387661 32.577781 35.654081 35.654081 5882396.678411 17868.900618
259.788587 25.332536 0.422786 0.451408 83.337007 85.255947 85.255947 316469.265697 4748.071871
121.946160 144.870553 0.351825 0.316762 89.150585 89.524428 89.524428 44780.059321 55344.216893
227.071517 259.886246 0.867110 0.463486 67.097663 67.244039 67.244039 11451.841868 100314.463504
80.202152 49.072106 0.140193 0.152527 112.717249 112.778207 112.778207 582.342552 423019.830563
91.761879 125.973672 0.347661 0.358146 49.874973 55.402396 55.402396 4740586.150359 6904.323783
97.528753 17.763753 0.131802 0.128760 99.299050 108.240969 108.240969 2504000.141905 851.094747
207.606518 168.063066 0.451202 0.035094 84.397755 -1.000000 83.844912 25674.179953 -72615.268373
174.170269 230.789219 0.730255 0.481967 43.729676 55.362164 55.362164 17008788.450944 580.007463
301.086568 227.385655 0.865368 0.186820 60.740987 64.876842 64.876842 2750828.665474 1535.651770
171.355547 200.949544 0.607328 0.508978 61.744090 67.887361 67.887361 5350404.552727 1576.819280
216.781860 280.656033 0.938271 0.253003 45.974352 56.302131 56.302131 16178638.897286 504.079683
247.138480 322.531222 1.167207 0.111428 40.286093 54.172542 54.172542 24088006.535339 155.125033
170.391719 237.868271 0.676087 0.263371 68.323666 69.188842 69.188842 448386.637821 19355.232746
256.444175 281.161654 0.975110 0.141954 62.600059 63.486587 63.486587 230610.496605 26588.703523
310.262750 116.884147 0.563935 0.108047 76.056082 77.789144 77.789144 368474.003192 5013.559093
417.497974 245.641408 1.285347 0.291821 53.396008 55.923279 55.923279 1643021.204601 2556.712724
192.210492 79.076361 0.329626 0.323144 80.677484 89.150609 89.150609 3619239.242551 535.359510
303.826768 218.574450 0.840534 0.218573 66.246744 67.286479 67.286479 254102.287476 9883.983142
195.990213 237.176293 0.741513 0.400397 59.720754 64.612132 64.612132 4507778.057000 1935.370404
242.739883 215.498946 0.720586 0.298942 60.682577 67.552424 67.552424 5965202.564983 893.409696
196.210026 199.165104 0.625167 0.481863 62.623235 69.525299 69.525299 5652289.714268 1048.090123
141.745705 182.572690 0.494947 0.346278 62.532517 68.512581 68.512581 5527853.621423 2086.663780
128.325112 148.261527 0.369608 0.288336 77.490233 81.557424 81.557424 2143576.753998 3485.853672
353.071574 183.332451 0.873705 0.282958 57.120004 63.957683 63.957683 6210426.098807 670.182678
241.728838 359.890184 1.386720 0.294438 51.596482 51.986098 51.986098 319949.648872 39269.843489
366.922023 246.101046 1.123159 0.238137 53.414039 58.254794 58.254794 4367570.134898 995.266819
79.943700 49.000705 0.158602 0.180457 85.705532 97.633691 97.633691 5277359.506016 772.650805
160.356312 55.291760 0.208585 0.126602 101.183460 102.916802 102.916802 183624.455491 7137.188938
193.569177 281.461100 0.899595 0.258831 57.623517 58.906640 58.906640 1247828.470069 12093.334852
266.420922 202.805662 0.753864 0.445218 52.548743 65.502067 65.502067 15386834.207931 212.606649
173.067044 183.573214 0.496746 0.244998 72.080602 76.756545 76.756545 2735345.140481 2175.788836
361.703554 285.835774 1.283655 0.247505 47.155845 54.321083 54.321083 9316540.802682 465.883254
183.721675 71.875725 0.349890 0.528969 91.558628 91.655079 91.655079 1234.591407 178762.165389
444.593065 295.490389 1.579352 0.145376 52.193017 52.613300 52.613300 74036.048396 19616.497454
342.263055 229.985504 1.010874 0.389554 57.200242 60.919469 60.919469 2691040.244327 1699.298520
169.480819 252.729125 0.736774 0.162665 53.814055 55.959831 55.959831 2804601.570685 9742.518678
185.438656 207.804109 0.644230 0.475147 55.470283 65.686518 65.686518 11196918.011020 596.011500
92.719620 116.046503 0.287694 0.303240 80.687425 82.167369 82.167369 729081.993018 17107.428565
173.375289 233.198487 0.705522 0.496051 66.265834 67.362455 67.362455 625119.028010 14473.180901
153.093327 129.248788 0.303275 0.106672 79.497769 89.702703 89.702703 5535935.834752 529.278388
292.387677 244.994142 0.910672 0.226080 65.469014 65.840321 65.840321 46024.817101 32141.400004
42.278265 4.408012 0.134082 0.172042 65.501799 78.832024 78.832024 7113925.770812 1384.836166
252.364595 295.862754 1.074119 0.364605 56.006481 58.676842 58.676842 2055894.003228 3387.219266
140.910963 189.984083 0.578158 0.488040 24.318273 50.063749 50.063749 31049401.673430 211.027151
175.329193 203.602494 0.604566 0.381113 50.306419 64.971579 64.971579 18307520.349290 294.527315
188.799611 75.002683 0.325391 0.345044 81.192322 89.578506 89.578506 3430483.825188 1136.855794
357.182107 340.268624 1.538842 0.219000 49.325879 51.692456 51.692456 1766699.281467 2647.913756
290.881561 193.030462 0.693505 0.035497 73.398201 -1.000000 73.247644 3310.283264 -216147.609071
197.116439 289.135554 0.915787 0.166821 60.661700 61.514927 61.514927 562199.393957 17905.267885
306.293118 187.130300 0.752881 0.260314 67.585472 69.522283 69.522283 675800.242530 4916.806691
55.757779 13.347079 0.143123 0.234104 106.683023 107.529632 107.529632 97937.580192 29527.014188
467.838312 303.160816 1.702325 0.115444 49.487256 50.596413 50.596413 404043.734833 5470.659074
238.407673 345.280187 1.337840 0.316947 33.552420 43.441411 43.441411 22124839.277084 537.734119
276.048655 198.497339 0.752584 0.441166 62.947176 67.726288 67.726288 3191702.755925 1419.080059
54.627291 60.854996 0.134088 0.094805 68.930666 80.482121 80.482121 6729172.376934 1654.260867
272.486847 114.827216 0.549362 0.499313 75.461253 77.785328 77.785328 614457.353991 3778.794046
374.903583 158.561118 0.868191 0.286498 59.547915 64.682890 64.682890 3819036.537593 847.271955
109.704493 158.864013 0.342489 0.104497 65.238641 68.865101 68.865101 3201377.410241 6851.418057
426.464808 310.327335 1.592720 0.161333 49.958054 51.624992 51.624992 877176.443932 3628.738145
227.436954 229.029665 0.729719 0.305634 70.232858 70.930565 70.930565 135333.301835 18551.630257
50.543583 64.362167 0.256589 0.386459 25.447760 39.022294 39.022294 6328891.444440 8572.770079
239.930269 100.384878 0.376602 0.083851 76.825994 87.082802 87.082802 5311679.973959 74.484024
369.181671 304.965720 1.394161 0.254542 50.278022 53.550108 53.550108 2802093.805778 1818.143364
409.338555 198.142792 1.062557 0.123463 60.253845 61.532085 61.532085 366218.014594 9150.986069
348.462257 173.181315 0.789915 0.066799 69.784213 -1.000000 69.543916 12437.595001 -122667.317334
300.188651 280.285183 1.097301 0.323360 57.396087 59.470747 59.470747 1165175.303080 4006.976100
255.796768 337.855771 1.301091 0.255361 36.399972 49.211886 49.211886 26355424.129644 93.152773
293.574911 383.436323 1.619294 0.177904 49.774553 50.911168 50.911168 609735.916089 7378.308358
160.584742 206.854166 0.561368 0.310238 73.804696 74.977698 74.977698 453954.597232 13576.695905
323.813597 366.614912 1.589273 0.115430 44.035843 50.114013 50.114013 7821683.751337 515.507901
229.101596 118.166342 0.471099 0.497056 83.588510 -1.000000 83.452406 3734.603880 -231082.531755
110.113012 143.692591 0.421546 0.515610 57.422358 63.012169 63.012169 4802995.304740 3220.756599
150.776321 136.225328 0.399275 0.449705 76.874804 82.180954 82.180954 2400536.334945 1565.456743
155.386389 236.645337 0.721818 0.253036 18.115429 31.212358 31.212358 15818635.824097 3738.662407
274.097662 231.957882 0.843329 0.364516 65.203439 66.617376 66.617376 474730.602033 7305.818875
245.432591 349.198801 1.320938 0.136889 39.814551 49.288008 49.288008 17595768.109530 487.805125
248.137942 96.910147 0.424184 0.240936 79.944698 83.942644 83.942644 1355004.996950 1925.296744
211.304151 189.283006 0.616123 0.455548 56.697218 69.364527 69.364527 13128150.228156 251.244752
389.955078 322.801280 1.530655 0.152812 53.662648 -1.000000 53.600182 2633.818587 -320295.089009
185.745624 119.922337 0.419166 0.538063 85.450707 86.064625 86.064625 47541.110810 22898.623020
159.160745 231.780345 0.708511 0.420809 52.361106 53.560889 53.560889 1553797.210667 34917.950534
236.569122 65.703896 0.362598 0.238696 85.976666 88.725325 88.725325 605687.235365 3357.244838
176.481308 163.137586 0.467524 0.310550 57.036209 74.961160 74.961160 18313465.239142 135.023418
117.330599 122.990681 0.320123 0.307430 68.273238 79.983135 79.983135 8459899.296582 705.363329
347.257574 267.691588 1.160899 0.338585 58.563264 59.329263 59.329263 203982.727483 12714.857238
399.900884 193.493523 1.051434 0.346625 56.537285 60.253491 60.253491 2655918.538233 1633.450338
281.202365 125.737116 0.593711 0.500733 63.095424 73.466128 73.466128 8053748.311942 235.774234
354.755332 182.213958 0.854303 0.164010 59.473316 65.237617 65.237617 4382565.338905 753.725758
237.424902 349.787618 1.309365 0.255328 54.206272 54.636791 54.636791 246386.228258 31821.884221
193.451193 145.159991 0.453401 0.357742 67.811787 78.653996 78.653996 7864387.633564 421.296788
171.993797 176.794922 0.486448 0.290148 72.090142 77.079291 77.079291 2929463.726097 1994.431720
363.990246 189.825198 0.930786 0.365220 61.554283 63.866690 63.866690 1082103.334138 3329.624188
103.273304 52.818005 0.182632 0.206431 82.977517 98.386806 98.386806 7237496.603113 240.129300
295.956018 309.066747 1.239071 0.327276 43.019019 53.201128 53.201128 16926234.961941 284.592261
133.924962 44.930816 0.276251 0.511717 91.982529 95.161467 95.161467 468353.835152 2858.094518
247.176043 382.524509 1.593342 0.229117 24.556136 29.178271 29.178271 11277949.263075 8553.603095
372.324457 268.746400 1.236381 0.355244 58.620392 -1.000000 58.539785 4035.974355 -265741.777908
268.941695 252.633828 0.878385 0.147104 65.564419 66.351244 66.351244 162025.959405 13562.890545
196.757104 162.743198 0.524819 0.475294 61.316600 73.930535 73.930535 10982722.737876 263.929989
282.060879 388.268013 1.645819 0.191914 31.846497 44.968242 44.968242 30861287.850953 109.534635
99.440707 101.371319 0.294557 0.398250 71.637942 80.707129 80.707129 5354945.438504 1277.667859
397.586760 289.047390 1.411526 0.268523 45.470943 52.338081 52.338081 9282976.999698 518.923269
326.573897 303.188851 1.269560 0.330715 55.432251 56.663742 56.663742 528836.582131 7296.736950
158.591434 129.004859 0.383888 0.411965 79.597503 84.366215 84.366215 1852672.304937 2056.471955
159.908535 210.813992 0.627042 0.460894 57.334949 62.749718 62.749718 5772564.457807 2197.227913
264.930449 141.997348 0.583561 0.469522 71.644622 75.315112 75.315112 1504207.566196 2080.228975
107.965316 144.389678 0.405440 0.377623 30.019356 52.217447 52.217447 20989736.772246 553.960663
248.160616 328.996415 1.252436 0.320673 35.645956 48.892389 48.892389 27510059.811087 281.041309
385.708093 208.889377 1.036533 0.261520 63.003196 -1.000000 62.930755 2652.416728 -318769.227817
384.351471 253.934072 1.210118 0.309568 56.960454 58.097911 58.097911 403849.082906 7624.259966
317.782847 305.807266 1.251386 0.213934 51.616245 55.596439 55.596439 3645069.085918 1609.286689
343.621890 256.792641 1.087768 0.223863 61.887648 -1.000000 61.854088 718.390256 -658057.673371
136.699470 169.936024 0.433382 0.321279 78.304374 80.002528 80.002528 695882.851249 9970.739238
136.528947 103.365258 0.264948 0.203379 89.535636 94.080776 94.080776 1395893.205077 2458.160908
156.027135 176.279778 0.465694 0.253396 62.933203 73.510932 73.510932 9785166.337225 730.510371
306.588989 142.814408 0.614579 0.124681 68.768193 74.132969 74.132969 2876030.752929 914.571152
216.811592 262.732017 0.847094 0.269981 60.778453 63.873466 63.873466 2265347.098118 29042.095305
373.848836 197.888611 0.979025 0.297059 56.891573 61.647629 61.647629 3785128.320382 1124.455149
426.458475 280.775352 1.466797 0.252733 45.553786 51.793060 51.793060 8044798.580676 569.810696
307.516126 259.892221 1.005179 0.150315 54.672268 60.701706 60.701706 5597353.006893 15752.571485
43.014639 23.553910 0.166773 0.236964 50.135463 66.672842 66.672842 9099003.954090 1319.142973
160.240894 226.235605 0.624921 0.230259 64.133631 66.248952 66.248952 1835770.055759 7601.518836
175.987457 268.802600 0.836846 0.137033 2.733512 33.549048 33.549048 32227000.698129 925.037616
285.194051 169.726772 0.679697 0.400452 68.741944 71.580316 71.580316 1177262.976104 2968.399985
251.966810 383.167830 1.534417 0.136108 46.166544 47.511301 47.511301 1749781.759043 9526.524045
218.217454 159.132840 0.533778 0.398927 56.962734 74.000121 74.000121 17256020.625660 82.044394
317.066108 145.457590 0.684832 0.306848 57.608395 69.463812 69.463812 11984158.955292 191.572142
353.919599 244.295207 1.085627 0.292509 54.558723 59.013027 59.013027 3805969.495389 1202.378377
367.988420 215.039560 1.024183 0.387882 60.790968 62.067529 62.067529 427853.192650 6812.093802
347.588013 359.290587 1.606939 0.161276 52.605466 -1.000000 52.570097 1077.859982 -540341.006028
278.705811 258.956136 0.974169 0.398327 54.483255 60.243856 60.243856 5797175.354953 1063.890744
149.880546 186.040260 0.537741 0.452163 57.647484 66.054852 66.054852 8529883.713714 1147.126044
281.569378 301.513778 1.162219 0.349723 53.225891 56.760203 56.760203 3185305.709584 2122.054350
138.104932 36.857934 0.211829 0.265441 103.689752 -1.000000 103.490188 3896.192619 -199508.665255
260.809762 321.306196 1.227499 0.298572 36.137098 51.071395 51.071395 30160729.593327 2195.007627
321.985032 393.929474 1.749898 0.102370 47.234442 49.244320 49.244320 1322711.542432 2924.410198
78.588116 55.438280 0.270950 0.552964 61.369094 79.395308 79.395308 9625646.572219 370.759043
359.545692 314.159377 1.415637 0.281591 49.768438 53.062026 53.062026 2942608.201312 1821.679256
146.269028 125.244676 0.348668 0.312611 61.319747 81.739777 81.739777 17236618.712956 100.563666
103.383089 141.511240 0.348054 0.263538 64.648188 67.606188 67.606188 2480518.332437 9355.819271
322.566506 70.147198 0.604680 0.512547 67.389228 74.034433 74.034433 3842674.715105 608.132124
243.648319 218.128888 0.731073 0.328581 65.892759 68.947718 68.947718 1613158.408225 2897.036111
426.980990 173.221095 1.084849 0.366180 54.989665 59.323932 59.323932 3487056.125173 1182.805265
185.298577 210.654303 0.588985 0.186894 63.382887 70.883751 70.883751 6594528.994850 962.925244
131.648900 177.740511 0.468987 0.366616 71.647714 72.925700 72.925700 816530.336979 16515.020852
235.633733 272.501940 0.930525 0.282989 53.567193 59.987084 59.987084 7325343.868905 1118.102682
190.588642 121.289057 0.415326 0.450253 80.107929 83.929177 83.929177 1197745.347454 2316.567244
455.553281 252.007075 1.431698 0.211084 54.295392 54.770542 54.770542 91469.539709 18212.202550
413.842006 245.688577 1.268518 0.272342 55.320210 56.808469 56.808469 649846.089914 5284.935438
260.379451 147.238352 0.570051 0.400522 76.011361 77.298423 77.298423 251343.690541 8597.647414
