360.533528 449.572312 1.529476 0.244421 49.893490 51.794037 51.794037 1320450.919351 3865.744642
146.099261 379.515978 0.991105 0.366060 34.599771 47.490372 47.490372 24644810.282229 4935.012139
392.518554 197.899647 0.730224 0.340002 68.704366 70.341381 70.341381 512122.014806 6158.462612
323.523920 89.099124 0.413831 0.206230 85.102491 86.114874 86.114874 130529.487767 12731.994506
141.855041 337.784892 0.755902 0.184117 63.913697 65.917188 65.917188 1354592.107125 6632.083499
99.738285 405.775877 1.038890 0.182838 34.897991 43.217276 43.217276 16271269.249837 1334.519637
118.117333 177.876785 0.294223 0.142804 86.396203 89.232515 89.232515 1077340.590173 5840.214509
318.487330 240.379226 0.686886 0.352145 73.653251 -1.000000 73.592661 1594.787720 -423595.266441
97.852245 84.398863 0.203460 0.236521 62.900409 81.093644 81.093644 11889660.875515 471.009395
178.430267 458.400935 1.327108 0.275646 47.502905 50.978093 50.978093 4709812.042006 2543.550424
134.258029 121.885515 0.218809 0.162336 101.999126 102.340539 102.340539 17775.611563 62723.333047
81.802504 230.384877 0.360450 0.058937 87.016196 87.660924 87.660924 124915.013917 32223.003285
442.268820 276.091235 1.032133 0.337288 61.843490 62.414425 62.414425 111058.079627 18872.176391
135.779492 254.805776 0.580440 0.493603 53.329602 61.526790 61.526790 9241493.000579 1235.451802
184.517520 531.557954 1.716509 0.151927 30.643016 43.489174 43.489174 31006260.107202 131.108956
120.164594 344.310071 0.798314 0.330185 61.120646 61.994323 61.994323 732794.151697 20587.657813
600.462952 264.666284 1.426866 0.163094 51.967295 53.968354 53.968354 1101590.880954 3092.861792
280.426854 528.923849 1.795762 0.099210 47.540116 48.912299 48.912299 726446.889159 18819.995348
105.561514 173.686666 0.307047 0.219935 80.367747 83.530676 83.530676 1664689.793925 5701.923438
192.340607 379.467372 0.981651 0.431245 63.750616 63.887734 63.887734 15526.034301 107200.470226
441.332195 221.386696 0.865718 0.208749 67.571025 -1.000000 67.491584 2767.953419 -312255.987812
357.367620 103.455811 0.553965 0.500472 58.995712 74.298685 74.298685 14073442.355949 72.286865
137.362654 523.676868 1.636524 0.196093 41.248752 44.636617 44.636617 6085980.185596 2692.316858
214.440727 138.060172 0.345823 0.263262 68.719796 83.933295 83.933295 11273333.886826 238.193778
302.089600 346.891511 0.980018 0.229501 60.476154 62.302789 62.302789 888418.813178 18417.835430
90.973658 219.233037 0.466868 0.347756 10.190277 46.367881 46.367881 30982136.640258 358.227065
212.814648 390.071407 1.053447 0.358179 55.953772 58.407168 58.407168 2031294.494660 12925.694068
94.493154 105.027531 0.223144 0.295457 94.453089 95.501602 95.501602 238661.617019 22504.943492
76.739458 87.577536 0.177419 0.191800 87.256446 90.019886 90.019886 1192561.093244 9071.448414
154.819245 390.864403 1.039269 0.361146 36.362741 48.142523 48.142523 22773010.864360 444.960508
83.990022 229.161650 0.357170 0.053576 86.542343 87.534155 87.534155 214442.939024 19452.064305
389.218901 378.132549 1.267003 0.233208 52.873076 55.721076 55.721076 2156545.338629 2604.328922
208.624327 404.094592 1.106837 0.384603 57.021827 58.403735 58.403735 851462.123094 8062.934514
100.156853 282.971227 0.591791 0.204811 27.324890 49.994124 49.994124 31251679.169285 207.802843
405.542917 79.850354 0.552563 0.167108 78.348485 78.911436 78.911436 56582.621045 22592.528543
55.514629 76.642725 0.251250 0.405422 41.597267 50.236726 50.236726 4805650.437505 8338.105680
422.672803 450.197961 1.653314 0.116723 42.307195 49.409198 49.409198 9977888.394285 14084.022329
97.420499 71.678578 0.272120 0.559033 77.276015 82.448963 82.448963 2011919.757530 3338.073351
218.945207 502.521859 1.566782 0.119938 49.688158 51.271953 51.271953 1007656.745246 4886.718593
473.733326 114.269823 0.767071 0.299111 70.585758 -1.000000 70.444809 6924.303053 -186891.587660
105.581430 84.970653 0.271655 0.536844 88.558153 90.466476 90.466476 427320.263695 10207.570852
438.269434 318.567949 1.166412 0.337658 54.197237 57.453688 57.453688 2531026.326308 2079.394884
258.209771 420.842331 1.239370 0.294880 49.380036 53.943933 53.943933 5500529.621243 1566.096032
501.872452 33.560160 0.773170 0.265969 68.934048 69.730118 69.730118 142414.280440 13596.179492
132.519171 165.148736 0.306165 0.265782 93.854317 94.089518 94.089518 14708.118554 90479.638808
142.511942 376.679640 0.942059 0.387866 58.440618 59.616690 59.616690 957789.988967 12229.182634
103.075658 201.535160 0.344444 0.136865 61.802347 73.217011 73.217011 10638230.284352 966.696573
166.037649 334.104988 0.801880 0.313215 51.837536 59.031778 59.031778 9514935.275438 1168.464637
123.668946 327.418868 0.763866 0.449918 61.471286 62.312768 62.312768 704057.971017 22632.948209
66.926540 64.496257 0.157034 0.150557 15.866961 66.087252 66.087252 25724739.086976 155.397450
113.732114 178.555183 0.417614 0.530497 46.729397 62.299049 62.299049 14461518.132362 531.868638
491.236706 120.192468 0.838445 0.354943 58.315782 64.856097 64.856097 5651959.722865 730.106060
141.124643 441.955047 1.187962 0.201101 57.414142 57.823378 57.823378 157854.669008 33007.676838
163.269603 223.331433 0.489965 0.376633 58.124365 69.755924 69.755924 11643546.704130 574.284832
354.555764 434.957065 1.420564 0.040044 55.147816 -1.000000 54.854531 22864.148489 -86683.445676
409.542510 112.298447 0.629024 0.304992 61.502746 71.506792 71.506792 8797585.117451 269.556154
224.189521 66.543767 0.273235 0.260642 97.375840 -1.000000 97.110856 9132.624426 -141163.959849
611.289438 15.810262 1.091853 0.282801 18.388674 -1.000000 61.913152 87655821.237897 -153.634502
209.679184 442.851315 1.261029 0.210367 54.290748 55.749232 55.749232 910363.352532 6804.591283
530.459874 205.804147 1.064550 0.230082 62.452948 -1.000000 62.427507 412.153380 -846610.733291
517.638572 3.372402 0.826770 0.328014 60.312946 65.682664 65.682664 4009286.491106 291.465537
61.014355 58.089519 0.213570 0.314469 27.694298 52.663747 52.663747 12652047.114519 1336.254595
583.283051 263.255498 1.380264 0.289621 53.737488 54.950217 54.950217 499277.059264 209.865372
306.365379 267.415604 0.709846 0.163688 72.663398 -1.000000 72.550586 4745.824724 -235534.929717
82.190101 224.811754 0.513129 0.491188 33.012016 43.953873 43.953873 11556604.634882 2740.516703
167.386772 386.196848 0.954735 0.130434 58.491916 61.100304 61.100304 1916123.613127 3812.108760
137.064525 174.195269 0.321435 0.260425 93.749215 93.788395 93.788395 615.149684 572690.649707
254.751123 370.446310 1.029559 0.350603 52.601119 57.791893 57.791893 5862512.266285 1387.298652
75.633395 137.479121 0.221002 0.149709 81.063105 83.835003 83.835003 1563951.645675 8795.283259
205.843533 342.179024 0.868577 0.399187 58.927817 62.157520 62.157520 2711970.423831 10526.552208
101.923142 311.704471 0.713049 0.292871 28.725375 44.877221 44.877221 24628432.081972 463.040729
87.109858 24.449057 0.212699 0.420897 85.164574 88.830582 88.830582 1182740.091231 5653.083900
146.496986 124.504081 0.239321 0.189934 98.535736 99.331901 99.331901 78992.710454 23806.941655
418.751268 280.927323 0.990421 0.332650 63.575702 63.834141 63.834141 26623.291234 46859.852669
149.776979 423.036015 1.106748 0.141864 53.537520 56.330138 56.330138 2730962.682021 3635.115333
101.372937 455.286069 1.223635 0.120140 53.680725 54.304209 54.304209 505157.463521 24921.964245
358.593149 158.012870 0.585141 0.273527 65.465127 73.483978 73.483978 6019243.724997 607.099169
133.029422 297.997724 0.624172 0.224220 67.939524 69.880631 69.880631 1243999.266947 7739.621527
78.097082 233.599387 0.372735 0.070703 83.115850 83.949711 83.949711 286029.023978 26649.896088
154.490314 193.421398 0.421154 0.508525 86.394557 86.475175 86.475175 2495.813689 250411.644517
265.516283 277.226706 0.728405 0.351921 53.129460 64.690415 64.690415 14009983.352996 375.946634
175.258637 265.285187 0.607904 0.423249 61.755439 67.724089 67.724089 5379345.028157 1691.697546
373.495200 105.288287 0.553170 0.330160 63.228644 74.612936 74.612936 9594516.725099 245.556716
114.178773 431.796317 1.222604 0.348514 15.649404 34.855060 34.855060 37492854.658287 557.209473
126.789411 334.393956 0.836807 0.436930 20.092289 44.136948 44.136948 38367943.558124 192.080531
62.244510 273.780066 0.574550 0.237332 31.925532 38.022094 38.022094 7533105.825430 10138.379365
219.496138 413.187217 1.140485 0.336587 60.484926 60.545261 60.545261 3397.690347 231940.259556
408.398738 356.006063 1.210538 0.147589 50.894520 56.340909 56.340909 5492509.765165 809.981613
135.213408 352.612021 0.866321 0.446675 55.922182 57.958075 57.958075 2227342.123815 6977.863640
425.151461 265.008933 0.984066 0.375576 45.145967 59.036779 59.036779 21178913.560333 101.555417
104.814895 310.408149 0.744183 0.438048 34.154732 44.589104 44.589104 15992126.060209 1296.812638
363.235280 248.369319 0.743165 0.062584 71.555843 -1.000000 71.443950 3175.456826 -252215.961822
383.859094 181.176843 0.691309 0.381075 65.805574 70.191691 70.191691 2573919.140880 1412.191477
262.581393 331.918951 0.884765 0.346412 62.425992 64.316708 64.316708 962110.170801 15901.207394
610.787775 108.228673 1.137586 0.128696 58.684311 59.874506 59.874506 346504.515255 7056.528162
302.922755 203.168556 0.584020 0.383940 77.664579 -1.000000 77.492264 8799.456113 -167421.885774
120.121555 139.183887 0.227659 0.148171 101.766125 101.899861 101.899861 4121.504848 174131.143645
131.538949 347.228475 0.804330 0.346462 66.086704 66.412013 66.412013 127418.817308 53266.296433
82.604155 372.479937 0.843706 0.063430 40.237211 51.212535 51.212535 16881605.841926 837.798773
123.288452 194.942479 0.449934 0.501417 26.263101 59.723576 59.723576 33801643.723422 66.871897
363.850196 137.268881 0.545357 0.224824 78.205283 78.966523 78.966523 101210.439230 16581.450533
148.983824 226.779259 0.479776 0.433173 77.276382 78.665450 78.665450 480355.506859 11756.225118
141.295487 263.925327 0.570643 0.419015 69.144825 71.234781 71.234781 1284366.497821 7275.128907
131.663429 511.305173 1.543970 0.189220 49.853139 50.497110 50.497110 478648.891664 19083.299192
130.245941 180.294696 0.398752 0.509268 76.201179 79.139860 79.139860 1373188.861549 5378.444259
492.688526 32.511517 0.715573 0.064121 72.313881 -1.000000 72.019424 16356.029652 -105470.713516
188.072487 497.666580 1.516344 0.163286 48.067020 50.457994 50.457994 2398696.987257 3605.813312
194.179776 537.606779 1.737744 0.124597 48.464762 49.389084 49.389084 476039.881004 9577.176248
408.991008 317.034584 1.096132 0.365046 57.122471 59.403075 59.403075 1347494.815000 3765.276207
504.272715 301.014397 1.252308 0.151569 49.145085 55.644417 55.644417 7227828.726110 525.028203
472.588810 256.141075 1.046881 0.245730 54.196690 59.614415 59.614415 5069932.269750 842.023592
139.188147 3.477608 0.237811 0.462697 92.795609 96.325422 96.325422 653334.484056 3782.778385
171.504915 194.310843 0.342253 0.064628 78.508903 87.354437 87.354437 4481121.509852 37798.888105
150.871919 113.205687 0.300840 0.465908 91.021952 92.441063 92.441063 209584.797874 11667.071459
151.014595 190.262437 0.387326 0.280076 62.318927 75.364614 75.364614 11640548.838607 536.117812
395.036216 201.028444 0.755807 0.428483 67.681700 69.366754 69.366754 550212.543902 5834.724029
137.998796 142.964510 0.322202 0.456570 92.276083 92.577321 92.577321 19346.114650 67458.274690
114.690242 329.390381 0.789092 0.335365 25.638882 44.737134 44.737134 30879391.890400 355.954585
172.582753 285.102978 0.639407 0.301337 59.451576 66.191468 66.191468 6880131.900372 1366.644158
282.577074 320.373805 0.890139 0.455844 61.859742 63.992298 63.992298 1146442.747806 4497.198651
647.745747 53.787760 1.247602 0.337242 51.621308 55.934735 55.934735 3923727.915951 1244.615250
169.405078 488.042705 1.471474 0.229198 41.285990 46.905062 46.905062 10288367.408822 1275.070750
142.452090 241.056399 0.535885 0.408849 44.968483 61.645665 61.645665 20567969.781454 299.733462
192.768556 355.280976 0.875259 0.310028 65.559657 66.019619 66.019619 105929.846499 30284.466322
369.809840 209.363935 0.664994 0.080219 68.593479 72.596726 72.596726 1741230.153858 1462.225158
106.008460 251.554539 0.576184 0.466971 30.462088 48.376710 48.376710 22093971.538160 571.171324
392.739048 40.522765 0.489541 0.112946 82.467680 -1.000000 82.244997 9400.661985 -146532.295877
226.217294 372.670361 0.973186 0.264448 63.015637 63.526696 63.526696 117859.716967 24790.071466
197.011365 79.431985 0.300120 0.435264 90.782392 92.942331 92.942331 341845.045268 5871.552791
98.959811 118.408510 0.200943 0.151730 88.388351 93.193167 93.193167 2064862.541181 3610.930527
155.538467 388.264110 0.972740 0.290759 61.648857 62.235860 62.235860 239749.214322 24349.983391
127.250983 449.029602 1.295917 0.342074 28.217005 39.251183 39.251183 25035066.560602 670.836346
611.395089 112.678221 1.170508 0.358837 58.992219 59.482423 59.482423 87708.164328 20813.991327
144.355042 497.801060 1.469925 0.173872 53.368080 53.607771 53.607771 66460.182416 52774.503382
85.251125 78.186200 0.217723 0.346094 85.688403 88.125635 88.125635 894536.621433 9750.557375
96.227640 331.170686 0.768651 0.287220 41.370008 47.228185 47.228185 9395362.864581 2934.039688
98.176813 119.011269 0.266802 0.328801 63.044637 74.825356 74.825356 8145910.791428 968.644857
229.327989 310.831362 0.777991 0.318533 56.847907 63.624682 63.624682 7142473.382097 1098.747885
166.026768 440.243080 1.209431 0.298411 57.803927 58.074683 58.074683 71790.719652 49743.152291
106.431738 283.971106 0.533658 0.087170 69.873351 72.995539 72.995539 2025415.636815 4541.643068
208.383908 470.881093 1.390689 0.215500 55.562196 55.665319 55.665319 9783.945471 122167.741676
66.353228 292.114262 0.543952 0.070741 63.773532 64.824924 64.824924 946055.724481 31082.813495
399.242274 371.060451 1.268034 0.316746 54.151157 56.103417 56.103417 1180715.279002 4059.692911
80.038027 52.113528 0.186547 0.267303 66.996196 78.543368 78.543368 6436433.904317 1279.418737
136.405610 177.942972 0.388811 0.504181 83.400929 84.546932 84.546932 273123.614252 15634.946676
113.143804 42.977275 0.210961 0.366284 89.748523 94.621067 94.621067 1407241.399383 3122.117911
265.117136 304.287024 0.826028 0.450552 53.837122 62.036554 62.036554 9438067.505479 695.007119
77.243950 249.643146 0.495452 0.202320 22.396653 44.160343 44.160343 23746226.107620 828.971979
196.140422 401.041207 1.059880 0.314011 62.062555 62.165420 62.165420 9077.462823 138983.840915
113.279217 93.804381 0.212074 0.265562 95.998793 98.027429 98.027429 434058.620315 9459.000383
123.502477 124.576092 0.230097 0.199861 95.566357 97.397317 97.397317 386227.467803 10091.449968
130.563165 304.481879 0.650056 0.223415 62.322893 65.786777 65.786777 3198386.351556 3811.977443
141.818651 366.322146 0.884768 0.407720 65.930608 66.022345 66.022345 15011.649314 185753.242574
253.186300 229.998848 0.526106 0.100501 65.910319 76.069250 76.069250 7917564.531067 330.031339
315.679016 478.379214 1.581618 0.180953 51.410535 52.076359 52.076359 217293.034559 13337.212275
108.466353 249.599035 0.486344 0.208156 55.448206 63.962673 63.962673 9696198.432371 1364.750181
315.634948 435.396751 1.374587 0.164747 47.349533 52.691730 52.691730 6440801.791741 942.858072
670.612433 113.027274 1.367794 0.219422 49.451603 53.991477 53.991477 4398532.759735 915.227281
63.830550 93.749257 0.114592 0.047856 115.745309 115.859974 115.859974 2596.296211 248145.604564
225.772119 205.365008 0.490752 0.354739 73.280813 77.701265 77.701265 2261845.011782 2215.402197
113.959665 421.249523 1.151660 0.278369 17.746753 37.516199 37.516199 38793222.555900 317.065391
95.639619 79.897699 0.277006 0.532056 66.650572 76.013564 76.013564 4866454.896293 1566.534566
120.196586 276.734503 0.580600 0.366151 70.505199 71.316451 71.316451 447070.316456 23467.770832
137.165574 321.508963 0.684996 0.115145 60.623033 65.933896 65.933896 4997588.554832 1923.699421
324.039510 493.724843 1.683111 0.156226 43.834064 48.555580 48.555580 6053888.466591 967.513482
391.416184 286.327038 0.941972 0.221653 58.168098 62.409322 62.409322 3210049.749245 1567.488627
355.021763 155.956143 0.556068 0.180048 65.288707 74.890358 74.890358 7598536.391515 483.225439
156.972810 310.271726 0.705990 0.352231 64.567141 66.797463 66.797463 1559869.966764 5994.019393
153.955791 268.365950 0.563369 0.243931 62.202716 68.802263 68.802263 6311378.794660 1564.461760
217.575599 416.469426 1.183867 0.362059 48.205302 53.322310 53.322310 7054308.497865 1485.897747
120.752256 352.447772 0.858691 0.332858 44.065388 50.495393 50.495393 10513017.652114 1732.842728
262.850009 3.655526 0.336431 0.424622 90.213530 91.383843 91.383843 118487.840647 10881.480498
93.979993 369.710705 0.880222 0.160929 33.216454 44.412695 44.412695 19990170.215667 1020.723288
88.565718 475.590666 1.397402 0.249088 30.044220 34.223871 34.223871 9704691.740546 6656.862908
213.673057 488.134192 1.521641 0.258170 37.878741 46.523909 46.523909 17644877.576969 530.233495
427.974301 129.693866 0.686424 0.336444 72.003556 72.793533 72.793533 130103.661396 14671.970430
88.797737 94.321108 0.162863 0.145110 103.503830 104.504593 104.504593 165925.815135 24197.791414
225.002401 390.661209 1.064693 0.338648 56.719215 58.843361 58.843361 1543444.060894 4677.023221
91.988867 177.789970 0.370719 0.424677 69.565001 71.383085 71.383085 1230978.072205 15124.216275
156.490460 14.698432 0.234354 0.409143 97.190275 98.985852 98.985852 203381.651230 8260.076019
259.147788 475.416578 1.467003 0.088389 53.744121 54.170033 54.170033 78155.198615 21046.726874
241.847049 346.623780 0.912273 0.307977 56.969574 61.290300 61.290300 3999038.934445 1885.029906
319.220953 113.854851 0.483577 0.444998 78.252803 80.741427 80.741427 670595.204267 4219.993892
153.989586 305.486836 0.723929 0.444685 53.347195 59.841405 59.841405 7966861.361896 1521.380661
305.072057 392.950912 1.162556 0.228231 59.520273 59.779358 59.779358 33789.914881 45055.806423
609.787208 115.434857 1.132444 0.053597 60.783850 -1.000000 60.651722 4926.077079 -195754.318998
188.044693 253.641467 0.509451 0.129301 81.642701 -1.000000 81.587659 1200.648845 -506420.115371
511.961118 120.585165 0.882144 0.343466 65.646057 66.349021 66.349021 130945.544672 15226.897631
262.384475 309.386501 0.818999 0.305977 44.168150 60.824761 60.824761 25747129.123542 -11667.518571
137.116818 429.638563 1.121894 0.172230 59.215331 59.554935 59.554935 104119.664221 40948.450609
544.069604 264.205924 1.253907 0.197101 55.204551 56.971383 56.971383 845528.904059 4942.364867
305.687145 335.710203 0.958652 0.280745 56.473837 60.988588 60.988588 4012117.028427 1625.835286
421.547058 179.749173 0.760450 0.396891 70.202853 70.550393 70.550393 33984.245218 36749.333909
155.039319 326.385418 0.730832 0.294080 71.704531 71.768277 71.768277 3642.898452 271720.147002
130.226826 186.734010 0.361505 0.317534 83.635790 85.248653 85.248653 516537.466112 10970.786608
153.245949 175.936012 0.318287 0.134449 65.201060 82.620041 82.620041 14801881.195544 250.804066
210.151355 274.806998 0.630640 0.247192 61.294258 68.725772 68.725772 6975390.902381 1084.173082
257.819221 397.673808 1.099426 0.134539 61.393887 -1.000000 61.287543 6523.112402 -209270.902462
341.772939 161.465957 0.591370 0.473278 72.742769 75.249795 75.249795 846003.590165 3752.317183
135.396767 492.737481 1.483050 0.257618 39.843504 44.151688 44.151688 8635514.046004 2186.053209
536.120416 92.980134 0.923581 0.353945 61.785089 64.073643 64.073643 1058131.870928 3398.539867
118.866983 317.531919 0.688985 0.195252 54.156381 59.948373 59.948373 7340255.696324 1995.978539
241.364501 210.290875 0.539209 0.480285 74.494263 76.901727 76.901727 842175.625941 4718.570919
329.243182 151.530983 0.556665 0.489810 75.252960 77.227729 77.227729 523978.741778 5320.443062
78.491766 165.588821 0.380610 0.467036 39.901382 51.223825 51.223825 9549874.506164 2442.812348
160.419270 194.427764 0.395996 0.321283 82.700678 84.425678 84.425678 490353.987137 9055.962874
75.788637 165.938269 0.365222 0.399881 36.877986 50.146835 50.146835 11182083.379824 1948.791995
264.820662 170.852520 0.452505 0.261544 75.172633 80.464299 80.464299 2634568.577534 1433.223899
539.279866 246.450337 1.197413 0.300184 59.411722 -1.000000 59.333774 3587.213252 -277972.730742
113.439878 189.824141 0.317054 0.183795 93.527149 93.620094 93.620094 4056.886514 245821.648571
55.875194 461.885084 1.240355 0.044472 31.484726 37.859019 37.859019 11088101.238659 3721.735548
76.366396 316.643593 0.751620 0.376729 32.629681 37.490356 37.490356 7249208.886038 10979.580042
231.435476 429.968567 1.237147 0.294894 54.538234 56.079952 56.079952 994242.452168 6463.674727
123.890273 415.904303 1.053812 0.197035 60.579350 60.805416 60.805416 73180.749951 68579.285317
124.229438 23.084181 0.193679 0.324227 101.831180 103.082482 103.082482 125104.860765 15125.435024
156.518272 438.415075 1.181270 0.220005 59.071767 59.210426 59.210426 20678.458070 101504.585469
108.953012 530.701044 1.645852 0.164764 45.735412 46.462862 46.462862 913619.513042 20229.688725
524.888711 27.996399 0.820138 0.170224 67.118786 68.125602 68.125602 214297.821717 9933.756266
604.896010 13.695288 1.090819 0.347603 54.230847 58.978120 58.978120 4124791.512441 1093.343239
125.627742 406.839990 1.061091 0.386330 54.978554 55.538386 55.538386 551149.195574 32971.771655
515.493672 322.824910 1.362740 0.297190 56.475512 -1.000000 56.461867 178.669543 -1440832.093400
515.987139 321.259848 1.348747 0.150008 53.686684 55.380184 55.380184 796049.587650 3943.415256
281.482100 199.304081 0.556172 0.456391 79.099635 79.208359 79.208359 3484.058882 151570.237798
277.496020 167.452299 0.453541 0.248177 84.513340 -1.000000 84.359034 5753.157757 -201751.509380
71.993264 233.203483 0.454383 0.215771 33.125377 45.951960 45.951960 14186200.140539 1838.974224
488.014967 15.425488 0.696175 0.049710 73.059399 -1.000000 72.744605 15587.860779 -103861.091946
309.251257 222.494479 0.648582 0.359827 56.795519 68.873223 68.873223 12809243.543471 292.307496
264.588592 366.583263 0.980998 0.146379 64.423062 -1.000000 64.377444 1304.693445 -488936.291604
102.538326 243.392832 0.434909 0.166822 79.024408 79.893238 79.893238 356207.705860 23206.718740
81.822874 32.817052 0.251583 0.545227 68.591400 75.765523 75.765523 3162154.003948 2778.885812
102.138782 154.366650 0.343577 0.441749 64.367391 71.213135 71.213135 4904514.451449 2259.352636
295.252017 29.947327 0.310506 0.118167 94.444224 -1.000000 94.238641 5898.668241 -178197.626342
243.095887 444.462462 1.314782 0.307814 55.819433 56.267465 56.267465 121715.983017 25229.231980
127.817233 185.160715 0.366199 0.395097 89.601153 89.713482 89.713482 5773.613566 192784.402246
377.502265 251.421568 0.829749 0.327002 61.302575 65.416950 65.416950 2820189.326470 1832.554651
120.254142 245.855897 0.479782 0.240451 67.327143 71.423274 71.423274 3365950.519509 3514.615761
95.619569 306.538277 0.629033 0.131191 49.536435 57.337716 57.337716 10595689.255201 1464.770046
144.657706 363.366452 0.857628 0.294793 67.422644 67.481167 67.481167 4584.964609 286755.877096
512.311193 103.930734 0.865973 0.299227 58.013603 64.247441 64.247441 5346142.212730 753.043118
172.096443 364.781462 0.887174 0.186276 56.509781 60.761155 60.761155 4291046.954222 2263.980375
77.938922 543.574951 1.743185 0.142363 25.117267 30.349115 30.349115 13271090.966310 4965.561971
132.432849 388.155727 0.969199 0.336113 59.517398 60.115967 60.115967 400745.789464 26467.472035
263.136397 164.494807 0.456153 0.315955 63.886001 77.749055 77.749055 11800496.266222 260.839141
173.049946 354.681856 0.863262 0.351114 64.723490 65.402374 65.402374 241412.688946 20725.546803
200.763655 353.434696 0.879610 0.309546 64.102573 65.036207 65.036207 346617.146152 13617.604046
144.582416 263.884841 0.549123 0.353025 75.958103 76.638558 76.638558 188236.325785 25301.759105
535.553628 203.394858 1.065159 0.156611 62.469329 -1.000000 62.452517 179.085988 -1257604.392608
106.977376 468.934976 1.299548 0.129271 51.042102 52.076908 52.076908 1040929.545736 13454.833741
370.607088 312.432349 1.001531 0.363637 58.932053 61.397966 61.397966 1454984.672103 3192.924528
180.836227 149.458796 0.365920 0.405610 68.545767 80.735421 80.735421 8356458.482311 482.412562
596.816562 314.894007 1.576858 0.199569 50.380877 51.858998 51.858998 739624.227236 4952.347644
121.981648 117.366162 0.274776 0.407999 92.842022 93.907045 93.907045 165970.195685 18430.180068
304.122361 36.386955 0.402791 0.433711 81.255198 85.108104 85.108104 1124623.675164 2130.521720
348.296556 375.481039 1.160771 0.132996 54.401081 57.854004 57.854004 2542087.886245 1456.307732
87.855874 61.267245 0.171718 0.210182 75.986115 86.575701 86.575701 5617252.135923 1320.348379
159.655499 472.545825 1.354865 0.162135 51.912477 53.373064 53.373064 1119015.613371 7173.482554
86.404852 327.571307 0.728878 0.169009 17.323665 41.249897 41.249897 33248460.150262 487.439391
118.643917 296.068150 0.642314 0.355238 64.742198 66.067106 66.067106 1053764.450792 13656.009124
144.294363 484.311979 1.433992 0.226403 41.641432 46.264856 46.264856 8535616.137927 1856.745016
103.743697 280.752650 0.562708 0.244374 69.254976 70.019098 70.019098 520853.161794 28495.894367
56.889699 410.463632 1.028367 0.086788 4.555581 28.034364 28.034364 25828674.717922 1840.270103
377.101826 416.799801 1.396087 0.184962 54.969316 55.342118 55.342118 66034.947890 26726.452576
394.604928 174.877199 0.719964 0.495227 64.543147 69.088290 69.088290 2740493.855738 1504.690136
146.292482 485.787525 1.428866 0.262117 50.408859 51.402364 51.402364 884535.513875 12025.762648
277.344566 277.712330 0.735691 0.408154 70.055927 70.714697 70.714697 123867.101356 19791.227379
64.979215 346.087632 0.790398 0.165750 32.677833 37.559927 37.559927 7779748.970414 9962.302270
396.478830 140.514493 0.661472 0.445236 64.624671 70.844110 70.844110 4218571.000350 897.516910
428.344427 210.188097 0.833480 0.336706 65.143142 66.871394 66.871394 627151.868230 5387.046991
62.721034 520.343798 1.587997 0.093907 23.167568 28.965305 28.965305 12925490.014855 6567.262122
175.208757 417.142719 1.135995 0.388820 55.051108 56.534501 56.534501 1192979.922779 7918.388267
149.809953 239.768671 0.516283 0.402710 67.509563 71.831941 71.831941 3162934.568076 2898.481893
71.749682 124.829433 0.147964 0.031692 101.835303 106.455424 106.455424 811834.090396 2925.518985
54.429196 135.641784 0.222346 0.129021 44.081749 56.059934 56.059934 8851713.374382 2736.384904
583.240888 158.332800 1.125744 0.152434 56.986801 59.438498 59.438498 1271066.069777 2304.998671
136.074585 321.203310 0.708236 0.343413 71.957549 72.044639 72.044639 9791.101183 207884.653498
430.646618 224.123661 0.852821 0.185578 58.372987 64.657016 64.657016 5348619.363089 789.385617
155.618368 489.666993 1.443251 0.236126 53.376609 53.697546 53.697546 113804.042257 38851.823849
349.998397 246.549161 0.756801 0.248625 54.286730 65.723361 65.723361 13244042.310626 252.226677
123.821861 530.915493 1.651091 0.086161 32.308475 42.849860 42.849860 23366247.296356 384.175103
207.333217 387.167662 1.019335 0.310995 60.768288 61.575771 61.575771 304067.327137 15085.895534
80.265749 228.892609 0.426504 0.198068 54.333681 59.553743 59.553743 5689203.481236 4181.354442
115.443263 421.837603 1.156292 0.284848 18.111696 37.686419 37.686419 38736311.634164 307.985253
250.202971 300.220769 0.765784 0.293417 55.243718 63.972382 63.972382 9903391.291830 621.716485
88.599342 257.924958 0.439401 0.080556 83.980509 84.158299 84.158299 20837.807447 119788.741064
117.751679 311.373982 0.646915 0.211912 72.004436 72.360306 72.360306 110455.562531 51685.901099
214.758406 483.416401 1.467518 0.276407 54.632350 54.658031 54.658031 903.928221 501373.923784
327.122351 102.343197 0.465163 0.344941 78.094237 81.372165 81.372165 1076663.451144 2741.509821
427.051501 328.725595 1.175726 0.354305 55.367700 57.710488 57.710488 1483424.415382 3543.445869
309.293190 195.682874 0.583417 0.356870 69.130205 74.023331 74.023331 2784803.481562 1607.154497
309.507589 151.905855 0.468897 0.210432 82.844337 83.302984 83.302984 37505.751270 31967.680025
96.618894 137.354572 0.257645 0.220391 63.972242 76.054120 76.054120 9153476.396875 958.384060
76.589675 73.543936 0.158966 0.159774 78.151062 86.100463 86.100463 4258120.968420 2303.658642
367.736390 354.790496 1.128428 0.217893 55.524072 58.435273 58.435273 2040335.643093 2517.138465
244.937440 318.800083 0.810635 0.234342 51.686995 62.171092 62.171092 13534601.685441 451.851083
179.142064 230.318143 0.478922 0.255537 73.819928 77.580768 77.580768 2017432.257135 3143.212183
98.194696 244.287459 0.422813 0.150222 85.788433 85.835629 85.835629 3343.757832 482426.021403
369.736718 295.186941 0.911192 0.159288 63.475872 64.906371 64.906371 472852.659215 6501.958233
276.688907 427.814755 1.297386 0.263888 44.465259 52.036272 52.036272 11880543.821604 675.281448
559.692337 271.488062 1.305399 0.081730 57.371946 -1.000000 57.285966 3225.613373 -262900.687751
144.106643 403.730661 1.055700 0.412796 57.048276 57.828096 57.828096 586076.061236 18675.792810
232.133846 380.931043 1.036464 0.404883 59.736671 60.823610 60.823610 488079.385749 10737.598874
623.390339 55.812557 1.148982 0.287173 60.442412 -1.000000 60.368739 2987.093405 -302389.875253
39.623771 471.626249 1.303888 0.055116 14.610414 22.937959 22.937959 11696852.824754 12300.158278
238.978140 329.615125 0.828629 0.272962 67.192383 67.713006 67.713006 100283.052743 25346.532993
131.684064 486.253293 1.398094 0.064071 32.277101 48.103713 48.103713 31584873.377948 128.168656
129.471585 162.231371 0.363263 0.457369 71.492639 77.796275 77.796275 3829563.523458 2088.020395
144.648761 277.664756 0.580960 0.211926 55.846008 65.392124 65.392124 11178809.627619 898.324399
285.313392 139.335190 0.433082 0.312563 86.203922 -1.000000 86.194029 37.438125 -2983071.883723
551.928627 82.531181 0.974765 0.428186 56.153266 61.451681 61.451681 4512971.894922 936.431473
294.899512 350.180531 1.002448 0.433480 62.586978 63.035137 63.035137 85612.210123 27144.285963
125.231303 413.662131 1.061645 0.138024 41.463967 50.222225 50.222225 15584456.249824 864.274048
118.274362 386.785466 1.029536 0.422798 31.792557 41.479225 41.479225 18773553.844194 1437.090097
118.635551 201.975881 0.427662 0.386417 52.926772 65.114901 65.114901 12256680.068314 774.195838
434.292581 3.352714 0.610054 0.265135 60.337021 72.380162 72.380162 11313820.213668 172.881961
384.536880 166.094457 0.633514 0.192929 63.189035 71.716591 71.716591 6954173.974165 550.239037
168.900264 451.440878 1.267875 0.304223 56.268280 56.638259 56.638259 126281.496055 34715.947443
128.732375 369.584563 0.862579 0.163903 61.845486 63.161076 63.161076 849199.224792 10696.545654
160.533146 321.025692 0.746770 0.421005 67.399505 68.221696 68.221696 329986.315531 18307.328771
264.853429 298.974177 0.787706 0.316248 51.151418 62.698388 62.698388 15016351.717488 366.757419
408.919126 260.555120 0.896671 0.200230 63.015276 64.959640 64.959640 801594.383530 4788.795757
211.617402 212.030245 0.487157 0.375094 79.241107 80.535217 80.535217 295336.063988 10842.362416
338.622318 297.233166 0.887994 0.332031 61.691065 64.271032 64.271032 1439542.922077 5435.678864
137.912215 120.737929 0.297997 0.473714 95.625043 95.676143 95.676143 678.492178 433422.302536
119.217271 507.369354 1.504725 0.136954 51.298707 51.747920 51.747920 253310.657959 28518.843199
511.247367 143.284580 0.888049 0.149845 61.894216 65.033241 65.033241 1621244.925330 2015.553919
151.086378 230.238902 0.485506 0.392047 73.870803 76.398103 76.398103 1270277.829845 5740.943177
132.816188 315.368980 0.657999 0.089236 51.980817 64.252950 64.252950 15253269.465571 421.264362
83.513213 439.111850 1.175195 0.130080 28.856596 37.813284 37.813284 18377145.027574 1634.166911
126.381388 129.456377 0.255849 0.249155 87.409237 91.364042 91.364042 1457276.159006 3928.653574
135.565319 191.939032 0.435449 0.482069 52.942160 67.429358 67.429358 13906972.805977 491.605529
97.154224 232.078503 0.471328 0.263387 7.636240 50.675095 50.675095 39520871.764242 60.849419
98.006555 148.338221 0.369343 0.521990 17.809928 55.978525 55.978525 27520900.290926 255.695885
642.018076 85.624839 1.225454 0.153349 54.500661 57.311474 57.311474 1696476.072890 2015.665428
335.544696 90.784564 0.493916 0.477313 76.100074 79.700873 79.700873 1237435.437154 2248.697217
127.512226 364.251535 0.875465 0.229262 48.264764 54.221682 54.221682 9021469.439396 1722.990836
527.411161 405.522870 1.714241 0.134740 47.991711 49.914918 49.914918 1164000.429243 2879.686532
386.296316 229.903919 0.822866 0.461669 47.295922 63.097453 63.097453 21910296.331781 94.186601
105.193790 168.872157 0.332454 0.374192 84.483889 85.392096 85.392096 297143.161495 24454.059772
154.037611 250.990399 0.540157 0.415577 73.015585 74.782933 74.782933 804174.875948 8637.841686
178.057279 196.321218 0.442153 0.481266 83.575415 84.076566 84.076566 55846.915748 34067.378245
227.513165 507.797267 1.617455 0.155168 44.212746 48.556911 48.556911 5822108.167654 1381.449999
154.250402 471.496965 1.382501 0.276405 42.901476 47.370074 47.370074 7893930.271208 1884.399035
180.815387 158.351131 0.297640 0.110853 84.640594 90.657699 90.657699 2485061.796622 1563.194409
138.756629 393.361492 1.009914 0.327439 52.257795 54.851651 54.851651 3255646.787374 4442.743798
212.699703 397.002157 1.088065 0.308864 47.352549 54.365394 54.365394 10408139.028788 960.160014
286.963015 139.208474 0.467134 0.412687 70.191468 78.808222 78.808222 5372147.394097 615.928084
126.285046 177.283336 0.411607 0.510968 51.725603 66.875815 66.875815 13788959.957689 496.403058
139.690276 247.331711 0.484632 0.267356 79.648951 80.310655 80.310655 153608.362746 26906.976319
181.384280 269.018252 0.609916 0.435879 72.014251 73.389794 73.389794 505242.316117 10318.386516
437.609414 355.296685 1.292807 0.344845 55.190668 56.331979 56.331979 466227.931099 7172.996284
105.612034 206.925516 0.417877 0.407961 74.288069 75.537328 75.537328 706138.774455 17805.289373
136.905619 316.704398 0.733580 0.476876 64.637101 65.636977 65.636977 645050.866549 16516.172592
163.996813 355.383189 0.867062 0.352201 61.097587 62.752248 62.752248 1146544.675518 7833.191136
395.863799 269.755751 0.911353 0.280722 58.727306 63.064751 63.064751 3294427.995085 1592.182097
78.949731 277.232385 0.515936 0.101676 60.532875 63.910897 63.910897 3519614.687798 5486.136807
454.658959 275.159533 1.043381 0.155808 52.526741 59.687236 59.687236 7498161.914239 505.539499
336.231927 223.114174 0.692111 0.424991 70.511292 71.825605 71.825605 346924.555594 8506.069940
316.508885 497.556831 1.679797 0.156139 51.582238 -1.000000 51.541314 1592.709183 -445651.293074
218.550862 224.885583 0.522006 0.369978 77.327883 78.661846 78.661846 332337.380288 10324.772480
162.579927 324.008768 0.782956 0.450249 57.350171 61.285810 61.285810 4074582.002504 2835.653946
394.545560 105.172179 0.607121 0.480559 77.055459 77.086866 77.086866 349.002771 525802.590620
600.741828 311.567761 1.578294 0.155615 44.066714 50.590921 50.590921 8497621.699637 406.190273
173.613297 266.291968 0.586817 0.262860 39.865634 64.043202 64.043202 34368269.095999 73.486492
99.195125 185.729525 0.409200 0.523062 67.778185 69.992251 69.992251 1508807.031928 10431.448990
90.833851 185.631850 0.408424 0.439150 44.228810 55.748187 55.748187 10961071.382882 1404.304713
96.043978 216.756151 0.471143 0.385547 12.336518 47.963680 47.963680 31797944.647482 257.117528
111.723431 329.975205 0.788861 0.386166 43.668801 49.640585 49.640585 9348328.627782 2345.429812
161.055463 377.760748 0.909499 0.125424 62.745492 63.944107 63.944107 509223.308927 10028.543057
442.056349 2.584225 0.625336 0.299623 74.005914 75.079144 75.079144 200211.698020 10319.409785
363.349956 95.438461 0.523219 0.358154 75.742151 78.563732 78.563732 916035.320768 3263.169197
99.075653 278.302186 0.636179 0.472006 48.769440 52.387053 52.387053 4623376.418298 6525.591161
100.277383 243.857088 0.524757 0.434888 57.940337 60.791084 60.791084 2909307.409006 7713.866566
133.787876 294.498621 0.661513 0.444418 64.523659 66.268923 66.268923 1317724.583641 9074.938584
376.554043 32.618730 0.489156 0.288347 82.506980 -1.000000 82.332373 6718.938629 -180041.952253
454.772300 332.611763 1.238268 0.238687 55.870254 57.287289 57.287289 617103.931367 6157.911318
197.059196 367.179378 0.913981 0.182358 60.209757 62.606280 62.606280 1588031.169948 4329.081264
129.887178 408.544232 1.045402 0.214984 53.141719 55.380869 55.380869 2574245.272601 5544.220487
112.699572 396.820696 1.005377 0.300637 53.214384 54.066128 54.066128 1043385.166270 23982.798997
351.967439 437.860619 1.433835 0.094051 55.234641 -1.000000 55.200621 789.232256 -585070.872243
93.899082 367.627689 0.918592 0.287531 26.808172 38.282877 38.282877 20216094.073222 1361.010835
427.226394 264.549696 0.952639 0.189891 55.220415 61.729589 61.729589 6241238.305942 772.666544
293.059354 8.820031 0.308774 0.129185 86.675695 91.863478 91.863478 1665021.153997 1376.853602
327.524486 294.691467 0.884166 0.457387 58.473497 62.977377 62.977377 3651472.561225 1657.281584
201.781443 409.308517 1.114137 0.277779 53.759770 56.639252 56.639252 2754866.514278 3377.506358
162.004096 128.787608 0.303877 0.365696 89.534241 91.559785 91.559785 416040.819678 7455.796806
71.383376 87.703159 0.216994 0.264594 44.609666 63.020923 63.020923 12002036.610460 778.776039
243.602855 213.178844 0.530782 0.429240 80.196262 80.338490 80.338490 5926.464071 117898.305243
238.664933 538.062990 1.786946 0.073665 47.747748 49.097626 49.097626 656951.678341 4748.804666
621.658227 160.850038 1.269964 0.306458 56.845369 57.432628 57.432628 128412.237772 16718.550546
126.192554 412.353394 1.041447 0.198280 60.159394 60.525271 60.525271 151244.548198 41267.215630
160.049272 306.153268 0.744779 0.489330 47.933817 57.402753 57.402753 13100626.755447 799.451187
122.922229 279.584289 0.565311 0.233262 69.412383 71.311605 71.311605 1243405.413147 8422.035537
365.280007 7.947639 0.481070 0.333621 67.646007 78.627139 78.627139 7884366.968700 373.797690
107.306988 23.556485 0.227281 0.474074 93.592023 95.889724 95.889724 405520.562203 7955.673752
104.635863 292.448189 0.693071 0.482577 38.407239 47.015381 47.015381 12355537.975064 1804.429409
243.156311 439.855610 1.293002 0.156829 34.390078 51.197755 51.197755 34511254.467637 63.474888
620.466958 15.563030 1.123569 0.286712 61.021285 -1.000000 60.959759 2114.051545 -361305.106979
193.636436 183.525300 0.447512 0.534799 79.848450 81.768314 81.768314 503206.319405 6970.238300
128.213600 205.205044 0.440893 0.519441 77.847088 79.135737 79.135737 476950.167407 14094.168267
446.689546 313.657406 1.164951 0.388458 59.587325 59.823788 59.823788 26360.906155 48671.145063
101.173516 402.395606 1.006095 0.182244 49.734600 51.759804 51.759804 2947895.327258 8019.291235
141.992204 418.929270 1.097682 0.174148 47.613607 52.793754 52.793754 7720696.042859 1675.825905
236.436632 269.036728 0.679464 0.507863 69.057955 70.908908 70.908908 736493.246839 6606.072897
96.602795 161.713867 0.272764 0.155416 64.479557 76.446785 76.446785 9782461.561771 920.933431
437.229252 176.784515 0.746897 0.114477 71.420284 -1.000000 71.321921 3093.345195 -274179.482656
275.810123 350.477670 0.940992 0.117241 51.904609 60.995009 60.995009 10617604.991774 532.585372
173.163897 366.901236 0.923434 0.418997 61.767145 62.727552 62.727552 486776.813226 14017.745123
99.574698 256.755020 0.591917 0.487748 36.106819 47.607486 47.607486 14482894.969447 1272.171485
87.495644 405.314166 1.014989 0.153632 44.655501 47.178634 47.178634 4301326.866551 10552.071721
476.539960 68.040757 0.721827 0.247937 72.209367 -1.000000 72.073110 6065.290784 -200482.019452
131.882597 216.078736 0.473086 0.445787 57.136385 66.586251 66.586251 9212041.587348 1088.011020
88.761943 175.754886 0.355119 0.309199 42.297815 58.251604 58.251604 15014917.285378 800.308235
288.386053 297.145554 0.837393 0.449573 51.478511 61.639213 61.639213 12733917.625226 422.534648
403.613607 434.313966 1.551648 0.246390 45.151923 50.173944 50.173944 6445951.133303 938.996551
59.018979 363.223498 0.846176 0.137862 31.167745 35.293172 35.293172 6688720.636386 15633.402997
86.462328 165.211642 0.379510 0.451808 29.172950 51.399600 51.399600 18304963.010816 611.717406
163.180383 204.931085 0.444845 0.480181 84.391013 84.586718 84.586718 12275.591496 96461.500518
101.635635 505.394534 1.513727 0.134447 35.275112 40.650882 40.650882 11875288.215624 1954.930324
517.030366 283.079880 1.243687 0.327851 57.405298 57.930903 57.930903 109297.500526 18887.399601
104.084283 497.828765 1.493325 0.166156 25.496898 36.410891 36.410891 26289532.290849 3115.827923
432.766695 275.457722 1.025589 0.337359 44.645898 58.180598 58.180598 21050351.707922 113.264633
142.192068 305.644645 0.676704 0.263045 55.996037 62.289733 62.289733 7414792.555410 1601.231588
165.844253 445.437363 1.240298 0.207994 49.365869 52.749160 52.749160 4212932.811531 2730.931653
187.647777 508.683798 1.585424 0.178458 43.004812 47.578347 47.578347 7121853.028679 1453.569363
355.099506 202.693867 0.664504 0.286467 64.740809 70.574914 70.574914 4093996.051860 1083.800612
77.746766 133.963945 0.273344 0.268203 41.996743 59.985673 59.985673 14092130.293694 740.348734
144.159814 376.069889 0.929183 0.408568 63.426571 63.677186 63.677186 80871.340157 64377.918883
676.444923 121.620884 1.400585 0.296764 54.756025 55.236054 55.236054 96185.082040 19074.007042
323.228462 112.758495 0.491287 0.456145 77.287162 80.121366 80.121366 845311.317443 3340.207035
553.932385 217.757565 1.159851 0.183664 57.265350 58.944875 58.944875 711805.584242 4674.393423
270.401292 289.569795 0.774368 0.426574 62.605016 66.298628 66.298628 2515552.432448 2433.078200
528.127255 22.384407 0.819381 0.126567 69.039301 -1.000000 68.961480 2158.308174 -333255.542376
139.420480 224.819343 0.474558 0.434212 74.173850 76.361748 76.361748 1085519.729762 7163.724368
120.093337 339.567253 0.786323 0.210846 33.698484 50.188408 50.188408 28124995.909648 337.143471
352.497520 271.223032 0.845007 0.344462 54.984100 63.187667 63.187667 8850675.756140 643.699906
273.243536 80.789893 0.384715 0.433437 83.298495 86.435272 86.435272 781574.868319 3051.423041
577.377690 85.255028 1.014879 0.181752 59.565766 61.938635 61.938635 1139934.601760 3065.517406
238.786974 2.876310 0.305486 0.400351 88.296423 92.108641 92.108641 857201.005905 2362.940862
70.491301 214.160082 0.412747 0.226448 31.512557 46.118211 46.118211 14727199.066039 1626.104496
133.106696 19.417944 0.191231 0.293758 98.553388 101.514476 101.514476 521590.413393 5278.486743
83.207048 139.917788 0.353932 0.538810 45.365071 56.785764 56.785764 8601586.671221 1817.994194
85.779260 130.686462 0.217392 0.188661 95.792918 96.374489 96.374489 139369.025659 46032.088318
205.848470 443.180916 1.279222 0.304587 50.375924 53.268112 53.268112 3144403.346809 3097.918310
96.791491 232.106316 0.477748 0.322917 48.210231 56.990192 56.990192 10093876.624091 1721.823771
125.231906 314.068129 0.686695 0.238607 58.054259 62.155768 62.155768 4547860.041268 2916.673184
144.218299 491.425132 1.463035 0.243990 46.920025 48.890788 48.890788 2584411.654040 5423.549579
114.527174 106.859081 0.299219 0.543619 82.155411 85.697151 85.697151 1195027.840969 4667.052109
199.542595 357.390075 0.917536 0.313693 48.325660 57.059726 57.059726 12752085.102038 726.662150
152.702853 425.241324 1.152561 0.297561 50.156244 53.055945 53.055945 3748139.421212 3700.773798
99.898258 109.753363 0.218570 0.251619 93.802637 95.525793 95.525793 452515.044598 12415.390167
102.175121 238.024221 0.413256 0.122482 76.215918 78.643935 78.643935 1378569.637494 7081.613032
185.281092 174.190725 0.382323 0.285970 66.263141 79.358101 79.358101 10503120.318004 426.273462
67.384675 100.389995 0.252678 0.360356 60.813894 64.941342 64.941342 2585141.078300 10818.518346
453.510462 131.237745 0.774775 0.487410 65.543495 68.243436 68.243436 1193861.056983 2919.862578
134.053978 264.946685 0.596964 0.442713 52.404103 60.628938 60.628938 9756983.604311 1267.238004
355.425522 320.199995 0.964566 0.117826 54.890389 61.640279 61.640279 6351944.611820 543.076025
230.505730 431.731643 1.244799 0.294020 54.099252 55.767847 55.767847 1145586.314932 6145.770201
216.870317 438.907337 1.295219 0.318036 29.461071 47.711812 47.711812 41112823.733881 82.429793
126.428058 463.789581 1.284836 0.153940 53.043339 54.027289 54.027289 758234.288904 12851.679362
121.419570 223.927747 0.454450 0.446456 81.229768 81.529448 81.529448 62338.198040 70048.325907
233.912608 51.291982 0.320580 0.421333 77.741896 88.595660 88.595660 5064046.123874 340.124637
94.907193 38.897194 0.264771 0.552861 31.614489 70.223649 70.223649 21067461.202712 114.433648
635.018374 262.530967 1.545966 0.217539 47.700852 51.397013 51.397013 3482769.145220 1243.998267
123.001648 532.514650 1.699169 0.174123 16.889184 35.841133 35.841133 47968383.390537 124.981463
353.085460 90.592758 0.493535 0.299672 67.928259 77.852657 77.852657 7086083.434581 570.913751
132.749324 141.867442 0.297058 0.299769 72.253220 82.279458 82.279458 6473849.523240 1000.249540
475.661522 177.098342 0.865028 0.240138 63.749651 65.862225 65.862225 876410.400839 5124.186497
300.589117 124.287057 0.442039 0.317459 80.490900 83.024678 83.024678 686636.111341 4154.698137
170.894342 351.361202 0.819827 0.135140 61.768253 64.702916 64.702916 2040074.696843 3712.034639
284.341015 16.687954 0.296879 0.139714 95.466576 -1.000000 95.215886 8385.747829 -148291.397261
104.199226 294.197178 0.647783 0.306745 46.084528 53.081977 53.081977 9857667.454669 2163.576958
252.909200 375.608111 1.036348 0.278130 52.274086 57.757355 57.757355 6298477.443556 1239.687282
64.747807 5.213663 0.215714 0.404078 55.063948 64.472656 64.472656 4779897.078570 3483.714356
504.838602 96.712793 0.806364 0.140643 67.310952 68.492292 68.492292 271628.071179 7688.827206
138.351067 221.518277 0.504736 0.486417 44.596615 62.044666 62.044666 19903350.530186 306.298673
549.360047 309.269480 1.394073 0.083292 55.848722 -1.000000 55.782647 2144.555816 -327734.645450
340.124722 256.126743 0.752020 0.269661 71.340624 -1.000000 71.303053 711.560166 -648565.407590
125.597097 471.837368 1.313422 0.145547 56.960557 57.004023 57.004023 3614.768638 329412.327505
131.634760 471.621235 1.329597 0.243878 55.903652 55.996117 55.996117 21359.989226 157326.801243
73.173042 117.951264 0.293176 0.396605 30.846852 52.415696 52.415696 14246192.763309 893.627710
126.452462 224.600126 0.422080 0.296113 86.480071 86.514760 86.514760 969.774068 634290.637139
78.822631 159.059132 0.223408 0.079601 90.150333 92.604437 92.604437 942202.856441 8662.440277
116.096361 181.073121 0.342425 0.313415 84.942694 86.151901 86.151901 375547.180816 16344.967068
160.701896 202.380646 0.393689 0.244102 83.604537 85.129586 85.129586 399648.280748 10364.764026
326.160265 355.333362 1.069665 0.413507 61.282711 61.634591 61.634591 56358.578554 33907.354334
400.190671 118.754747 0.597402 0.244618 75.144801 76.245370 76.245370 206334.399269 10318.378209
106.197149 71.553338 0.275927 0.521878 45.739949 73.865502 73.865502 17525600.086763 244.610758
344.971527 260.788804 0.790296 0.383867 69.962465 -1.000000 69.905032 1630.903511 -426142.334269
168.003449 426.103064 1.159062 0.317364 55.027973 56.370752 56.370752 1031285.506943 8819.806523
184.040842 211.195692 0.420133 0.198462 83.833515 84.846810 84.846810 184620.233925 15281.474176
92.759496 60.929985 0.227480 0.427495 88.778436 91.166170 91.166170 659016.170735 8957.783181
123.855279 34.912769 0.186443 0.295222 105.962691 106.198968 106.198968 6866.137642 95629.653002
156.550236 191.562328 0.425740 0.473580 76.350372 79.633274 79.633274 1470524.303316 4225.821209
445.285177 278.364291 1.053935 0.345723 57.490577 60.242027 60.242027 1730756.585499 2646.686600
363.973311 116.855927 0.531882 0.288492 77.887300 79.155401 79.155401 240246.817075 9105.952165
344.569956 390.113348 1.223686 0.201204 54.074864 56.632837 56.632837 1770255.713869 3132.712670
98.347307 216.924262 0.380761 0.187444 77.125819 78.891630 78.891630 1018736.162241 11368.414560
130.586323 231.855849 0.452939 0.334184 82.469673 82.792294 82.792294 50173.759677 61088.896447
92.069344 3.442613 0.210955 0.425827 88.453875 91.890676 91.890676 952041.176996 5717.617236
131.839405 394.166857 0.956429 0.077570 48.872165 57.170417 57.170417 10981009.570348 811.225036
