253.709820 416.222358 1.209084 0.295432 52.004482 55.296704 55.296704 3230365.003697 2359.980925
413.172685 214.083344 0.827453 0.431037 61.812074 65.704079 65.704079 2478730.303360 1604.216677
134.845206 295.137342 0.617522 0.252443 70.987411 72.066072 72.066072 489689.901013 14975.085458
466.726902 155.498840 0.842038 0.443426 57.825581 64.537239 64.537239 5912248.367050 656.261292
628.910671 115.810326 1.214825 0.217015 59.210792 -1.000000 59.188392 351.262457 -921808.648549
315.948919 451.289211 1.441168 0.171776 55.002561 -1.000000 54.937147 3362.699655 -301143.670568
82.139303 67.301004 0.213371 0.314849 57.439034 72.762641 72.762641 9302365.851781 992.363690
330.742123 274.961671 0.813614 0.331086 57.277536 64.318772 64.318772 6867468.350770 791.720440
79.434720 258.156548 0.467459 0.106929 55.192163 61.822831 61.822831 7474149.043823 1941.893750
87.551007 422.459655 1.059379 0.083002 51.876364 53.737932 53.737932 2166972.631456 8388.036949
276.091818 288.988878 0.756183 0.264301 60.354449 66.181800 66.181800 5039514.678490 1235.131641
131.438174 77.245466 0.283784 0.547874 81.823762 87.994314 87.994314 2074087.269328 1924.488371
185.387158 266.027304 0.619101 0.475054 67.721766 70.701716 70.701716 1778681.818318 4064.715531
99.230562 288.906161 0.617657 0.232953 33.663321 49.387571 49.387571 22629693.390559 654.693407
129.974590 139.441614 0.227677 0.123938 100.892399 101.289477 101.289477 24324.773851 53154.873003
584.655041 12.989416 0.989558 0.141439 64.213121 -1.000000 64.149172 1796.520877 -371380.058578
128.457412 325.862045 0.789603 0.483001 50.378791 54.741659 54.741659 5926139.972875 3023.977886
466.795477 219.733816 0.917750 0.115031 51.355572 63.040799 63.040799 13694466.832614 59.134577
151.859743 223.044028 0.490166 0.473025 70.679247 74.314965 74.314965 2193609.360927 3673.575638
173.504330 224.541448 0.456200 0.245173 76.883926 79.723977 79.723977 1241516.725882 4579.915630
111.689947 269.582351 0.534044 0.262341 72.720856 73.541071 73.541071 434664.600719 23939.906466
256.432070 61.897811 0.373336 0.519341 72.195646 84.845753 84.845753 6891506.490061 128.723472
88.442748 65.965395 0.133844 0.108616 87.430075 97.337135 97.337135 4480025.726077 1424.201990
108.225582 283.317060 0.566003 0.165056 57.020905 63.374530 63.374530 7350455.820505 1939.010462
90.228811 321.924054 0.658685 0.085446 54.643921 60.471694 60.471694 6937656.599316 2186.104771
140.348943 226.856383 0.477435 0.434512 75.569360 77.287216 77.287216 741397.999029 9516.659667
158.541398 409.625951 1.112140 0.383000 45.821464 50.939158 50.939158 8284683.945164 1781.181009
130.185169 317.917014 0.748576 0.449254 55.609087 58.808416 58.808416 3699276.941742 4579.806581
107.395173 314.448587 0.748440 0.421164 39.665428 47.422298 47.422298 11974469.826282 1822.563511
607.932185 91.026767 1.135315 0.280696 53.190268 58.066505 58.066505 4411891.586292 967.982543
455.105089 80.461075 0.671095 0.175869 69.350689 72.256140 72.256140 1170165.701822 1987.750635
186.349083 178.464306 0.383942 0.315625 86.200346 87.190027 87.190027 155907.313084 16225.498733
363.881260 0.480302 0.472230 0.328119 78.297162 81.311676 81.311676 921189.957404 2968.182533
84.882323 111.594593 0.264647 0.392877 76.903185 79.482897 79.482897 1273600.974043 9830.412962
169.313019 243.654261 0.452871 0.071185 84.991403 -1.000000 84.977652 72.552579 -2025168.676915
73.786800 243.308727 0.401535 0.055836 58.034872 68.496453 68.496452 9884792.021974 1136.279948
418.405188 207.544286 0.828248 0.444124 60.000716 65.178029 65.178029 3936032.124420 1205.307934
110.323667 448.782912 1.281248 0.290496 25.232148 36.545902 36.545902 25130873.309940 867.720831
513.921434 84.764380 0.847740 0.275557 57.743506 64.685326 64.685326 6218263.082933 673.190962
84.541557 105.488893 0.239329 0.290311 59.753062 71.790738 71.790738 8214774.445076 1044.631063
104.934174 520.317844 1.602619 0.139167 32.147863 38.908320 38.908320 16027293.012525 1354.578184
204.093178 494.341520 1.515782 0.204477 50.526758 51.739458 51.739458 787449.314350 8038.562643
118.773466 401.243717 1.049866 0.398943 50.765862 51.823499 51.823499 1444922.858321 18922.201557
104.296626 270.154683 0.531360 0.220132 67.150240 69.071286 69.071286 1567900.748158 9359.247493
101.353698 104.570510 0.257775 0.422787 92.110244 93.111249 93.111249 197838.757171 22271.873028
139.176620 253.587028 0.559295 0.416414 56.638348 64.303401 64.303401 8218503.662008 1333.432120
159.275694 382.069795 0.973158 0.442475 61.172757 61.749754 61.749754 263994.709621 25043.670311
137.248163 217.224598 0.472383 0.403447 51.078207 65.388640 65.388640 15499321.857611 496.872589
240.515584 90.303107 0.290030 0.186411 96.427295 -1.000000 96.354266 981.931130 -475106.584014
563.035756 41.752111 0.974524 0.426111 60.780315 62.841090 62.841090 919565.473655 4904.586321
617.939582 130.059577 1.223773 0.361441 52.844905 56.535020 56.535020 3013750.582278 1436.880958
140.293208 491.239135 1.483523 0.240144 33.239193 41.900165 41.900165 20180840.248242 710.513141
91.892615 166.067315 0.337101 0.312917 47.044507 61.962358 61.962358 13533951.546852 682.835375
123.917681 343.500462 0.820332 0.305793 44.095244 51.821275 51.821275 12432018.173824 1266.691820
134.542727 347.350185 0.810019 0.393661 67.211270 67.367733 67.367733 40498.502705 113929.155494
146.508636 382.383894 0.951195 0.347420 61.739260 62.262784 62.262784 239726.480505 28592.240905
140.079837 434.680219 1.192389 0.255646 43.272666 48.641469 48.641469 9551700.020663 1708.705724
168.658322 53.139643 0.232621 0.312529 92.015082 96.839542 96.839542 1226227.791376 2248.429227
140.856134 375.141190 0.902120 0.301444 66.026425 66.085428 66.085428 5549.579897 281258.617687
180.411902 340.226858 0.837339 0.443124 62.943855 64.428300 64.428300 851614.864117 8721.568847
152.681134 286.561822 0.631321 0.469830 75.500890 75.562420 75.562420 3377.933359 301511.841852
455.242100 108.315744 0.714976 0.235381 59.348859 68.602421 68.602421 8583665.127775 353.736440
148.526089 25.622722 0.250211 0.494592 98.250017 98.862621 98.862621 30871.485477 28980.655913
111.487867 297.968425 0.580815 0.090552 68.434963 71.387743 71.387743 1929002.610000 4653.712743
118.179483 440.002495 1.238620 0.293680 27.535587 39.024928 39.024928 25340313.093120 373.163287
80.265351 516.182710 1.540997 0.056677 29.632671 39.353390 39.353390 20427897.442080 1028.746334
77.891017 425.438196 1.073548 0.084774 49.716493 50.944097 50.944097 1636586.275144 18665.051711
263.872366 8.932648 0.360670 0.533189 90.214856 -1.000000 89.889891 12641.842729 -110772.344497
116.432961 372.133797 0.906888 0.286981 52.972523 55.060548 55.060548 2708085.244995 7491.608500
93.023426 331.249670 0.787770 0.317359 29.485368 40.697782 40.697782 17924493.478236 1426.345073
186.267801 30.645054 0.233595 0.303464 96.432488 98.911477 98.911477 377317.243658 5185.820916
342.145246 271.870299 0.821193 0.292510 51.963603 63.276526 63.276526 14108184.332825 376.520959
124.633076 194.166440 0.455517 0.541939 39.474008 60.912455 60.912455 21967591.475982 167.841414
130.482952 425.151987 1.097972 0.157594 58.134135 58.830444 58.830444 357656.828836 19322.216641
226.755194 136.892876 0.315611 0.117849 79.041230 89.072756 89.072756 5449204.932624 519.801442
330.600964 6.445250 0.439844 0.461232 82.620324 84.128222 84.128222 238972.071925 7554.223712
211.466039 358.483282 0.878145 0.124925 67.200217 -1.000000 67.143121 1928.473450 -408915.654338
155.701905 491.842266 1.475179 0.182604 38.672050 45.794193 45.794193 14265689.804081 832.354398
62.551216 234.947469 0.486430 0.286219 25.736720 37.010857 37.010857 11114059.160961 5012.904270
100.597166 445.426920 1.229225 0.255173 42.991451 44.551867 44.551867 2900859.141157 15127.439914
131.776198 236.941684 0.489527 0.456649 80.472503 80.721050 80.721050 38221.138442 79866.370365
219.466284 128.883926 0.357163 0.393636 90.267237 90.577190 90.577190 14752.251887 55219.452154
272.634210 190.708051 0.528409 0.437280 77.640873 78.917205 78.917205 260765.395443 11912.604362
667.463910 147.781551 1.409775 0.237042 46.160097 52.793436 52.793436 8415902.731926 515.676548
158.744170 336.093934 0.796149 0.322879 58.473877 61.978315 61.978315 3454012.727721 3272.490392
104.131275 473.344519 1.324213 0.112143 46.448825 48.923592 48.923592 3558463.879300 4888.349435
523.253785 224.653273 1.062445 0.012037 62.177187 -1.000000 61.000220 28179.824819 -54517.008631
108.655183 62.851471 0.186706 0.273409 102.925216 103.758486 103.758486 83660.413424 26303.604852
102.813562 471.667323 1.374313 0.207714 17.642957 34.082372 34.082372 35632622.549339 597.335413
423.374357 73.765939 0.638886 0.445090 71.345516 73.621385 73.621385 735777.751945 3953.271445
122.596305 343.134461 0.804304 0.245789 42.967602 52.278321 52.278321 15172916.337635 1008.035847
101.263211 218.708224 0.501648 0.487626 17.418350 47.864644 47.864644 29196861.088774 362.090851
182.625160 326.509399 0.750999 0.256331 70.530952 70.727422 70.727422 20543.600045 79920.693006
135.453156 258.966914 0.605298 0.506483 39.514116 55.883646 55.883646 21561498.850123 367.966375
151.916175 330.298832 0.725684 0.176040 70.746853 71.082537 71.082537 56772.848020 46872.218869
78.230320 174.390177 0.362387 0.338067 38.752433 52.373248 52.373248 12252763.280408 1634.371159
201.292687 459.893815 1.332396 0.179785 52.464288 54.192627 54.192627 1244729.155520 23024.147652
123.066013 291.392656 0.657625 0.370332 47.931648 56.093388 56.093388 11141695.249901 1315.478943
95.921579 449.427794 1.204866 0.117045 46.264102 48.789491 48.789491 3905158.783536 5524.166266
463.517482 275.259782 1.074742 0.222218 54.366033 59.194424 59.194424 4269077.020986 1032.300627
597.009009 56.025936 1.081300 0.398160 59.155815 60.629636 60.629636 565331.663757 7798.146667
324.616765 36.600536 0.396334 0.278941 88.324580 -1.000000 88.238146 1574.878376 -373863.038155
430.933137 172.798138 0.735220 0.154676 67.088898 69.885786 69.885786 1184758.456263 2758.385386
394.388373 226.007757 0.803052 0.408627 68.352686 68.868204 68.868204 74468.817206 23489.269587
162.848092 145.862673 0.360149 0.519121 85.970438 87.547273 87.547273 300881.868219 9761.799148
231.206920 218.879098 0.543957 0.482701 75.942918 77.444191 77.444191 393777.058552 8631.809567
131.167947 512.942389 1.585953 0.231699 38.872257 42.945421 42.945421 8409306.727060 2344.452755
108.448918 518.760486 1.574566 0.088970 34.806620 42.554854 42.554854 16387946.537929 863.624145
63.973495 156.879670 0.365875 0.436348 17.612780 39.078534 39.078534 13227904.035636 2624.398748
147.083249 434.856774 1.197627 0.279918 45.882120 50.122009 50.122009 6822776.236895 2268.290386
107.834263 425.457044 1.111036 0.133452 36.214963 45.748343 45.748343 18694453.984468 779.256486
478.068809 154.611039 0.835769 0.232255 56.908452 64.825840 64.825840 7615341.084850 587.621026
301.265320 169.765143 0.495443 0.263158 82.228726 -1.000000 82.101235 4323.917201 -235483.254963
65.677008 328.696302 0.667200 0.049108 34.434774 50.403199 50.403199 21046735.769623 593.442443
114.644139 221.653417 0.396755 0.174729 74.681764 78.254447 78.254447 2278713.526318 4324.992706
61.904591 228.771940 0.347470 0.045093 83.746235 84.485959 84.485959 248675.277213 35073.693085
169.329902 227.878383 0.455987 0.240877 80.035534 81.481380 81.481380 409896.420372 10478.823117
128.582562 486.745001 1.419903 0.154265 42.945935 47.053126 47.053126 7020888.382290 2246.640126
511.830718 196.423855 1.007460 0.264462 55.465374 60.712097 60.712097 4605000.313745 998.510020
103.911541 456.086095 1.288902 0.270122 40.731461 42.944335 42.944335 4396817.813359 9009.668432
437.984220 41.756875 0.667159 0.502083 63.554983 70.705027 70.705027 5078357.900349 544.803932
205.444780 310.110847 0.752660 0.474984 70.378531 70.596660 70.596660 23654.818477 71132.980349
434.385602 148.613363 0.730719 0.348110 69.944391 70.939697 70.939697 207778.050583 10973.288868
192.939007 442.931133 1.255804 0.268728 52.507191 54.527409 54.527409 1774726.459733 5084.267976
59.456961 169.537056 0.407496 0.510445 20.363772 35.074041 35.074041 9472235.190293 5958.334844
247.957433 267.528472 0.689737 0.430755 58.173378 66.485650 66.485650 8290004.616133 776.696481
123.386646 329.682182 0.711722 0.224869 70.989553 71.169107 71.169107 35508.399154 100197.033006
46.169210 355.419543 0.772908 0.055303 29.236996 36.412977 36.412977 9570485.260579 7152.388317
85.066201 322.931611 0.728079 0.225062 31.670579 42.352988 42.352988 16596898.222034 1728.170748
103.965032 279.998794 0.583960 0.302098 62.611271 64.247711 64.247711 1566894.417308 12471.183114
343.703599 51.201910 0.431413 0.250152 82.982812 84.569720 84.569720 290089.914453 7130.263379
78.998461 238.073800 0.414303 0.116017 62.131244 66.643811 66.643811 4430096.214770 4186.430672
122.416203 29.920546 0.178414 0.247614 89.079385 97.482055 97.482055 3042405.792674 1361.727257
162.973490 350.796347 0.813666 0.199770 67.628776 68.009999 68.009999 76035.507714 38842.587233
148.765416 277.358525 0.640158 0.444571 50.827717 60.350328 60.350328 11929897.129872 857.684257
658.116802 9.490972 1.253389 0.214540 51.169114 55.971643 55.971643 4488946.379486 882.458790
514.408372 58.880764 0.849991 0.401822 56.374856 64.269894 64.269894 7612851.680773 347.889588
79.033782 378.635611 0.931974 0.218297 37.451655 40.629333 40.629333 5758227.384439 12070.438078
454.928135 128.719192 0.765338 0.459736 69.269432 69.987238 69.987238 118725.035468 15725.375952
152.248203 408.660496 1.096421 0.293343 38.690077 48.452395 48.452395 18836920.363679 608.553291
128.390692 307.920584 0.701980 0.287276 30.145729 51.741760 51.741760 34010279.553700 174.789065
93.167410 165.346179 0.306638 0.230856 57.411794 69.036386 69.036386 10191428.342886 1035.036022
508.535706 12.299321 0.764766 0.113712 64.211106 68.740949 68.740949 2503749.079900 892.772249
128.694115 402.791449 1.038416 0.299713 52.256773 54.220465 54.220465 2446730.327460 7187.795544
113.960896 113.132915 0.265295 0.364899 80.996256 86.310477 86.310477 2357541.111356 2871.262069
58.120835 46.862702 0.185857 0.251968 33.977024 55.513111 55.513110 11257968.143780 1308.473649
87.344766 518.328262 1.625981 0.195389 12.235795 27.480276 27.480276 32056821.377319 1435.003771
479.916267 67.910082 0.739471 0.276777 67.533741 69.840184 69.840184 881139.383822 4951.933009
97.743866 445.132990 1.246562 0.275586 35.209362 39.121505 39.121505 8401385.130875 5117.636956
73.906380 263.023074 0.524966 0.181611 22.648976 42.517039 42.517039 22513226.777401 701.142380
101.486570 232.036132 0.518170 0.451687 37.450181 51.439977 51.439977 16247593.203076 813.187370
216.701283 406.637229 1.094963 0.190503 60.004768 60.564845 60.564845 146596.552221 21324.373139
147.355325 243.220912 0.487915 0.293925 77.742330 78.949050 78.949050 395896.014474 13743.142561
135.326177 344.800296 0.768891 0.175612 67.427591 68.100719 68.100719 239225.667769 22588.635101
127.593673 367.340765 0.880068 0.379999 64.711225 64.790627 64.790627 25874.045248 256414.905592
163.412340 367.357498 0.933329 0.397743 53.544629 57.264964 57.264964 4411369.684723 2855.140404
164.654775 252.379247 0.519643 0.305686 80.450992 80.603491 80.603491 10111.565957 120417.632365
135.762749 336.199379 0.814737 0.373065 43.566716 52.474457 52.474457 14189963.972010 980.442025
379.372619 157.813865 0.650488 0.481342 73.510982 74.228900 74.228900 103605.822277 16858.482616
129.996939 131.546364 0.246450 0.225352 98.480941 98.933711 98.933711 35294.652106 46477.785784
100.606211 354.437714 0.879551 0.409219 44.262227 46.751841 46.751841 4060627.010629 10659.220096
216.715977 302.539264 0.751499 0.491444 67.077671 68.453227 68.453227 544758.108834 9139.562872
306.784781 260.152695 0.731407 0.429535 71.606703 71.771051 71.771051 9876.777253 89169.499640
91.234559 182.437712 0.281057 0.113964 86.978263 88.836789 88.836789 730810.147438 11043.230840
135.960975 420.784840 1.101018 0.301806 58.630654 58.952023 58.952023 147744.583970 47205.621970
94.698958 244.931977 0.506854 0.355768 59.152727 61.493759 61.493759 2395505.014943 10799.370271
127.644814 365.803486 0.865737 0.319344 64.903683 65.092369 65.092369 65430.503237 94258.451573
85.018030 306.992158 0.713042 0.356923 32.958959 40.808130 40.808130 11575242.895033 3454.523468
430.086928 258.610147 0.940354 0.245373 65.369812 -1.000000 65.263134 5245.154460 -225647.185831
79.476583 18.084041 0.237365 0.494199 64.608136 73.900710 73.900710 4381246.657782 1973.050933
657.005486 25.214686 1.246160 0.216574 57.121806 57.843353 57.843353 171359.134909 11812.806177
89.310878 258.313352 0.578704 0.417386 36.511433 45.931130 45.931130 11851369.339514 2328.760715
635.457013 84.434055 1.213123 0.220147 51.658743 56.648783 56.648783 4692416.952142 854.056624
213.067947 452.040668 1.305939 0.254946 56.992668 57.106868 57.106868 11470.862669 112991.732638
489.479714 209.989774 0.978693 0.311644 60.844741 62.753018 62.753018 837320.781031 5270.404900
197.959318 172.371442 0.410523 0.430308 82.889341 84.574381 84.574381 374954.754416 8325.352685
220.095103 228.663768 0.533603 0.351773 73.071916 76.187657 76.187657 1430613.841739 3629.623429
298.414289 200.914506 0.576086 0.349003 69.159385 74.176964 74.176964 2913061.424135 1597.802753
93.389117 221.036635 0.373837 0.150947 81.319645 82.246524 82.246524 403069.890938 23722.871687
281.481266 17.988401 0.316121 0.225906 91.420986 92.813945 92.813945 177818.457018 9226.056901
98.692895 268.011550 0.598736 0.462534 53.621762 56.049214 56.049214 2816991.946425 11100.698627
358.561837 277.613436 0.858131 0.316891 65.379542 66.470156 66.470156 309453.889376 9833.593757
447.569345 160.943839 0.793974 0.441435 68.222040 68.973170 68.973170 135543.427839 14864.218378
104.245618 130.654428 0.296661 0.392425 68.325509 76.376955 76.376955 5155749.881152 1716.340620
484.731895 49.172484 0.762730 0.381702 60.178276 67.224712 67.224712 5800280.660666 619.275732
446.347406 341.747411 1.248902 0.213588 55.112440 56.881085 56.881085 899603.586626 4376.869103
180.189790 454.237570 1.328400 0.322594 40.689904 47.782631 47.782631 13494995.889630 924.758870
605.559745 188.874781 1.265860 0.244352 55.091601 56.775560 56.775560 792986.077898 4509.796319
102.652292 333.893076 0.754553 0.221233 47.024242 52.575790 52.575790 8411030.639255 2331.789600
134.910422 514.515370 1.557238 0.234866 53.107852 53.127919 53.127919 1502.047515 684225.486013
433.232279 255.583172 0.962793 0.425790 64.260908 64.530957 64.530957 27795.274786 45065.111166
479.696050 23.366791 0.704104 0.227388 73.099527 -1.000000 73.059140 655.082009 -641034.861147
145.986242 465.019981 1.324710 0.280592 51.857439 52.882806 52.882806 901706.938322 12111.764625
128.766895 289.085336 0.692352 0.501037 35.626229 50.785186 50.785186 22126412.538016 467.985306
109.532083 285.545830 0.594479 0.197186 39.453227 55.139339 55.139339 22515992.641174 445.431720
134.433243 57.027475 0.268240 0.550451 92.921390 94.738706 94.738706 240115.592674 8739.569524
132.669415 438.487137 1.164158 0.212932 58.844297 59.006518 59.006518 39368.584345 90745.389296
451.060573 274.175752 1.067291 0.359849 46.342766 57.519794 57.519794 16373067.735336 304.957004
212.022360 350.298817 0.902405 0.434760 61.718144 63.284896 63.284896 850779.495864 7474.422610
138.837744 491.847966 1.454367 0.159424 42.432673 47.007096 47.007096 7903968.200129 1829.048445
114.934229 409.224808 1.030003 0.244819 59.749568 59.849184 59.849184 51126.446887 223444.654947
144.644614 308.666111 0.740503 0.444212 43.635608 54.633823 54.633823 16400101.657536 662.752230
75.096975 71.731012 0.210191 0.321786 76.245091 79.863992 79.863992 1762389.522681 7342.541131
69.686275 308.556383 0.654780 0.175756 42.058988 45.402856 45.402856 4880352.150069 13126.602530
249.618757 345.794156 0.888754 0.189872 65.403963 65.976765 65.976765 114972.747679 21636.458866
133.916865 343.516927 0.794226 0.296344 62.204486 63.596419 63.596419 1045842.561734 10728.705317
390.612879 62.415878 0.574653 0.469436 64.190901 74.054463 74.054463 7454547.727935 360.492629
200.694368 414.053409 1.130315 0.307732 57.107910 58.282008 58.282008 654306.140186 9625.256104
103.833391 101.307230 0.265502 0.470151 93.232496 93.968325 93.968325 109567.345627 30326.778232
159.368129 326.589164 0.726925 0.244072 72.041406 72.084482 72.084482 1594.848259 408090.574715
174.578319 499.876319 1.527325 0.155347 37.238134 46.164080 46.164080 18217351.226522 513.668608
82.787652 445.305982 1.225783 0.188757 30.842597 36.014772 36.014772 11045601.456309 4771.988534
281.129002 186.330366 0.539090 0.410551 61.602282 73.614119 73.614119 10648402.918820 325.329253
315.185340 369.559798 1.085009 0.252967 61.846842 -1.000000 61.789438 2274.423317 -377293.872802
287.342349 381.155944 1.091624 0.280466 60.902732 61.203155 61.203155 44499.054738 40517.392515
180.549770 363.882545 0.930960 0.374523 52.557155 57.521325 57.521325 6150653.916332 1823.437707
460.671317 279.045151 1.109311 0.379244 41.229668 56.291363 56.291363 25814181.216160 51.706605
143.820283 363.218538 0.892281 0.298383 50.447586 55.653190 55.653190 7311017.575099 1982.010153
280.818240 65.762213 0.378564 0.387726 73.520304 84.545795 84.545795 6264652.929342 333.208548
314.040260 303.110989 0.874764 0.465259 66.395477 66.740161 66.740161 44706.987152 37569.029967
316.941750 123.940102 0.513136 0.532999 70.126168 77.202730 77.202730 3930712.079339 17141.336612
85.694856 96.016229 0.178224 0.198856 105.071915 105.255439 105.255439 15220.674312 151181.050836
118.249446 157.561880 0.287377 0.238317 86.380802 88.969059 88.969059 952480.702142 6805.280023
242.728292 352.993926 0.938051 0.313245 56.363963 60.618661 60.618661 4002273.066907 1895.097210
189.368624 340.351986 0.859472 0.403184 51.407639 58.437781 58.437781 9207609.328694 1101.882818
130.080149 384.617577 0.937179 0.221663 58.971355 60.225343 60.225343 979199.219746 11267.435143
95.632296 418.911650 1.139189 0.276513 20.227037 33.929174 33.929174 26327236.315424 1194.767490
113.707938 482.044221 1.421236 0.223482 33.515903 40.012471 40.012471 14930845.504518 1538.688338
72.401807 188.230820 0.377605 0.318664 50.175776 54.737854 54.737854 4317283.118409 8780.456566
72.782733 464.959546 1.337494 0.191179 12.628850 26.115585 26.115585 23499851.358747 2677.278855
352.480888 253.254433 0.728723 0.018406 71.743277 -1.000000 70.950169 30115.522038 -58483.087188
667.942015 164.634928 1.438405 0.291371 52.864682 54.063169 54.063169 492408.496387 6547.292762
122.558215 125.471736 0.295066 0.385242 67.299461 79.306303 79.306303 7879766.769008 805.875298
128.623749 426.699619 1.118486 0.158573 49.689658 53.147936 53.147936 4622978.061020 3018.840862
136.838118 276.048439 0.588200 0.317854 64.026159 67.730339 67.730339 3211634.215580 3609.565828
204.601968 485.042066 1.488745 0.260311 43.782265 48.535484 48.535484 7483256.919757 1397.069896
90.855624 492.563108 1.447784 0.172125 39.783634 41.283801 41.283801 3052341.433219 17107.151709
236.435647 482.440740 1.493667 0.136052 35.779212 48.638003 48.638003 26190297.345442 95.406193
92.523483 447.682205 1.271807 0.266978 21.175819 32.196243 32.196243 22926475.365607 1731.946223
115.739190 253.910665 0.556113 0.513498 66.420158 67.757579 67.757579 984211.524906 15197.237367
139.880469 219.973591 0.422199 0.301691 86.282353 86.358123 86.358123 2930.180299 273239.241435
120.010807 472.141606 1.342426 0.287304 52.630717 52.728508 52.728508 75182.252197 279194.723205
172.549743 52.457907 0.179213 0.133712 107.207020 -1.000000 106.947204 7129.155084 -155933.889582
430.878789 288.412102 1.015239 0.120199 62.053069 62.841664 62.841664 162279.995072 11917.096103
248.502052 147.300906 0.365926 0.159426 84.651991 87.641763 87.641763 838467.681353 3609.648184
175.661672 106.637569 0.327227 0.507787 79.857515 86.722234 86.722234 2672473.448578 1298.399160
311.914629 11.146380 0.377020 0.305296 89.270096 -1.000000 89.029948 9259.680997 -143592.552621
127.095341 311.976005 0.649229 0.139238 65.115123 68.116205 68.116205 2287307.296322 4332.107477
113.028140 538.503727 1.670183 0.117393 51.447991 51.480232 51.480232 3013.159448 406451.450291
89.473168 244.991999 0.485457 0.261922 55.898967 59.888345 59.888345 4433227.196537 5165.117560
104.303146 453.637686 1.239515 0.194183 50.070235 50.709774 50.709774 806897.437971 31764.456011
244.481031 403.012984 1.131361 0.364531 60.326930 60.486036 60.486036 17424.146893 82367.186776
117.936038 574.908572 1.888889 0.037809 48.739506 -1.000000 48.603097 12674.540637 -139310.881790
164.172931 8.042288 0.246268 0.444241 98.395379 99.174482 99.174482 45935.906422 21299.254639
487.379672 226.980212 0.996968 0.160378 51.323122 60.604371 60.604371 10805938.607433 224.719750
117.792720 12.329200 0.162464 0.223055 97.490808 102.192406 102.192406 1181854.856699 3242.220547
210.438046 152.178435 0.363560 0.327378 90.738013 90.763858 90.763858 197.664872 813132.318497
147.075192 266.155580 0.534786 0.268874 79.982120 80.057655 80.057655 3581.747730 255396.979725
141.458908 200.612653 0.438489 0.513648 77.875346 79.692783 79.692783 672357.632979 9008.403332
154.354817 466.553422 1.337941 0.213146 47.366766 50.502588 50.502588 4276690.966104 3056.991066
157.565082 454.299468 1.295682 0.336429 49.713585 51.699867 51.699867 2354220.339062 5627.970200
286.855221 337.018961 0.935187 0.234179 40.640689 58.657556 58.657556 30700193.881899 43.912693
183.520098 323.743748 0.770606 0.337171 62.253717 65.124246 65.124246 2152698.440888 3965.756228
290.681891 463.092970 1.468215 0.177125 48.921737 51.927479 51.927479 2785403.508113 2181.391506
181.721780 405.857988 1.092776 0.405721 56.513667 57.896213 57.896213 987165.336431 8578.202563
78.946691 365.145347 0.869540 0.205225 41.469334 43.811014 43.811014 4009622.853357 17400.192515
87.735474 54.635866 0.212619 0.362325 77.329107 83.827921 83.827921 2918332.224876 2797.755553
98.977218 370.343088 0.842898 0.101472 57.290514 59.692394 59.692394 2422768.566202 5935.525937
188.075475 66.253017 0.191484 0.105104 106.400938 106.445097 106.445097 278.599878 507250.137951
173.595846 395.771168 1.012918 0.231110 59.897032 60.955004 60.955004 529606.465815 11551.968797
451.889611 207.022442 0.897985 0.416555 59.291447 63.567430 63.567430 3076716.651955 1485.209236
337.455143 256.476498 0.724320 0.113464 72.298760 -1.000000 72.239621 1313.169209 -446207.658415
99.647976 441.914644 1.208515 0.181281 30.008674 39.398061 39.398061 20154236.762971 1153.493010
158.218575 334.918155 0.782370 0.366348 66.795870 67.472458 67.472458 250652.410953 22254.944313
71.445062 202.491576 0.295218 0.051926 79.893903 83.837322 83.837322 2055318.402105 4658.193876
98.789277 473.541658 1.377776 0.185339 11.701458 32.938992 32.938992 41773281.851543 520.042538
310.216535 82.762273 0.454220 0.536276 84.187723 -1.000000 83.897637 13989.578558 -114007.230676
104.179960 132.363100 0.304782 0.487387 87.792141 88.635106 88.635106 194947.183230 26623.441813
151.994425 440.867261 1.227763 0.348126 51.131238 52.874318 52.874318 1954832.047537 6844.628027
177.373262 429.943936 1.163181 0.230942 58.828716 59.158546 59.158546 79058.368912 39195.723591
125.532332 246.515017 0.511851 0.391452 70.992908 72.838977 72.838977 1125315.625515 9255.012286
111.861016 291.029514 0.592550 0.261278 72.408559 72.771716 72.771716 154892.394885 56891.818566
80.642640 15.243009 0.121160 0.150851 106.001818 107.588983 107.588983 295934.198871 15564.790742
365.066235 305.540173 0.964178 0.337386 59.983151 62.398463 62.398463 1358197.558232 3047.671104
324.151688 247.899585 0.722718 0.361286 68.852054 70.407222 70.407222 500789.316909 6908.974335
120.118516 478.494933 1.375987 0.175595 44.300331 47.285001 47.285001 4935505.947603 3695.207017
519.549529 236.539609 1.114246 0.250447 58.605726 59.971131 59.971131 511110.585912 6287.515727
634.254497 143.603909 1.272881 0.173084 54.192947 56.513343 56.513343 1294746.019764 2672.199541
141.036549 397.031535 0.989679 0.194221 58.770065 60.067412 60.067412 889235.111077 9990.363039
99.604983 120.017022 0.237192 0.292934 96.790207 97.307614 97.307614 75305.646923 46210.492748
105.135026 362.239628 0.820062 0.158161 62.670787 63.360119 63.360119 467650.882074 25281.245937
111.919144 89.180186 0.205297 0.248023 91.632167 95.596260 95.596260 1261835.116040 4257.699868
112.490381 414.803040 1.032487 0.127626 60.758778 61.081272 61.081272 113054.326390 47431.113990
336.839320 320.976732 0.963457 0.285117 53.294460 60.186926 60.186926 7651379.533659 869.963237
160.290257 335.668039 0.819157 0.356135 45.752686 55.699252 55.699252 15284844.902204 612.503303
58.033375 6.992528 0.235020 0.464421 44.878358 55.083259 55.083259 4940117.508314 5539.312970
231.372054 247.758363 0.569955 0.277519 78.422449 -1.000000 78.312808 4610.891124 -251910.896436
225.249655 296.051023 0.737692 0.415262 62.424731 66.417461 66.417461 3013145.794437 22730.607435
206.712525 392.768649 1.048063 0.354176 59.967866 60.775985 60.775985 322823.421166 14997.078712
80.867932 171.330824 0.369654 0.379074 35.026811 51.507533 51.507532 14390969.530431 1033.239027
172.538835 85.871983 0.306164 0.539252 93.013158 93.739888 93.739888 50774.637193 22445.182875
147.086412 210.654925 0.484242 0.523888 57.874567 68.116696 68.116696 9511960.501928 849.635949
81.816489 393.845970 1.014196 0.237464 22.939229 33.607943 33.607943 19020349.590452 2235.335442
146.468019 423.128489 1.120444 0.319548 58.518030 58.884469 58.884469 153158.084384 39213.667199
92.847488 29.012288 0.211542 0.383548 71.275650 82.595455 82.595455 5433999.401287 1163.685785
102.199804 245.472336 0.446409 0.118219 47.278967 64.346485 64.346485 20435454.375701 353.598396
149.682853 290.959196 0.644657 0.479205 74.483285 74.593525 74.593525 10431.501347 165171.385035
147.337004 200.317087 0.444032 0.517281 76.343084 78.758594 78.758594 1012396.918565 6275.394082
147.583821 359.055381 0.927346 0.453862 37.704643 48.973581 48.973581 20045563.801854 545.773036
155.893420 365.845847 0.868569 0.110945 44.437463 57.931925 57.931925 20894915.825673 343.113784
126.893295 241.266508 0.507472 0.477209 76.291508 76.916361 76.916361 212641.468020 30882.807844
269.400271 142.006723 0.440887 0.388661 74.149556 80.760607 80.760607 3413212.398583 1125.611526
580.054015 41.484800 1.024867 0.379377 55.566639 60.419112 60.419112 4071754.177554 1090.194345
80.039984 569.806378 1.880614 0.089963 23.615628 31.870348 31.870348 20959504.354551 1714.469321
191.679459 336.890866 0.853780 0.414835 49.476162 57.886218 57.886218 11697492.621017 837.001320
106.558036 431.895350 1.109998 0.153826 59.693683 59.761666 59.761666 19207.684542 262846.320008
112.736423 408.146259 1.103868 0.347029 29.744397 39.666934 39.666934 20255221.564867 1830.162526
177.170859 488.711938 1.462238 0.194685 48.974653 51.035973 51.035973 2035828.651044 4600.308203
244.595634 487.847589 1.519270 0.183170 2.224832 -1.000000 53.978026 107327585.026906 -140.221924
109.606805 320.449518 0.693226 0.253560 64.625932 65.398713 65.398713 588782.337075 24764.722629
103.919528 334.240112 0.786221 0.345537 48.324269 51.451202 51.451202 4624555.494324 5970.846503
114.807052 279.150125 0.632309 0.455797 52.806296 57.439530 57.439530 5593736.221482 3221.996881
85.964496 277.050788 0.534275 0.138603 55.147973 60.230647 60.230647 6059136.258606 3225.843678
307.114686 467.880807 1.501538 0.081773 53.895638 -1.000000 53.724136 14884.221414 -125146.476148
258.248840 117.829933 0.324113 0.117007 93.538003 -1.000000 93.432285 1985.348146 -327331.286303
95.257440 302.628023 0.727082 0.422136 4.915379 36.638426 36.638426 31877629.111294 679.556892
107.407469 537.625458 1.697181 0.120692 31.323905 38.856086 38.856086 18117419.764966 1004.027158
221.275549 80.387167 0.239610 0.103411 90.479684 97.307755 97.307755 2259824.282737 973.145835
352.810177 93.345703 0.486180 0.258358 70.393845 78.644977 78.644977 5272310.208541 553.899293
272.784534 4.206317 0.369659 0.504460 81.177579 86.787791 86.787791 1804412.756800 1126.933844
217.868804 133.398520 0.342838 0.260383 63.489701 83.895825 83.895825 16998235.596412 70.062200
66.788692 298.082910 0.627325 0.181658 35.401271 41.473921 41.473921 8471235.064950 6457.434933
107.813540 175.202469 0.390253 0.448592 49.194529 63.324764 63.324764 12977205.916927 649.635861
171.353399 392.926373 1.025406 0.365871 56.997898 58.675996 58.675996 1329560.885161 7171.656155
588.131331 243.980411 1.329656 0.189987 55.895159 56.436714 56.436714 109035.228585 16823.981069
139.644820 184.522081 0.316367 0.121882 80.064396 86.310352 86.310352 3339176.417538 1827.309504
180.918660 310.314479 0.736907 0.336144 52.980461 61.506078 61.506078 10723073.942491 865.047853
370.658493 63.747249 0.526355 0.413624 68.059798 76.575027 76.575027 5563900.303726 533.746503
251.894351 105.228867 0.366224 0.368670 84.105597 87.370512 87.370512 870888.129415 3138.971231
144.733091 66.261128 0.263407 0.451381 77.802157 88.893894 88.893894 4851183.062610 648.651708
162.076298 369.051314 0.894718 0.228393 61.844605 63.210337 63.210337 778873.927227 9336.760015
166.618384 381.644746 0.955183 0.313177 63.076402 63.487127 63.487127 116846.787000 34776.862629
479.389541 216.004468 0.958252 0.301205 65.081431 -1.000000 65.049155 610.231383 -702344.735621
224.985364 237.361390 0.544892 0.269478 71.289156 75.230341 75.230341 2147016.149834 2588.499236
157.734636 312.209276 0.701269 0.198243 40.218370 59.231317 59.231317 29805007.591016 152.647101
292.846471 219.694546 0.563607 0.156498 78.725729 -1.000000 78.572515 6667.643161 -191248.773368
94.573861 203.242748 0.443676 0.438520 45.298508 55.596482 55.596482 10537376.179023 1375.466722
408.483508 199.273434 0.733492 0.133613 67.642097 70.138202 70.138202 955755.620242 3037.493641
122.497491 229.094798 0.445750 0.296126 74.957456 77.003618 77.003618 1113868.281997 8342.363477
161.783913 274.848144 0.612853 0.350160 59.052345 65.919088 65.919088 7089178.348092 1432.539289
354.369782 430.966780 1.425426 0.279525 54.573726 54.871457 54.871457 50474.618079 35124.884192
486.673982 53.752386 0.748179 0.249911 60.307836 67.816326 67.816326 6347287.917565 541.632840
178.580847 440.533784 1.222164 0.212926 53.176153 55.168537 55.168537 1698635.491236 4716.414061
353.092455 164.098717 0.588949 0.292224 65.284439 73.234266 73.234266 5983052.932959 572.967442
105.439329 151.944794 0.336193 0.387868 46.189349 65.750805 65.750805 16907483.018919 369.413436
356.740239 237.919129 0.724354 0.193712 72.087316 -1.000000 71.951560 6524.022324 -197986.538199
656.728906 145.689362 1.354884 0.201744 55.363735 55.961055 55.961055 130362.469628 14137.476688
129.088133 261.807959 0.549197 0.345603 66.080275 69.166941 69.166941 2469481.566991 4798.536079
357.636356 392.109563 1.276593 0.332051 51.462304 54.842040 54.842040 3105450.863666 2090.437033
276.781945 473.125507 1.504890 0.253799 50.127484 51.855655 51.855655 1248533.020100 4741.129191
194.017182 377.441310 0.992652 0.338332 49.692647 55.955592 55.955592 8654168.816528 1226.965685
535.215464 57.907842 0.912302 0.457912 58.146798 63.186553 63.186553 3904605.101639 1034.911209
317.946700 45.859750 0.395222 0.295449 85.927353 87.142596 87.142596 165475.833780 10586.246624
223.874494 346.192448 0.925255 0.450545 47.817493 57.083748 57.083748 13420558.182360 654.299362
366.604381 282.037630 0.889427 0.293169 60.086372 63.795625 63.795625 2552961.242504 2212.908234
68.080135 150.459577 0.379890 0.532947 13.772648 39.528989 39.528989 14532853.215040 2082.840526
293.166618 394.625079 1.137411 0.079328 51.959558 58.058619 58.058619 5682093.242228 565.000708
259.175010 84.704989 0.381256 0.510574 89.195164 89.315722 89.315722 2347.683345 144568.155829
181.167626 452.699158 1.258449 0.100778 58.020624 58.117780 58.117780 6579.156162 129640.250799
180.549118 255.691508 0.563175 0.409193 77.126248 77.579340 77.579340 68131.902576 36138.389441
75.977728 385.426419 0.988552 0.280107 28.491592 33.739069 33.739069 9495466.338818 8665.644172
249.453310 108.583124 0.375818 0.425368 87.511663 88.480977 88.480977 105148.225938 14252.787792
373.324500 295.141440 0.964296 0.399760 53.492289 60.285738 60.285738 7341921.043071 770.903158
79.020879 120.862695 0.201019 0.129620 54.292001 74.286214 74.286214 15117999.317355 455.400978
472.533785 195.029480 0.927733 0.452075 58.486439 62.783755 62.783755 3154933.027147 1633.981233
230.526106 516.631433 1.670410 0.186482 46.817351 49.008544 49.008544 2060499.135144 3371.615557
83.752232 130.518827 0.282112 0.358583 70.579031 74.122403 74.122403 2189640.419790 6861.775803
438.568558 228.759745 0.881243 0.220809 65.269865 66.181258 66.181258 209528.670165 11365.511275
368.641831 236.386571 0.796126 0.473842 62.711198 66.510915 66.510915 2352440.880445 2023.107042
305.564767 137.942169 0.472800 0.368808 83.582294 -1.000000 83.490850 2138.310165 -328530.523838
162.188705 436.714495 1.228819 0.309057 41.357892 48.318644 48.318644 13016749.380860 1018.307720
111.425719 393.179212 0.934399 0.107779 62.824193 63.311820 63.311820 177713.103981 30944.674814
596.574677 82.048157 1.077589 0.260518 62.014643 -1.000000 61.933709 3328.716994 -284083.028176
203.405454 358.741075 0.875556 0.107105 58.917062 63.306803 63.306803 3459058.175551 1648.525598
157.266829 446.504635 1.237600 0.317001 56.249134 56.676127 56.676127 184010.149546 31160.545703
192.737931 217.162178 0.463407 0.310514 82.708104 83.148093 83.148093 46915.455057 38165.428875
169.376455 201.966506 0.477019 0.527393 62.312825 72.028972 72.028972 8007719.915318 837.279496
431.947306 163.841340 0.746496 0.269807 59.590362 67.452499 67.452499 7003648.128049 554.244037
293.290725 313.843867 0.878179 0.391158 60.256982 63.577197 63.577197 2316710.775245 2539.854465
82.148711 522.496329 1.568648 0.041441 27.202611 41.517206 41.517206 28696210.680133 311.318825
155.338681 98.881442 0.296751 0.463260 79.209857 87.338225 87.338225 3451542.649767 1065.874100
175.616238 421.710842 1.131537 0.232720 56.329866 57.702793 57.702793 897652.600422 8249.949234
78.948201 41.854124 0.204179 0.343096 66.907209 76.653847 76.653847 5080818.657834 1760.912517
86.188550 389.525126 0.976806 0.187708 24.450350 37.182652 37.182652 22991152.615575 1227.785667
235.982394 258.092174 0.601677 0.265821 76.026045 76.428648 76.428648 45908.984506 37239.337931
244.888386 231.887805 0.528169 0.142847 71.967777 76.714356 76.714356 2553740.951963 2202.411059
550.339554 4.668026 0.888113 0.174330 66.930625 -1.000000 66.849288 2683.525254 -309206.465773
608.319979 34.138075 1.090466 0.275643 59.935239 60.871457 60.871457 252098.730212 9458.140578
265.500103 465.140833 1.427073 0.132795 55.142636 -1.000000 55.044998 6856.004004 -206697.479819
81.040816 175.229962 0.337133 0.279437 57.717638 63.578664 63.578664 5163622.092300 3831.720947
415.718200 220.677167 0.800352 0.160431 67.752394 68.706648 68.706648 200516.364107 10792.153274
328.468272 242.106746 0.710082 0.307941 66.465300 69.721408 69.721408 1717899.300261 2686.142696
184.066776 401.529920 1.064224 0.398459 60.709764 61.061663 61.061663 92888.033463 38725.378541
596.483040 177.912781 1.214956 0.246888 56.028291 57.735919 57.735919 787028.327515 4516.313106
142.210461 379.736299 0.935261 0.367906 63.705284 63.905925 63.905925 54837.984241 80517.820506
475.629793 54.168526 0.723501 0.265975 60.274086 68.486226 68.486226 7144233.285059 473.660892
611.359546 38.083771 1.112433 0.341650 58.000126 59.777360 59.777360 795879.047381 4484.094969
511.882682 129.226133 0.870565 0.139169 52.685605 64.198278 64.198278 13157571.772947 78.667609
203.355730 370.839178 0.938294 0.220214 61.523753 62.948979 62.948979 697717.946626 8099.935703
441.768502 183.843866 0.789705 0.204302 65.742565 68.095805 68.095805 972520.512477 6185.229468
154.494527 139.606017 0.275658 0.184487 65.560440 85.374818 85.374818 15651340.750044 184.489341
135.839739 335.572724 0.763544 0.353814 68.415749 68.672558 68.672558 71351.409534 67606.778937
276.978175 422.064715 1.257904 0.259862 54.180587 55.960888 55.960888 1130782.734790 4964.375855
88.654879 312.131791 0.728745 0.329578 22.457497 38.393605 38.393605 22209369.204550 1213.248556
362.824384 169.774507 0.636764 0.413974 66.734380 71.966122 71.966122 3170373.450498 1298.807444
164.902714 429.834486 1.166977 0.306268 56.661973 57.426815 57.426815 416619.292460 16524.186837
69.801108 103.314644 0.145826 0.087056 101.857917 103.017676 103.017676 281121.985077 23349.218451
172.402313 396.632388 1.039192 0.361213 57.468592 58.891890 58.891890 1021950.815822 8599.310732
343.705222 331.794595 0.984655 0.168967 62.957279 63.569452 63.569452 118821.235321 17819.481892
132.604546 247.781007 0.530651 0.396713 62.722044 67.648352 67.648352 4453575.419099 2639.429245
184.912153 461.929927 1.325858 0.274015 56.918056 -1.000000 56.880320 2112.055069 -503229.713553
129.434096 1.424071 0.172742 0.241656 99.041929 102.815908 102.815908 779698.664213 3997.314497
179.861271 448.547450 1.262397 0.200275 51.206031 53.827231 53.827231 2649927.911542 3664.149581
121.852951 488.177011 1.454026 0.238510 37.193561 42.145884 42.145884 10764816.456824 2292.144197
298.728107 369.742264 1.073878 0.371604 61.493518 61.722446 61.722446 27499.941539 55154.036760
98.961432 398.034346 1.069514 0.366169 24.206508 35.230746 35.230746 20906079.995202 1637.634552
90.861438 449.243382 1.230313 0.179078 40.257396 42.727690 42.727690 4857512.447005 8643.076621
68.715621 495.875697 1.499424 0.203491 22.040384 26.692406 26.692406 10341219.725790 13410.476586
115.259722 225.999370 0.478089 0.440342 65.988879 69.156292 69.156292 2499889.265674 5319.628457
146.236703 424.043799 1.092534 0.094668 59.532631 60.216373 60.216373 216172.838841 17484.426824
123.745659 78.265800 0.226318 0.364441 102.172382 102.254240 102.254240 1305.632844 287185.663887
117.146740 265.301682 0.538179 0.259184 62.634354 66.814972 66.814972 4035125.443319 3418.155018
112.749396 262.722951 0.575980 0.433976 57.344838 61.144868 61.144868 4057405.932308 4307.372068
128.977040 296.006725 0.612249 0.204347 67.594149 69.787120 69.787120 1497949.921325 6796.336815
399.691872 48.763261 0.507623 0.096442 72.875673 79.216907 79.216907 3144091.530154 718.529003
212.366450 270.092686 0.617741 0.223262 55.555343 67.819855 67.819855 14181868.823582 366.868501
125.400816 252.218101 0.565381 0.457464 50.321839 59.446500 59.446500 10790248.348962 1140.902382
442.388879 88.614154 0.691707 0.430730 68.669975 71.304565 71.304565 1029489.592105 3291.690185
118.740116 346.468431 0.821963 0.256114 38.578749 49.587368 49.587368 18819963.966286 718.017887
256.382921 180.425895 0.417040 0.101940 85.023754 85.978543 85.978543 118288.018357 13733.977976
142.176201 378.827480 0.906819 0.198511 64.704452 65.017741 65.017741 74616.394383 48054.648224
282.549745 71.400904 0.368266 0.329289 83.257279 87.197582 87.197582 1181084.991221 2244.408841
101.328672 417.396239 1.139402 0.352331 34.564897 39.324874 39.324874 9761162.756386 4110.683788
169.144006 515.070979 1.603032 0.212232 46.576440 48.597328 48.597328 2285956.772423 4628.755632
425.692548 39.610276 0.617034 0.421200 74.736428 75.595388 75.595388 130116.318637 13453.923860
106.741328 413.061732 1.103938 0.281322 32.889451 40.788528 40.788528 16152166.212715 1479.270353
334.694911 384.264483 1.171722 0.188722 59.965977 -1.000000 59.907487 2296.010158 -364853.214453
172.104976 149.809511 0.287157 0.154450 89.726444 92.740805 92.740805 821880.809559 4405.009855
184.710086 227.732302 0.529120 0.530779 74.338199 76.393200 76.393200 771547.025861 6558.571819
121.010677 477.177092 1.397887 0.269704 40.624898 43.945272 43.945272 6578313.015643 3497.768223
469.293950 24.312828 0.715754 0.377668 58.030404 68.312667 68.312667 9945001.256642 299.278482
228.168014 428.416311 1.219155 0.268949 56.369402 57.287297 57.287297 401519.946743 11781.996673
103.001788 304.971871 0.731809 0.475553 37.644858 45.550209 45.550209 11818093.233973 2092.022659
153.196474 258.185718 0.545697 0.394872 77.332736 77.801971 77.801971 89696.619640 37176.672081
477.188892 154.104703 0.830953 0.225349 58.151020 65.177541 65.177541 6255619.618721 624.814040
252.572388 130.869297 0.325006 0.082836 93.290476 -1.000000 93.090936 5649.485783 -181753.474136
83.033135 498.737859 1.502286 0.155289 3.797568 27.882177 27.882177 38368935.742497 923.618819
480.597324 250.287163 1.053943 0.356115 62.525877 -1.000000 62.437972 4134.766699 -259085.343426
367.949566 42.514229 0.469550 0.230642 77.492454 81.191364 81.191364 1340950.261904 2223.765141
581.406534 173.721744 1.161547 0.228794 52.372648 57.519923 57.519923 4853518.177882 798.451447
336.946897 383.773458 1.187560 0.202924 50.922185 56.066789 56.066789 5515555.570653 1123.392551
381.504872 262.695204 0.840091 0.141991 55.762482 64.601018 64.601018 8963255.815041 348.050603
392.562327 216.729147 0.760102 0.300068 70.941945 -1.000000 70.860842 2730.048140 -315945.313961
203.491326 64.663961 0.311501 0.484753 80.768991 89.217810 89.217810 3196535.848657 674.797773
118.321105 446.307290 1.274957 0.351552 34.595388 40.596753 40.596753 13078600.918058 1916.896009
119.863214 252.482972 0.544665 0.418253 60.250337 64.542821 64.542821 4197589.649574 3319.812360
461.999550 310.661973 1.186947 0.266270 54.297791 57.339589 57.339589 2212649.624706 2443.037859
535.336461 68.666970 0.883173 0.200753 53.789694 63.530924 63.530924 10700889.100935 221.635822
60.536647 27.674371 0.221582 0.395172 38.766591 55.020692 55.020692 8140108.284119 2378.131701
185.543721 426.588892 1.166437 0.301329 57.957022 58.496392 58.496392 193671.301768 23115.797707
260.226126 536.823028 1.812629 0.123992 48.731992 49.243552 49.243552 146924.460630 16322.951106
298.346795 212.398362 0.607491 0.441503 75.403591 76.012429 76.012429 81140.919733 21980.391269
659.055812 85.061786 1.299619 0.342941 57.501277 -1.000000 57.448512 1852.263501 -397850.200662
599.842608 19.926738 1.038924 0.104471 56.621347 61.182323 61.182323 3086717.373861 824.154992
66.000148 82.672132 0.204241 0.233490 30.490368 58.010066 58.010066 16265544.313016 571.756460
471.173379 131.894760 0.817386 0.440284 57.681228 65.171749 65.171749 6819966.902330 2003.025840
