432.703763 73.501712 0.593000 0.081071 73.557825 76.216266 76.216266 756100.315872 2488.680676
505.905346 14.751591 0.770975 0.207863 68.355132 69.545157 69.545157 281741.065414 8569.228912
158.216949 296.735792 0.644183 0.230188 63.275650 67.656719 67.656719 3771352.323242 18997.262240
369.286865 368.742516 1.179628 0.180802 55.675077 57.886553 57.886553 1285099.054103 3160.470651
164.386875 278.057378 0.625812 0.325631 50.587606 62.789886 62.789886 15725204.694662 402.826979
445.988382 98.740764 0.694710 0.355002 70.862089 72.104170 72.104170 286743.528971 8428.964524
219.350627 368.051839 0.981663 0.428032 57.674979 60.133173 60.133173 1898035.552074 4198.598017
619.683572 62.120326 1.166609 0.384297 49.574822 56.725842 56.725842 8452055.118499 527.613994
304.409784 269.937671 0.758675 0.403753 66.402032 68.494865 68.494865 899543.236964 5648.329029
88.932760 137.503224 0.205617 0.101016 83.210027 89.799646 89.799646 3517710.544103 2413.026098
521.417490 298.975767 1.302465 0.307518 56.772764 57.079631 57.079631 43542.555035 32386.399851
88.359179 436.044093 1.188856 0.224264 34.747133 38.581268 38.581268 8036271.154530 6492.520188
122.745599 320.562448 0.768237 0.417316 41.967053 50.655942 50.655942 13528094.885904 1175.988661
359.717345 485.277510 1.707697 0.162181 39.036021 47.600929 47.600929 15162667.005925 285.597240
199.223324 303.232323 0.694980 0.232165 67.138115 69.521945 69.521945 1278804.590895 4957.802202
143.000171 278.468633 0.605396 0.478039 75.577753 75.744803 75.744803 22291.980552 111062.799821
221.751794 401.616977 1.082451 0.197209 58.914500 60.050666 60.050666 491566.838642 9517.679832
123.926626 337.892198 0.813031 0.439797 54.239221 56.593829 56.593829 2878295.827867 6643.414964
96.893744 253.483849 0.541055 0.328412 37.699676 50.623746 50.623746 16430826.735416 801.626877
249.668459 508.524401 1.663574 0.198885 36.444137 46.088055 46.088055 20031469.946438 286.161601
359.684318 205.527599 0.689060 0.389299 70.882010 72.116827 72.116827 302346.438089 8964.779582
192.798775 325.031415 0.766716 0.283279 66.776513 68.032585 68.032585 510586.514219 10271.949876
199.237947 341.959919 0.848550 0.259321 49.329267 59.106031 59.106031 13821882.059702 634.060959
306.926424 149.153440 0.512348 0.406420 60.097892 75.399905 75.399905 14090193.025482 -110.468643
213.854255 94.944510 0.248997 0.131573 100.295286 -1.000000 100.251856 347.268656 -813450.268145
19.606124 77.895006 0.234761 0.321148 21.284788 21.539260 21.539250 80830.485170 37448564.989626
572.369830 79.103236 1.009759 0.285408 58.510941 61.555630 61.555630 1832888.531828 2170.596552
214.911564 463.685795 1.369562 0.265886 55.012611 55.375990 55.375990 93334.705240 31955.504422
264.910433 350.455076 0.954264 0.406145 64.387775 64.621233 64.621233 27444.143710 57516.701433
151.076341 150.293432 0.342046 0.400615 75.144513 82.319512 82.319512 3927099.426902 1479.287891
217.835223 273.372102 0.632242 0.313535 73.925590 74.549083 74.549083 112457.974213 23416.551589
450.596314 119.446504 0.748046 0.463504 67.242058 69.454286 69.454286 823005.637876 4336.842081
128.875494 186.002696 0.336596 0.226652 85.787740 87.490506 87.490506 522610.843090 10383.494860
141.152096 18.396881 0.126405 0.085915 114.288450 -1.000000 114.048557 4861.609017 -180458.608249
104.213764 83.770136 0.211758 0.255156 56.021779 80.567601 80.567601 16859335.827382 258.559249
220.951932 51.934588 0.320268 0.506159 91.708007 92.694537 92.694537 80039.719037 13918.610846
114.270138 403.473474 1.026473 0.246475 51.463316 53.197681 53.197681 2308734.085097 8786.272820
319.551875 13.578696 0.396018 0.299231 66.936302 83.268987 83.268987 12463246.648914 46.072092
508.568509 194.522552 0.984343 0.234083 61.567145 63.018660 63.018660 506261.033994 8052.189786
243.972285 379.734617 1.059562 0.385452 51.354594 56.634197 56.634197 6348796.236822 1381.904342
131.002618 200.367729 0.370185 0.250847 85.045580 86.163070 86.163070 288961.154355 16387.303958
442.616897 226.994808 0.908176 0.363113 63.432227 64.870788 64.870788 493653.428810 6542.417370
147.292711 407.374618 1.101875 0.392775 43.720035 49.247688 49.247688 9617159.264836 1717.789115
565.166344 56.471811 0.998925 0.429089 49.736358 59.901962 59.901962 12859350.355945 258.771541
335.211344 188.615511 0.610880 0.415542 76.864343 76.899401 76.899401 476.982368 481866.355943
114.659083 574.082505 1.903251 0.079915 34.760493 41.124013 41.124013 13349976.391599 989.103299
166.215192 460.319731 1.309547 0.135798 37.441021 48.770686 48.770686 22345745.459165 326.099341
44.517074 576.802437 1.879393 0.023455 26.176280 32.669636 32.669636 10904484.986420 4381.939716
359.444697 187.392709 0.650645 0.392614 73.541735 74.223021 74.223021 99701.884257 18318.857699
84.931369 130.947251 0.331354 0.523824 57.808004 64.440301 64.440301 4547307.131340 3288.262895
251.888318 215.010185 0.559416 0.451004 71.300738 74.999864 74.999864 1787240.957778 2604.764799
164.934368 266.381035 0.610847 0.381873 39.216064 60.785894 60.785894 30328998.682884 153.181280
492.493278 120.590397 0.803562 0.159330 67.939528 68.776014 68.776014 152314.147997 12176.829328
367.106448 193.064629 0.667957 0.332496 71.714951 72.973184 72.973184 302048.028641 8790.853070
78.792006 48.424252 0.093035 0.061922 118.370184 118.734331 118.734331 13183.628817 70841.188057
139.594659 441.574293 1.198540 0.239014 54.204650 55.243054 55.243054 837902.339453 12415.340683
93.534846 298.633449 0.685666 0.369113 37.009605 45.099019 45.099019 11865398.754278 2441.876332
252.498145 80.756223 0.282567 0.128663 95.109185 96.062715 96.062715 86183.068104 15029.934224
469.960916 110.489676 0.748713 0.260849 69.983789 70.662492 70.662492 105774.340191 7328.549524
203.528270 247.338690 0.543213 0.256264 72.229331 75.427484 75.427484 1615882.477026 3595.768169
261.646162 400.683320 1.130935 0.195458 57.231501 58.815739 58.815739 817492.225042 5372.948135
387.537813 377.368706 1.273833 0.295391 48.637339 54.221630 54.221630 6711723.145438 781.967432
294.457860 215.316141 0.546433 0.106399 79.584127 -1.000000 79.422936 6361.947302 -187572.835557
315.930998 191.845388 0.553028 0.214776 77.193330 78.219450 78.219450 183610.672650 12137.317912
453.529130 266.198055 1.051675 0.384823 50.139314 58.357941 58.357941 10163178.402776 691.238718
176.649678 397.194690 1.007095 0.155405 61.934847 62.481079 62.481079 143876.711579 23151.145976
373.865606 21.446611 0.489337 0.339500 32.838117 -1.000000 82.979743 63986679.436709 -165.277485
78.159059 244.967539 0.454348 0.131997 4.169519 48.644091 48.644091 37459096.774994 228.178371
571.964986 47.060773 0.980501 0.222218 55.631526 61.525153 61.525153 5241198.029699 739.714528
377.162574 120.803019 0.532461 0.143961 80.278883 -1.000000 80.108857 6718.130887 -180780.344393
327.558943 437.696857 1.413242 0.271030 52.038051 53.641597 53.641597 976331.866739 5243.937638
218.889110 266.306811 0.645606 0.478644 71.298627 72.667751 72.667751 443077.606267 9525.038357
79.525963 286.161566 0.638006 0.349436 41.110268 44.777698 44.777698 5067454.563248 12353.895883
500.174018 278.558462 1.186950 0.284872 53.630181 57.181769 57.181769 2829982.099204 1677.572000
222.901240 174.367970 0.408582 0.270708 78.954132 83.120175 83.120175 1727911.949999 2475.574922
224.569101 89.707236 0.293064 0.241163 79.889926 90.228489 90.228489 5245042.441766 498.376162
101.791754 444.498578 1.249676 0.283314 32.605295 38.335316 38.335316 12527573.588446 2793.494222
197.584838 320.058209 0.811251 0.428572 39.025933 56.738516 56.738516 28996162.049253 161.194833
348.387169 381.038973 1.209584 0.317859 53.600314 56.434034 56.434034 2221446.900867 2589.153562
220.202998 255.860394 0.615172 0.453130 72.463722 73.920565 73.920565 462887.457334 8902.631219
378.134293 146.954185 0.570607 0.124246 73.878204 76.677194 76.677194 938098.878349 2882.127111
163.077046 521.014549 1.614362 0.145201 49.985498 50.743838 50.743838 398107.857900 13368.476693
231.193004 414.578316 1.151745 0.154975 52.385973 56.499404 56.499404 4065797.867788 1804.170630
104.547755 371.933113 0.851957 0.082543 49.513564 56.625512 56.625512 9625716.446961 1280.502243
127.679528 273.900136 0.534054 0.197320 77.155870 77.727524 77.727524 145421.785739 31256.446840
441.377949 105.032673 0.672157 0.232981 70.177686 72.400876 72.400876 765166.710179 4192.246451
235.233768 165.682072 0.409530 0.252585 64.223663 79.793854 79.793854 13405613.411088 134.948401
510.824918 154.731617 0.901799 0.132620 62.636028 65.018784 65.018784 998082.719360 2869.133129
134.577454 377.198961 0.893063 0.113066 55.747191 59.939650 59.939650 4342596.863567 2383.177036
127.964220 308.110944 0.634510 0.156725 70.739027 71.872341 71.872341 489196.754189 13694.078644
248.495382 223.144985 0.557975 0.336236 63.869903 72.557673 72.557673 7280550.224962 710.345200
384.997019 294.039588 0.932472 0.125449 63.991549 64.864542 64.864542 188869.207320 11122.405366
162.686169 309.351929 0.669697 0.156237 64.581876 68.454586 68.454586 2903964.748083 2968.500899
116.569077 408.414245 1.052740 0.248425 49.420166 51.767087 51.767087 3418087.217959 6012.023979
220.232268 455.030674 1.341101 0.242691 50.748793 53.225832 53.225832 2320424.987361 3428.627463
113.079673 282.716039 0.620866 0.295985 30.560995 50.820091 50.820091 28886813.051884 181.776939
144.180675 27.977673 0.145989 0.119812 100.576665 106.573984 106.573984 1496252.911557 1852.509049
640.626401 207.059066 1.417313 0.162060 48.312800 53.293836 53.293836 5033464.713550 674.346799
343.603995 89.375504 0.492982 0.388307 69.618194 78.124412 78.124412 5347412.179652 489.630913
505.415577 260.869892 1.141603 0.197005 47.592075 57.057175 57.057175 12672465.168495 224.353557
126.284185 467.947504 1.316803 0.134398 43.435561 48.360560 48.360560 8287580.086249 1772.168746
274.321885 204.304324 0.500323 0.150712 81.888560 -1.000000 81.723982 6899.404266 -184739.736465
255.857884 323.329881 0.845581 0.314569 60.575365 64.084823 64.084823 2590288.928207 2583.045001
109.614144 316.695486 0.680022 0.152043 39.082716 54.103768 54.103768 23243544.238685 405.135076
220.330172 45.433595 0.226939 0.149873 102.128008 -1.000000 101.944572 4144.252243 -210538.297998
199.939487 290.854208 0.686910 0.332384 58.447882 65.529030 65.529030 7284324.639566 1146.451497
89.615796 93.822296 0.231351 0.307264 64.937969 76.317630 76.317630 7138258.296167 1239.053821
574.219329 113.548010 1.028731 0.123432 55.755058 61.051288 61.051288 4136259.954574 1192.618929
253.996889 156.068600 0.454806 0.490809 82.249380 83.255586 83.255586 140455.470650 13368.348703
58.854138 375.547448 0.951614 0.261724 15.695731 24.705299 24.705299 11974786.298987 10299.153488
150.829685 282.444933 0.592286 0.229522 67.171007 70.554548 70.554548 2436408.622988 3739.454377
179.740113 126.355248 0.350284 0.487080 73.007911 83.192636 83.192636 5563280.987110 581.230757
87.821014 412.798429 1.112318 0.328633 34.829956 37.595480 37.595480 5562881.841616 15478.355856
194.265495 318.638696 0.739573 0.283892 71.110407 71.273218 71.273218 13824.897337 97311.313732
152.982562 281.724572 0.641196 0.465291 64.063054 67.129882 67.129882 2393047.335696 4281.956753
229.740310 440.981326 1.279363 0.232745 53.532377 55.263160 55.263160 1185379.103684 26987.275558
148.524531 22.097071 0.257961 0.526580 95.857279 97.140991 97.140991 111302.698911 12371.965438
239.122968 285.309376 0.712723 0.358868 62.162138 67.153473 67.153473 4010739.824421 1696.456015
361.601012 402.422462 1.298516 0.151984 55.970224 56.707193 56.707193 199728.562307 12487.128387
174.720113 117.938774 0.299514 0.374901 94.315571 94.732055 94.732055 23705.626751 43929.240287
551.183393 248.883446 1.247735 0.299686 53.294029 56.302600 56.302600 2202993.581873 2269.095739
134.821105 433.706303 1.173437 0.337093 54.591386 55.239916 55.239916 534895.261929 23075.265721
257.883788 41.375413 0.338399 0.423858 89.776157 91.079778 91.079778 146411.767847 9647.683259
88.745122 247.096896 0.558018 0.467467 40.347722 47.631193 47.631193 8743823.171572 3412.332431
189.812201 275.084823 0.609268 0.323494 75.033403 75.529881 75.529881 82632.301415 31443.582159
141.415556 175.374063 0.295547 0.109226 83.194987 88.997865 88.997865 2703291.034849 1992.903632
78.279473 18.954730 0.213781 0.430752 82.224801 85.087691 85.087691 1001138.274648 9017.736460
534.065091 196.074818 1.054819 0.236277 62.630818 -1.000000 62.586382 1124.115179 -503564.672615
132.160335 202.400460 0.410300 0.409431 82.616586 83.468428 83.468428 210488.260588 22004.144762
455.827224 88.297524 0.719936 0.438770 70.395576 71.375117 71.375117 191789.140930 11054.309080
136.777810 198.351312 0.443131 0.499965 65.461149 72.034243 72.034243 4958376.623074 1820.048342
80.805288 386.455756 0.958089 0.174001 25.546378 36.768285 36.768285 19970951.933231 1634.521043
132.650239 181.267692 0.391564 0.416643 65.771049 74.062452 74.062452 6301229.164482 1363.575430
120.868108 358.604497 0.894354 0.395958 45.075663 49.970910 49.970910 7916769.818103 2564.444325
99.108322 471.621897 1.393500 0.289867 26.522365 33.915078 33.915078 17187451.081162 2308.837323
431.427209 186.889369 0.791419 0.291570 59.354717 66.110729 66.110729 5812325.268757 779.051584
154.100220 268.140227 0.586292 0.496486 77.256036 77.352514 77.352514 6448.852586 193042.394652
183.122979 351.208223 0.864196 0.243779 49.911677 58.430687 58.430687 11916466.170465 802.276150
67.234074 338.521471 0.847072 0.385078 5.095818 24.882922 24.882922 17719568.883890 4551.442754
244.801516 262.898774 0.661371 0.489952 74.101193 74.289615 74.289615 12889.443777 81103.293104
61.689085 342.411141 0.741031 0.086598 31.584960 40.846174 40.846174 13679549.686561 2704.777283
65.153641 96.379094 0.283260 0.455350 36.992727 51.060538 51.060538 8416446.791294 2976.097326
171.220847 270.880367 0.611194 0.426566 68.313034 70.912247 70.912247 1535032.180136 5059.429858
164.845637 304.621721 0.712981 0.378471 55.127504 61.849433 61.849433 7875664.228470 1350.230993
164.656506 239.684543 0.512135 0.414602 78.967447 79.547703 79.547703 104106.332212 29345.369887
235.418122 533.096556 1.766639 0.130985 43.063976 47.194101 47.194101 5383150.720789 1333.594915
436.415344 248.388520 0.916213 0.114583 52.525309 62.988523 62.988523 11646237.576082 123.828642
301.749854 391.703528 1.136971 0.101924 60.531690 -1.000000 60.383611 10122.745808 -156063.826068
318.705551 390.104788 1.202807 0.328607 49.137864 54.817509 54.817509 7044674.013280 1061.705160
302.296857 175.812108 0.491376 0.155059 75.243218 79.492390 79.492390 1855806.309157 2089.793802
157.911439 412.830537 1.059192 0.178008 61.920580 62.047756 62.047756 14102.092167 112935.234867
147.481258 277.688256 0.562162 0.242459 78.902697 78.942469 78.942469 1165.759263 480523.421338
563.166308 277.905305 1.361017 0.227901 47.762817 53.566966 53.566966 6754440.370476 696.738697
251.595095 61.003211 0.282478 0.170099 84.753762 92.680171 92.680171 3290136.800880 645.279847
296.533597 362.277821 1.024285 0.169029 56.490671 60.199505 60.199505 2887292.796850 1958.700659
99.322184 14.194318 0.089216 0.056652 118.877840 119.535643 119.535643 24027.701429 31925.658579
254.357234 266.460561 0.668246 0.362606 70.909149 72.267863 72.267863 413624.502756 9067.060205
130.471364 174.596384 0.349072 0.351894 83.636249 85.553270 85.553270 635163.914187 9024.661993
283.696818 294.834206 0.789542 0.357234 67.615083 68.537322 68.537322 238154.731840 13486.435608
160.029497 157.537247 0.335728 0.344543 88.270847 89.634977 89.634977 257475.199520 12057.631693
132.563509 365.850151 0.885679 0.316773 57.980823 59.588769 59.588769 1524543.824762 8923.461147
174.400290 141.732145 0.354348 0.463498 83.181289 86.437862 86.437862 976368.847189 3848.567025
84.049910 166.826423 0.239801 0.077472 84.114395 88.770070 88.770070 2326278.493007 3696.540806
300.286951 416.465112 1.266333 0.214476 51.561778 54.982067 54.982067 3146420.134940 2029.234070
153.295423 315.348509 0.732157 0.410669 62.935483 65.138012 65.138012 1678779.284281 6123.476655
71.224459 36.087686 0.178122 0.256267 55.572840 71.228993 71.228993 8940473.440600 1019.285447
185.503861 241.591603 0.546607 0.454778 74.563258 76.183111 76.183111 557453.599072 8630.802180
255.102137 337.695429 0.875500 0.241766 64.947092 65.848392 65.848392 259773.322307 13275.010087
161.929238 90.180314 0.223474 0.195437 82.156856 94.101668 94.101668 6009859.536976 497.470108
99.626852 344.908197 0.788637 0.230513 52.491939 54.776946 54.776946 3113855.663164 8969.798951
114.247962 321.349800 0.670488 0.128274 64.996155 67.270455 67.270455 1691887.170959 6400.471640
602.628609 84.035109 1.097926 0.249795 61.498771 -1.000000 61.392409 5486.329856 -217101.370131
527.589045 143.923920 0.937869 0.198057 64.525987 65.038247 65.038247 75115.400037 20787.686194
68.300484 413.063326 1.111606 0.272477 22.854141 28.330480 28.330480 9876437.939046 12551.910613
164.492922 188.680598 0.383080 0.274919 77.484037 82.195555 82.195555 2410215.944154 2602.312232
213.171376 368.420653 0.976904 0.402948 55.718501 59.146681 59.146681 3265814.117659 2798.018359
588.086424 74.089143 1.052779 0.259323 55.643583 60.070393 60.070393 3519437.398621 1293.037421
128.374598 461.278518 1.314734 0.227354 38.487990 44.650579 44.650579 12648112.180210 1434.787330
113.189823 405.010779 1.059714 0.231371 25.998622 41.398354 41.398354 30789120.718490 453.173846
644.427031 248.810074 1.528930 0.140415 50.491357 52.503630 52.503630 1119722.473672 2740.874162
120.509668 340.795973 0.759342 0.193326 61.444341 63.412786 63.412786 1703530.911715 7365.890686
217.850618 393.417543 1.067953 0.367082 58.346957 59.638391 59.638391 700543.948085 8906.774872
154.507705 306.235714 0.696595 0.486598 72.130421 72.288283 72.288283 20286.955836 110339.965163
98.162989 190.064776 0.330711 0.215803 81.549083 83.077851 83.077851 729508.838027 14011.317520
80.388626 363.217268 0.810997 0.109742 58.189796 58.532221 58.532221 352084.594950 133858.553465
318.288156 382.345388 1.152169 0.335713 59.899045 60.089448 60.089448 20269.376686 64282.762767
561.114865 322.504275 1.500188 0.236408 47.218488 51.661203 51.661203 4765287.908886 1080.369120
69.014964 3.990026 0.200172 0.361687 66.411150 73.197765 73.197765 3322767.434611 4171.984787
110.769995 325.717954 0.688291 0.144408 64.108217 66.057336 66.057336 1529205.070165 7747.965225
129.562611 413.172675 1.031242 0.093428 60.369246 61.137209 61.137209 287977.054147 16552.512164
221.383211 480.997636 1.482696 0.271213 46.484304 49.951780 49.951780 4419143.103984 2194.318152
393.862628 104.666633 0.556578 0.176118 74.861922 77.339702 77.339702 777106.178549 3636.362818
164.404877 97.307000 0.250562 0.288260 97.015732 98.074413 98.074413 110592.392211 16211.214962
206.208292 169.317817 0.433552 0.492713 73.210080 79.587380 79.587380 3371552.235936 12656.842138
121.721508 441.261308 1.223834 0.290101 42.542938 46.177396 46.177396 6743158.317319 3331.631446
585.232945 299.846747 1.488824 0.218461 53.075519 53.701336 53.701336 159622.100911 12819.495347
229.417707 431.695237 1.230103 0.280409 58.794581 -1.000000 58.760256 1291.866703 -571620.198820
359.084885 109.095449 0.535350 0.371087 70.796101 76.615955 76.615955 3162536.849347 1123.834081
334.990607 318.834292 0.959011 0.314394 51.741748 59.812387 59.812387 9787447.668927 569.501197
263.130655 328.841043 0.873252 0.285976 57.107590 62.364175 62.364175 5006484.089895 1387.163927
74.570543 122.228805 0.270943 0.318089 48.493253 60.650691 60.650691 8934241.614284 1549.654165
125.015799 473.097962 1.354502 0.253565 49.468002 50.457434 50.457434 1155979.409323 14014.313211
379.045938 176.154222 0.642759 0.236924 72.272467 73.851178 73.851178 424913.299085 6621.017591
413.872482 5.655356 0.560786 0.293039 77.837322 78.429983 78.429983 63709.407919 21586.405157
332.103286 90.425457 0.434844 0.231916 84.003182 84.896460 84.896460 108973.770812 14628.822395
129.464933 416.773595 1.080969 0.293255 58.032515 58.421530 58.421530 230774.619361 40583.486327
123.553251 327.468320 0.671637 0.036191 66.302992 71.063270 71.063270 2296355.639786 1379.149933
361.582204 94.690705 0.478460 0.149873 74.040745 80.080011 80.080011 3071805.744039 971.718244
398.097605 347.442732 1.176968 0.279153 49.772194 56.014181 56.014181 7397400.353126 744.736998
90.205608 201.670880 0.423882 0.352893 31.778612 51.462408 51.462408 19796052.199723 617.965387
114.232085 165.570035 0.390111 0.501337 39.986360 62.844876 62.844876 20762793.138684 266.457657
123.907477 178.667167 0.374964 0.487927 87.410530 87.706307 87.706307 34017.003266 71188.925309
109.322837 348.076587 0.830253 0.305601 46.169710 50.778040 50.778040 7250003.000896 3221.418306
202.856494 27.401645 0.251698 0.321307 95.720364 97.705344 97.705344 261625.526559 6685.282173
80.392367 406.194878 1.082770 0.314102 32.520501 35.330548 35.330548 5533974.218152 20615.351604
455.249142 257.093070 0.998793 0.210477 57.809026 61.455002 61.455002 2514489.419264 1633.733111
138.536762 508.683620 1.514010 0.060705 51.471796 52.450353 52.450353 413691.484735 9222.892948
606.372851 24.784019 1.078744 0.247015 59.436422 60.840724 60.840724 501813.696307 8811.415370
570.865178 279.763572 1.366570 0.088566 54.930642 55.773207 55.773207 196168.394445 6787.038806
453.962641 315.489418 1.195637 0.360134 54.036167 57.016996 57.016996 2221276.525309 2264.621484
551.405725 0.100762 0.912033 0.323746 65.553393 65.896295 65.896295 37125.108717 33865.882952
304.899683 330.655922 0.930402 0.213928 54.710477 61.204202 61.204202 6777698.547777 1024.417332
183.088153 168.851516 0.395280 0.441766 82.441875 84.643511 84.643511 592345.592608 6214.243233
292.039244 460.049430 1.465839 0.251024 48.359272 51.525159 51.525159 3252283.874419 2215.130358
356.720541 393.187539 1.246955 0.148115 58.314927 -1.000000 58.187675 8916.274864 -172391.163187
124.122536 522.479932 1.600782 0.134139 46.149603 47.824853 47.824853 1990507.737138 6374.828894
304.635557 41.816441 0.409274 0.454584 81.808252 84.997182 84.997182 817374.432008 2737.445790
611.794555 336.657652 1.697866 0.120638 44.829369 49.586054 49.586054 5043136.469982 608.131683
123.218344 79.099219 0.273296 0.509610 81.018566 87.406574 87.406574 2330942.332171 1980.910369
485.995349 328.118251 1.304778 0.290969 56.031832 56.666919 56.666919 160134.394422 14844.903780
180.690909 272.202050 0.604061 0.322751 68.013695 71.286191 71.286191 2073467.163551 3289.079810
143.988727 80.957306 0.292160 0.545613 82.331197 88.519622 88.519622 2034597.674066 1741.460239
176.102612 466.190997 1.390011 0.309403 34.033894 44.899492 44.899492 24302197.645903 401.754350
95.150074 199.828818 0.461434 0.539842 43.583175 53.910004 53.910004 10236528.861825 1745.041139
570.462204 201.682430 1.179238 0.227791 56.832518 58.488644 58.488644 726026.706863 4717.211654
112.544485 405.483788 1.077817 0.407779 46.745341 48.108961 48.108961 2213951.798398 17147.108813
56.197362 188.990257 0.336011 0.174160 40.428828 47.678720 47.678720 6647154.945603 7024.298142
519.930534 222.256805 1.093608 0.401365 61.572644 -1.000000 61.469406 5622.081919 -219901.388946
199.968958 214.549571 0.523937 0.490359 54.136276 69.871544 69.871544 16456829.463118 225.800684
98.436909 371.604981 0.877833 0.220401 56.622770 56.947158 56.947158 358014.590594 129524.890184
201.304626 478.869573 1.440874 0.263862 50.549850 52.114739 52.114739 1263079.834165 5193.159757
252.480597 335.873380 0.860011 0.152870 56.647813 63.042637 63.042637 6253399.528734 929.543190
213.304732 192.296215 0.449868 0.378870 81.342167 82.694284 82.694284 284269.530267 10449.005679
234.946147 281.802461 0.707677 0.485515 69.267990 70.531366 70.531366 408820.587275 9979.394722
92.949214 94.627581 0.291594 0.544238 66.658418 74.144028 74.144028 4016414.926027 2179.002422
120.144544 463.644298 1.312324 0.290512 49.528160 50.234523 50.234523 874248.541518 23847.476146
396.097834 355.819953 1.207316 0.350643 54.432276 56.895893 56.895893 1690370.324993 3170.653808
211.934376 75.557513 0.247659 0.177341 91.570777 96.398405 96.398405 1364737.923537 2039.438090
592.570572 329.917242 1.626463 0.214451 36.733548 49.038678 49.038678 24141108.228932 214.299698
141.727313 154.503139 0.305409 0.237978 68.348383 81.594302 81.594302 9947521.358227 569.795821
138.939419 379.752321 0.956585 0.236372 34.172384 48.970667 48.970667 28119401.034187 274.999442
223.011527 314.716273 0.768476 0.247786 58.872772 64.685750 64.685750 5560891.762223 1322.370700
95.314236 331.842181 0.671984 0.038457 66.750823 69.908610 69.908610 1532344.624026 3404.250539
173.250509 305.882383 0.665092 0.143813 63.927228 68.658420 68.658420 3707687.558329 2190.958587
320.544806 97.552188 0.458637 0.413749 84.122914 -1.000000 83.917909 8271.256400 -156146.464994
292.201161 35.858890 0.344037 0.259546 89.598778 90.789094 90.789094 143234.562328 10937.507255
396.028269 91.107799 0.580853 0.346923 72.287658 75.578137 75.578137 1310158.804499 2528.763432
122.406428 394.143139 1.040290 0.409748 43.538733 47.483968 47.483968 6891988.360962 3238.574148
90.910040 302.970283 0.602382 0.109556 57.951517 62.356992 62.356992 4936819.394837 3388.528638
107.510577 412.561812 1.087113 0.273635 42.135148 45.747386 45.747386 6675370.878394 4162.915733
427.059970 188.978052 0.801190 0.407976 62.712712 66.628067 66.628067 2405112.785615 2082.659884
282.061410 151.169766 0.459548 0.345810 77.877156 81.246578 81.246578 1185937.312059 2845.541107
90.892718 514.630060 1.543702 0.099300 40.596980 43.194471 43.194471 4747047.066096 5308.963919
70.244868 121.447407 0.278983 0.330328 29.438129 51.883992 51.883992 14949327.819617 1172.943942
160.341151 405.624916 1.043431 0.125470 41.551991 53.631655 53.631655 20787480.024401 383.330611
372.239243 401.728511 1.321980 0.190248 54.991010 55.991707 55.991707 363090.343361 8657.803405
74.858575 338.093159 0.767780 0.196906 38.345321 42.574172 42.574172 6828866.083678 8182.438989
189.131165 67.603015 0.253560 0.286553 81.423340 92.753156 92.753156 5272907.268294 490.260906
143.452281 22.738394 0.265147 0.550131 85.260592 91.839879 91.839879 1798111.079420 1466.127386
170.116135 414.697673 1.098403 0.221518 54.420282 56.833289 56.833289 2231050.837801 4346.786827
322.535313 142.635357 0.522464 0.456584 80.754051 -1.000000 80.607475 5283.080013 -204436.212984
119.266215 138.595681 0.268754 0.271793 88.454477 90.995187 90.995187 818431.003750 7005.308953
113.457127 143.324602 0.365202 0.552301 41.439495 65.208891 65.208891 19437409.599940 234.588912
138.572714 306.612492 0.667535 0.370982 73.302488 73.421524 73.421524 14892.978447 153592.732962
235.357514 404.322776 1.126720 0.322804 58.225952 59.152629 59.152629 385048.176555 12087.265897
263.733234 150.744437 0.446271 0.438806 84.813418 84.987809 84.987809 6228.127827 95829.445180
423.298640 462.890067 1.723906 0.168341 44.491171 48.622834 48.622834 4712610.070184 1034.208157
80.090495 351.737708 0.907553 0.454651 21.611845 30.902247 30.902247 13929733.044458 5094.471412
199.671570 362.186249 0.882204 0.122332 64.726161 65.646194 65.646194 263005.847061 12757.236520
263.663973 95.671469 0.411954 0.539053 69.625275 81.945057 81.945057 7419490.897107 215.320192
81.104252 100.412023 0.166483 0.147213 103.081842 103.664987 103.664987 98540.142552 46182.742802
528.810101 222.275496 1.108742 0.224369 51.313808 58.133220 58.133220 7462555.714689 598.847073
657.693640 157.461372 1.362723 0.070860 56.446498 -1.000000 56.409294 669.202147 -582489.921377
449.805360 302.702171 1.132982 0.334803 59.155601 59.910413 59.910413 197566.755960 13486.372712
88.102966 134.740196 0.332287 0.523261 64.071587 68.673635 68.673635 2957446.021390 4893.844693
121.074072 356.618546 0.874220 0.407356 53.095829 55.072089 55.072089 2531188.669606 8279.481328
140.599134 329.867732 0.746619 0.242287 59.100395 62.722859 62.722859 3656904.820820 3245.480760
106.125431 319.453111 0.692731 0.166351 40.918411 53.128133 53.128133 18905231.861136 639.545806
292.555910 343.053851 0.956649 0.322423 64.504692 64.704222 64.704222 19101.723103 66652.359363
90.361713 512.922973 1.512687 0.080392 51.006744 51.272968 51.272968 151394.208195 58462.266235
520.380536 37.269926 0.827888 0.235892 58.339372 65.413525 65.413525 6211965.782800 619.421640
247.487665 141.400042 0.430355 0.516780 84.462832 85.146097 85.146097 64912.980782 21096.080743
419.830438 272.990231 0.985955 0.359245 55.452750 60.684155 60.684155 4777320.312036 1212.530210
100.221701 158.062933 0.353470 0.424190 49.360566 63.755228 63.755228 12337648.197880 814.007539
301.378253 177.337103 0.526390 0.295967 67.662684 75.695369 75.695369 5701700.906622 1190.692636
137.396080 15.952568 0.254258 0.537473 93.739773 95.978019 95.978019 297733.726243 6564.102598
429.290224 446.158978 1.641773 0.095599 49.879431 51.207550 51.207550 553700.259041 4545.697513
210.155938 94.893461 0.288295 0.271965 87.264758 92.186179 92.186179 1551036.663187 1998.566296
216.620737 383.202924 1.029291 0.274655 47.068860 55.495352 55.495352 12705216.108946 651.267400
138.208634 298.441623 0.705568 0.459296 46.611105 55.747439 55.747439 12761931.599006 980.223033
284.913932 133.357892 0.457997 0.452756 79.892976 82.161983 82.161983 557529.293257 4802.185943
652.171829 133.777533 1.320536 0.149832 48.813870 54.843238 54.843238 6385695.158722 464.653421
120.575868 360.506001 0.855089 0.246535 53.350023 56.536638 56.536638 4105954.970270 4186.224696
97.105875 103.311488 0.196197 0.181312 82.942284 89.937687 89.937687 3519624.577942 2247.874796
376.391438 287.623206 0.906649 0.164112 57.328736 63.073833 63.073833 4937393.059041 892.704672
90.813645 83.546582 0.230480 0.380213 87.612055 89.756593 89.756593 685890.463031 10481.359536
585.874346 92.470800 1.083024 0.365114 45.192983 57.789156 57.789156 18969197.522982 93.727935
67.416063 441.102793 1.123187 0.033106 51.796786 54.176157 54.176157 2039870.949025 5879.075640
224.500328 130.251476 0.342769 0.294748 90.650609 91.234226 91.234226 46076.690040 27713.760901
106.151934 362.282523 0.858338 0.192028 40.444263 48.953378 48.953378 14660247.942571 1243.566402
539.519595 18.710837 0.869435 0.215674 62.751031 65.548961 65.548961 1369004.361579 2490.383878
111.457315 388.942057 1.014257 0.387512 42.209886 45.845386 45.845386 6501613.173348 4486.831030
288.107270 194.767597 0.528842 0.276812 76.969922 78.649025 78.649025 431144.526502 6932.361390
136.816608 345.227405 0.817423 0.367136 60.541017 62.043414 62.043414 1253581.878635 9879.546493
186.794986 365.815934 0.893600 0.220603 66.663699 -1.000000 66.607927 2603.255035 -403040.827779
78.170316 161.283405 0.315156 0.263506 40.984717 56.821041 56.821041 13821910.184461 876.735899
136.115729 419.066738 1.122519 0.394985 53.611426 54.591721 54.591721 1000430.531969 15110.046154
437.384419 239.242874 0.909379 0.192377 52.796192 62.357513 62.357513 10983778.281842 441.545173
162.910777 278.292351 0.632643 0.435900 64.386379 67.944344 67.944344 2752592.411302 3448.827005
162.579267 326.219549 0.755386 0.372498 68.221558 68.815806 68.815806 184637.828358 25993.035145
173.706410 56.440319 0.268015 0.453089 97.771927 98.007994 98.007994 6138.247943 79948.831698
380.708650 295.141268 0.937749 0.196198 63.430629 64.442326 64.442326 273661.592939 10000.248412
181.844336 405.269425 1.059408 0.216740 58.885520 59.995910 59.995910 559464.414442 10496.856173
225.331130 117.268524 0.373705 0.492309 86.177208 87.812289 87.812289 258449.818009 7813.524403
274.236362 271.356213 0.720693 0.355103 57.993805 66.186772 66.186772 8231843.544033 715.232677
160.670870 497.603592 1.504440 0.159199 38.155927 45.966714 45.966714 15653441.212112 688.393875
325.926795 394.385459 1.232599 0.347512 50.941650 55.020759 55.020759 4242941.438295 1664.505568
235.311797 380.937052 1.065169 0.367352 36.220455 52.813882 52.813882 31895733.643731 75.249645
128.089530 185.700003 0.375080 0.300452 55.592413 71.035674 71.035674 14825238.157173 535.977064
365.935337 102.450924 0.533861 0.326082 67.355479 75.995210 75.995210 6049849.668811 533.975253
103.381222 452.753681 1.296236 0.328242 35.822000 39.264539 39.264539 7480944.888729 5700.106515
385.806994 179.796976 0.677556 0.329008 71.793729 72.834155 72.834155 216064.554002 10902.477854
356.095255 14.199206 0.500380 0.518753 68.722686 78.023925 78.023925 5705344.404308 328.614625
152.374795 458.682351 1.334780 0.269446 25.851869 42.540133 42.540133 38899515.960432 153.169707
226.643593 301.460922 0.740090 0.416630 70.877192 71.116469 71.116469 24436.108926 62816.276040
338.596594 447.191119 1.468032 0.137412 45.207144 51.422668 51.422668 8099845.188950 587.618916
145.618756 199.673865 0.407454 0.303119 64.309593 74.325724 74.325724 8594576.932591 843.203304
132.377468 373.213476 0.862805 0.086240 62.998280 64.569237 64.569237 772404.218097 7671.050116
91.334665 384.957125 1.020990 0.428121 32.831030 37.063062 37.063062 7957586.530069 8495.979386
103.753823 60.661852 0.115508 0.067561 106.429592 110.914116 110.914116 870526.337637 3314.158088
419.002177 269.368116 0.969553 0.351842 58.411372 61.870904 61.870904 2389721.661386 1969.289183
609.218199 173.603082 1.227105 0.092099 58.734831 -1.000000 58.571189 10082.838423 -146627.605806
98.842006 291.601448 0.655391 0.309250 19.561668 43.444666 43.444666 31241136.111233 349.629375
618.592868 133.150337 1.208943 0.230485 57.064003 58.227789 58.227789 395018.452313 7980.156303
605.490387 99.696842 1.133118 0.309165 58.603678 59.747482 59.747482 375015.313191 6694.170561
316.455241 75.696879 0.363512 0.085953 83.928484 88.395193 88.395193 1342486.436982 1435.086903
145.128414 94.201893 0.293889 0.532566 92.317464 93.481022 93.481022 131973.302889 14494.473508
569.138027 142.965632 1.051344 0.143407 62.635633 -1.000000 62.547651 3416.748634 -271253.344298
82.998814 370.918776 0.849228 0.081718 33.977928 47.204589 47.204589 21935749.719415 620.940481
170.170770 270.178448 0.579057 0.312282 74.377784 75.410829 75.410829 311397.500866 14698.894806
127.131833 523.588720 1.636021 0.177504 35.495206 41.465506 41.465506 13470726.663486 1322.656481
282.466833 271.038177 0.719853 0.389484 71.311958 71.715805 71.715805 50519.698825 34186.007877
140.927462 347.136359 0.860899 0.382653 41.279751 51.226360 51.226360 16672330.074939 750.836911
97.409634 85.617532 0.182709 0.213959 98.726660 100.419048 100.419048 364293.181538 12913.574114
353.207859 242.363186 0.747505 0.301963 69.878700 70.544177 70.544177 113437.369271 18151.448186
394.573652 4.231267 0.549174 0.448006 78.223237 78.896634 78.896634 74087.912362 18453.258426
187.807698 376.145566 0.959397 0.236287 52.637249 58.019855 58.019855 6527798.116646 1544.364926
243.455226 95.866671 0.342662 0.337252 80.391844 87.365273 87.365273 2961401.592904 1047.296918
85.337583 258.096824 0.581634 0.413312 29.492295 42.122454 42.122454 15186123.062766 1929.803082
114.684902 411.360015 1.082295 0.202275 10.500775 40.537726 40.537726 52520162.522325 63.739448
365.324435 212.122143 0.704666 0.336503 70.833128 71.801281 71.801281 202990.767176 11919.273333
436.354546 232.736388 0.897275 0.225581 50.123232 62.200231 62.200231 15707562.680443 291.021340
416.625650 134.372783 0.660240 0.293440 73.481827 74.054841 74.054841 71646.657217 21579.006341
252.006798 80.589481 0.360587 0.431950 79.814495 86.484134 86.484134 2621822.561749 936.864135
323.239771 48.453056 0.454407 0.541248 82.150918 83.431485 83.431485 177273.468383 8768.080165
361.221102 380.153018 1.215970 0.214554 53.934968 56.693463 56.693463 1992832.054977 2614.278969
192.292518 5.109786 0.282200 0.484841 84.001022 92.042520 92.042520 2564721.149158 788.094017
237.621707 157.670488 0.454608 0.537601 74.324261 79.821505 79.821505 2518740.974525 1487.031582
510.434914 75.204945 0.804203 0.165092 68.624552 69.085174 69.085174 52841.170435 24460.346519
516.584723 171.462741 0.974766 0.305240 58.785906 62.157452 62.157452 2165123.686061 2381.834342
271.194801 479.582698 1.544340 0.249929 39.481302 47.896893 47.896893 15819042.532987 482.820162
634.308970 76.262737 1.195336 0.240839 59.495110 -1.000000 59.428578 2517.839845 -332469.643992
239.459371 215.339312 0.501509 0.203593 61.992510 74.813829 74.813829 12131720.382293 337.520242
533.020832 281.159414 1.277315 0.253975 55.578999 56.781251 56.781251 460352.693872 7844.926827
168.337030 371.774781 0.933127 0.349843 59.569315 61.173287 61.173287 1136375.460431 7839.880663
113.651189 342.078094 0.749273 0.221551 69.764820 69.835018 69.835018 13845.298466 280317.477802
67.605935 81.382358 0.184033 0.211709 73.745055 77.938130 77.938130 2349817.237006 7132.860379
494.613798 0.589741 0.775920 0.453086 68.969153 69.675807 69.675807 114508.070835 15835.711850
109.363105 284.570085 0.567491 0.249554 74.445651 74.677130 74.677130 81363.469301 93963.156737
563.435859 68.741235 0.988513 0.330197 46.126315 59.989407 59.989407 20324171.321371 37.482251
238.829658 254.408563 0.615731 0.366776 73.801539 74.803722 74.803722 232180.791919 13403.367727
235.999341 421.486310 1.217731 0.358107 52.464295 55.131183 55.131183 2478370.788062 3034.990574
293.804475 25.510247 0.344845 0.254951 84.946245 89.014832 89.014832 1204167.967399 2162.090190
363.659502 414.112323 1.363323 0.187212 51.592149 54.193330 54.193330 1929905.392968 2625.961884
90.140031 275.690365 0.620204 0.384174 35.764505 45.070466 45.070466 12520345.951122 2274.644154
438.381817 344.905326 1.226025 0.102391 56.867377 58.028726 58.028726 353755.060835 6376.527373
73.482395 269.878435 0.511825 0.145437 58.367660 59.708566 59.708566 1502123.999366 32492.996797
200.442787 155.668448 0.396430 0.479276 84.001746 85.673861 85.673861 331388.030684 8311.320946
560.948183 219.670530 1.209819 0.311965 48.932679 55.835320 55.835320 8329103.750366 568.636088
125.640553 268.981435 0.576078 0.492842 74.860529 75.065802 75.065802 55160.103727 101315.976567
139.026080 315.013432 0.676856 0.257856 72.745580 72.939560 72.939560 28492.145700 90133.097830
183.044301 321.885454 0.806613 0.471386 48.897780 58.034042 58.034042 12675134.928923 753.114474
306.289608 431.843619 1.368387 0.290683 40.413301 50.498930 50.498930 18439141.427603 324.264984
93.720018 209.246685 0.376174 0.181715 57.420687 66.625577 66.625577 9269037.779544 1455.659713
310.504256 211.092142 0.634552 0.466906 69.429775 72.602143 72.602143 1442275.060040 2904.482876
133.025149 363.294451 0.941168 0.408929 16.205524 43.094559 43.094559 45657824.426233 114.528873
271.910204 194.127038 0.502369 0.229030 66.632962 76.204028 76.204028 7506535.928763 540.325602
132.058155 508.388382 1.543570 0.121534 21.302954 41.483681 41.483681 48896970.460895 82.260822
156.825529 303.325052 0.686586 0.403454 68.242308 69.433163 69.433163 563889.402370 12648.460972
394.949348 62.218415 0.525129 0.198469 77.542597 79.298676 79.298676 407831.465581 5817.941089
90.464843 201.996715 0.451138 0.531916 58.270225 60.723611 60.723611 2155358.889395 13684.473704
92.441851 332.888340 0.807692 0.349965 21.837922 37.344386 37.344386 23190353.065289 1187.364098
243.237005 298.880993 0.763572 0.359460 57.034650 64.205478 64.205478 7458962.623249 975.166378
130.588214 384.135808 0.910720 0.082433 56.081020 60.366442 60.366442 4062375.331182 2172.272198
406.296934 2.234045 0.539496 0.255311 77.119740 78.673145 78.673145 336763.606362 6831.542751
561.726631 312.623006 1.457797 0.201049 52.700649 53.825159 53.825159 436597.652667 8226.263719
439.757190 112.299982 0.675042 0.191327 57.693899 69.918910 69.918910 12528555.976100 157.981631
281.689397 105.982173 0.415990 0.429012 83.480224 85.212859 85.212859 312598.170340 6714.231842
173.995427 272.339848 0.581383 0.186122 51.300675 66.774345 66.774345 19649677.111304 316.188171
137.424283 216.886629 0.460445 0.498885 80.146429 80.843825 80.843825 165518.698497 26449.081933
194.858627 105.918514 0.318915 0.438233 92.487303 93.044724 93.044724 36172.379758 29847.638546
531.209220 368.406320 1.573134 0.213399 52.051787 52.542209 52.542209 110824.227776 17786.747122
506.121642 347.895666 1.441882 0.260891 40.915664 51.198685 51.198685 17704289.317604 68.870312
213.452644 202.932556 0.409046 0.096234 83.883729 85.623260 85.623260 356151.630238 7061.915247
95.172215 217.971433 0.436844 0.348377 64.205084 66.667248 66.667248 2144298.644362 9236.584733
85.466586 388.057269 1.019865 0.359305 30.262676 35.328050 35.328050 9493292.091967 7267.775533
118.668009 424.785670 1.112769 0.148391 40.838773 48.364025 48.364025 13843560.806708 1097.810042
202.874014 433.893519 1.254590 0.309577 34.409164 48.234258 48.234258 29337933.800824 217.224927
446.336472 142.905345 0.752829 0.355620 67.637728 69.503886 69.503886 634650.713766 4951.780666
108.629736 299.972285 0.624934 0.262912 68.304197 68.867411 68.867411 357070.673064 36792.201164
81.395380 256.243838 0.452392 0.111859 71.918351 73.079436 73.079436 815481.758723 20317.926891
585.504213 173.412024 1.161854 0.190739 58.950759 59.595992 59.595992 132532.443954 13518.469584
329.768785 378.855841 1.163951 0.336437 57.246268 58.495032 58.495032 548968.590703 7701.772142
228.548708 100.198563 0.294468 0.188607 71.742471 89.302902 89.302902 12225481.418572 57.799935
159.958330 325.052074 0.719046 0.212250 71.441349 71.667955 71.667955 28255.797936 71257.061013
210.556104 214.935133 0.479583 0.287241 75.130909 78.692859 78.692859 1648374.196720 3126.354524
203.372106 284.153679 0.666804 0.398937 70.121698 71.521175 71.521175 516452.098812 9341.210327
239.564267 328.689074 0.801710 0.123774 69.532195 -1.000000 69.455638 2765.888259 -321655.143579
115.873194 94.197598 0.254744 0.405653 86.507817 90.332131 90.332131 1226456.776978 4205.577876
119.572505 432.206760 1.173872 0.349544 50.626628 51.336212 51.336212 912283.862861 27864.998497
134.138708 226.841654 0.418797 0.149038 63.229426 74.083339 74.083339 10232432.168325 768.583914
112.808958 390.996524 1.021281 0.377766 41.925994 45.873111 45.873111 7115456.220989 3945.635844
162.535823 222.499356 0.444409 0.226601 70.338561 76.720202 76.720202 4586172.098120 1994.656878
544.471906 102.588152 0.945793 0.260716 60.014369 63.159332 63.159332 1830247.811333 2139.875521
462.759972 246.960364 1.013211 0.416380 60.885147 62.191645 62.191645 461112.299411 7651.268998
57.594653 66.896351 0.257556 0.476064 54.660394 57.563130 57.563130 1557243.526551 42621.944839
91.926312 555.266070 1.773824 0.081870 40.338369 42.612959 42.612959 3841636.700700 5197.836134
320.055455 297.159102 0.833204 0.165498 56.976889 64.315975 64.315975 7127717.672715 684.090043
593.150948 3.258732 1.053051 0.326131 49.507913 58.899554 58.899554 11865373.587701 291.985839
102.403568 402.912422 1.078836 0.336750 28.453579 37.717423 37.717423 18406115.346887 1576.450262
95.240548 278.571354 0.566529 0.214004 53.122050 58.283827 58.283827 6451108.170478 3075.606035
150.074053 346.317157 0.841739 0.409133 57.899188 60.397672 60.397672 2439059.577312 5205.654432
117.031984 82.674953 0.266877 0.452209 64.253866 80.550451 80.550451 9577175.875734 447.159843
52.669515 233.498799 0.478366 0.265189 20.714283 31.653999 31.653999 9338433.801641 8603.417075
592.106975 181.109040 1.208954 0.266304 56.471170 57.958962 57.958962 623684.690624 5404.776928
311.916578 7.660816 0.330709 0.109628 91.256140 92.227415 92.227415 92526.093466 13109.225142
201.994526 260.663716 0.619820 0.426330 60.706496 68.033937 68.033937 6796882.868300 1106.215067
394.918623 8.705534 0.569039 0.514419 69.681824 75.358273 75.358273 2942378.840284 835.370088
661.087166 95.631144 1.304115 0.195638 56.329873 56.896682 56.896682 114181.338770 15285.982603
247.686746 312.642258 0.789799 0.342735 69.598305 69.735732 69.735732 9030.044452 108654.004349
353.069004 348.399801 1.089764 0.277170 51.669490 57.624363 57.624363 6657193.243907 934.335678
352.512917 155.847950 0.558982 0.230845 71.545780 75.960058 75.960058 2189336.568285 4229.410768
242.849081 376.907306 1.004554 0.231875 63.208764 63.413474 63.413474 22275.104186 64667.538008
239.159551 405.169228 1.154398 0.344366 49.649211 54.709733 54.709733 6419518.950483 1447.345830
129.666337 354.314432 0.820544 0.306718 66.470663 66.696504 66.696504 69845.386613 76777.090468
207.043610 369.720851 0.943825 0.225894 58.241243 61.175403 61.175403 2314913.839746 3283.825317
285.578128 382.256008 1.109301 0.288747 52.385116 57.018687 57.018687 4896217.632719 1492.476553
351.592872 399.358144 1.260086 0.107776 57.022240 57.632837 57.632837 126493.525795 14864.750166
192.140601 170.113267 0.411650 0.407232 57.998939 76.489868 76.489868 16780976.117776 129.073840
238.264417 270.963770 0.656577 0.264831 58.120240 67.656999 67.656999 10004826.997831 632.177219
88.161716 375.923729 0.976136 0.357222 22.114666 33.342003 33.342003 19004301.294178 2325.012372
61.325172 247.144693 0.487423 0.201516 29.699801 39.688587 39.688587 10877765.059488 4447.825229
147.291498 133.346037 0.308461 0.366894 76.293310 84.485276 84.485276 4387919.323420 1257.864051
255.173001 363.911537 1.002764 0.333066 52.276845 58.155045 58.155045 6906406.948961 1142.828224
669.121447 131.199350 1.371143 0.118504 52.412498 54.949120 54.949120 1449855.798580 1845.304791
118.534968 67.662178 0.266309 0.507174 73.909815 84.501078 84.501078 4816233.584600 885.808006
116.297591 197.576687 0.336569 0.159032 82.936143 85.446608 85.446608 1070021.046669 6785.563759
89.981915 111.179853 0.154551 0.059777 79.527858 96.492711 96.492711 9036131.051796 424.238982
490.341556 130.441203 0.857464 0.425602 60.974728 65.029767 65.029767 2623278.600138 1623.400850
355.312477 221.803607 0.719614 0.342545 60.208464 67.737180 67.737180 6633634.009925 687.088737
394.092480 359.586919 1.192820 0.154347 53.479199 57.149085 57.149085 2885605.971622 1666.413876
96.328158 335.031515 0.765377 0.262807 49.709128 52.336989 52.336989 3816626.944410 8217.457762
556.867866 25.884855 0.941998 0.375230 62.781804 64.152749 64.152749 441359.071674 6338.918360
95.162789 16.312395 0.154008 0.236613 104.789059 105.981427 105.981427 156339.854760 19216.642833
191.478809 10.130339 0.197571 0.164141 85.667630 99.299498 99.299498 6196602.394055 261.744048
56.468253 336.460065 0.741463 0.130236 30.409914 35.700833 35.700833 7749072.659971 11472.370107
470.438722 107.978297 0.772829 0.357448 57.966489 66.493582 66.493582 8034067.010905 473.868768
127.697340 375.264012 0.917209 0.314533 58.298077 59.371682 59.371682 949485.324952 14531.536381
149.842984 74.588505 0.205724 0.209261 86.016032 95.986880 95.986880 4303615.516495 860.163745
223.274131 241.245079 0.596252 0.499503 69.011476 72.585057 72.585057 1941039.142206 2965.369846
318.474874 12.857257 0.392444 0.322004 85.839378 87.215928 87.215928 199720.542139 8937.302568
77.986036 391.116471 0.915326 0.055733 42.357496 50.708687 50.708687 12518089.535977 1273.389477
598.203924 19.201091 1.051948 0.220251 55.497029 60.147151 60.147151 3741774.632107 1089.113288
642.535834 302.923578 1.676343 0.071827 51.478782 -1.000000 51.295211 14147.160162 -121149.191455
161.167568 232.836681 0.458800 0.179173 64.895898 74.443985 74.443985 8525412.706771 850.313608
95.807466 315.414812 0.758117 0.478879 44.266672 47.003345 47.003345 4045613.026377 12495.177609
467.223386 32.998159 0.671712 0.174942 69.681317 72.365580 72.365580 1014935.347270 3484.305267
198.168417 162.930904 0.368362 0.301454 84.362422 86.802550 86.802550 662710.842871 5353.265678
153.068380 522.303552 1.640936 0.163029 33.542051 42.864617 42.864617 21500768.935070 493.113531
183.722419 259.388922 0.596998 0.508936 73.594929 74.627463 74.627463 294536.309477 14324.633848
175.852975 343.817047 0.862164 0.398206 49.858198 57.168294 57.168294 10159475.864003 1112.500147
439.462668 252.784543 0.971026 0.366622 59.144707 62.140713 62.140713 1856102.197253 2445.489086
79.664681 324.023138 0.739562 0.239175 26.956487 38.527399 38.527399 17240027.788350 1992.199448
516.152298 230.117348 1.101806 0.391328 60.773357 61.103506 61.103506 43119.619827 33485.397605
231.428942 327.234160 0.832847 0.342164 60.937334 64.165419 64.165419 2372334.450384 22154.671328
410.665416 416.142786 1.465339 0.148733 50.952331 53.076822 53.076822 1329017.924439 3016.568614
242.163404 118.982626 0.401294 0.531784 84.915246 86.293080 86.293080 196758.315156 9169.137066
76.768782 567.190793 1.856306 0.075188 23.956490 32.506972 32.506972 21000299.777682 1572.233553
500.871806 205.375761 0.969972 0.101630 57.466689 62.633737 62.633737 3679314.361601 654.680881
201.818283 39.356421 0.230360 0.214382 80.462721 95.394969 95.394969 7714685.258139 211.295361
