240.442500 452.656473 1.352178 0.321135 55.245221 55.652682 55.652682 107697.375008 27878.568058
135.654933 468.790352 1.310916 0.165737 55.602595 55.906812 55.906812 99269.574349 43267.969728
184.689493 488.080647 1.480333 0.186777 36.818791 46.458591 46.458591 20088907.022130 404.501064
578.026690 114.366989 1.049518 0.164801 52.750619 59.904022 59.904022 7272267.962328 473.160565
158.322744 5.780360 0.261455 0.509463 89.119574 94.051755 94.051755 1095093.232799 2054.033970
112.364640 477.669903 1.412167 0.300169 37.124747 40.653839 40.653839 7738120.002071 4130.226225
171.879312 215.641508 0.439306 0.291810 82.645555 83.497094 83.497094 156806.240743 19291.126087
114.781372 295.396364 0.695775 0.460283 40.927436 50.163978 50.163978 13406572.314063 1243.971398
185.301021 246.423875 0.517388 0.214358 69.711036 74.819303 74.819303 3443532.553661 2142.597867
154.089905 330.282330 0.744482 0.140354 36.956825 58.947117 58.947117 35935855.962617 84.816547
82.877951 374.255792 0.950802 0.329080 34.036057 37.715414 37.715414 6683538.542805 11860.655505
189.849246 416.568505 1.157519 0.364397 48.449471 53.039193 53.039193 6408524.641008 1961.358959
192.112333 312.712956 0.750164 0.321087 53.894121 62.099176 62.099176 10002442.084947 897.693107
135.469726 295.214400 0.641449 0.376904 70.141820 70.928066 70.928066 351314.318389 21675.733747
101.033008 51.411023 0.142541 0.146009 94.165663 100.893575 100.893575 2365528.147295 2228.579313
402.201990 321.925611 1.097990 0.392557 58.943186 60.149011 60.149011 455731.064092 7886.824280
79.387691 114.634778 0.264321 0.339794 57.835529 67.014053 67.014053 6357488.231885 2085.827881
158.344036 282.848053 0.587024 0.189200 70.144088 72.754251 72.754251 1464055.943657 4924.597627
212.230732 485.954162 1.474348 0.210620 53.730291 53.974725 53.974725 46504.353434 46650.417535
121.515535 355.029986 0.842485 0.211034 37.851405 50.271610 50.271610 21660675.378511 484.729143
531.369001 362.720410 1.553140 0.164074 45.778414 50.963639 50.963639 5973981.438148 718.478087
148.878339 236.350972 0.501884 0.412109 73.492011 75.700000 75.700000 1089097.981050 6825.864867
158.398376 280.380547 0.574667 0.185436 74.090275 75.370315 75.370315 436336.857401 11469.938511
135.011174 261.167108 0.567191 0.384213 59.312688 65.131225 65.131225 5931550.743310 2055.933437
122.033771 53.337260 0.242721 0.446694 81.381122 89.567113 89.567113 3079017.038153 1338.777719
79.912628 10.058231 0.183148 0.319000 82.750245 87.398034 87.398034 1818623.132379 4504.659497
318.729289 324.438428 0.948265 0.323571 55.661787 60.915973 60.915973 5042442.768124 1291.122731
281.845869 33.683960 0.260517 0.009099 99.314832 99.386463 99.556793 77.287363 -404928.153092
172.529466 211.110913 0.457660 0.317160 52.422056 71.182737 71.182737 20548250.381278 197.160039
168.176358 420.313226 1.102854 0.152959 58.939700 59.707908 59.707908 293473.527001 15498.446657
167.723139 431.628691 1.220604 0.356783 39.832665 47.796585 47.796585 15430463.700512 858.666990
83.333177 142.377243 0.363975 0.538107 26.315642 50.571112 50.571112 17155693.779928 815.663544
148.648374 233.369962 0.521108 0.483219 63.762758 69.500668 69.500668 4750606.510831 1999.531554
458.935267 116.585696 0.730453 0.275451 71.168176 71.581321 71.581321 43228.511523 30066.023833
211.758454 370.748918 0.974758 0.384741 59.084184 60.963486 60.963486 1233508.962068 5986.839602
138.137017 128.480574 0.246446 0.214119 96.288091 97.506393 97.506393 181614.823629 15221.911124
308.394522 481.970227 1.608901 0.209784 34.840481 47.309655 47.309655 26812989.271408 -76.079851
318.752924 405.951447 1.243928 0.194638 54.496566 56.500356 56.500356 1212852.332861 4230.969738
111.935649 372.913501 0.847323 0.098812 66.248873 66.590067 66.590067 80625.499615 45993.825653
217.296563 476.803852 1.438536 0.291496 54.962853 -1.000000 54.906586 3913.670489 -334078.236996
66.483984 204.221640 0.368519 0.164156 19.965404 45.651184 45.651184 21805025.790298 833.257603
198.328141 279.664396 0.657591 0.451899 70.502160 71.832407 71.832407 476243.682094 10156.465516
145.736406 359.978065 0.879835 0.315763 53.502132 57.460564 57.460564 4914674.958090 2800.731929
365.368086 455.237671 1.555313 0.216592 8.652730 -1.000000 53.427099 102691076.558734 -143.692246
104.129032 183.264169 0.325377 0.201409 70.264267 76.793279 76.793279 4965115.346917 2194.450017
114.598405 146.233074 0.334991 0.450643 67.691764 75.565027 75.565027 5166853.249649 1614.777188
81.736171 509.619894 1.526661 0.102586 30.348306 36.398726 36.398726 13863853.082467 2572.714459
138.365540 339.257247 0.784473 0.355441 65.595061 66.240353 66.240353 311564.993091 25035.362143
309.142045 306.863628 0.850167 0.262979 67.868366 -1.000000 67.747264 6977.903084 -202908.763775
222.125562 414.247498 1.130698 0.177338 60.751123 -1.000000 60.683006 3652.098592 -308240.226781
447.849396 48.446834 0.664405 0.386914 73.036664 73.756887 73.756887 103720.427860 16256.944914
161.114075 366.223167 0.899473 0.394269 64.939183 65.212509 65.212509 62929.502710 56079.909299
119.151727 410.689069 1.053242 0.275819 56.061731 56.617442 56.617442 494420.847900 30342.457156
111.803844 257.395862 0.497859 0.240680 73.012066 74.336992 74.336992 765695.098061 14004.910049
97.751519 237.519791 0.519773 0.476237 56.639343 59.446676 59.446676 2859395.123933 8564.430564
565.812995 156.778553 1.089861 0.312856 58.104523 60.114794 60.114794 977772.915587 4017.857156
280.632693 101.441282 0.379049 0.259205 73.796409 84.266995 84.266995 6394076.041683 408.297552
116.605761 504.650788 1.513336 0.123955 32.404829 41.670328 41.670328 21098619.704071 635.827454
119.108279 434.033712 1.116590 0.055322 55.800321 57.978231 57.978231 1360967.789150 4262.736844
122.298856 243.695624 0.503202 0.415621 74.222528 75.198830 75.198830 455961.633706 19438.596527
295.906627 207.030283 0.543647 0.137866 65.875871 75.260721 75.260721 7318316.412119 478.393883
393.377469 326.463017 1.080401 0.276616 59.414231 60.621592 60.621592 440735.477068 7799.745823
58.445101 431.354022 1.080641 0.040642 48.778187 50.113971 50.113971 1563130.270499 21022.123983
434.157451 385.941266 1.405343 0.293672 51.403224 53.638769 53.638769 1571417.028502 3159.211843
388.376322 344.796185 1.141779 0.226601 44.895485 55.922358 55.922358 16970473.620177 213.732649
431.465898 30.378870 0.605139 0.252771 63.651670 72.966943 72.966943 7537352.447716 390.277675
71.577022 150.405153 0.321957 0.336965 35.063693 50.733232 50.733232 12261651.105638 1624.202159
66.767097 281.869358 0.561978 0.140424 29.521266 42.216569 42.216569 15970156.316627 1823.125091
248.501129 538.677990 1.811975 0.101167 41.790532 46.930745 46.930745 7003361.925994 815.185323
128.651658 414.522097 1.069513 0.132916 34.630556 48.720473 48.720473 27491351.746165 311.107312
109.155307 185.689071 0.318377 0.179004 80.221406 83.675447 83.675447 1844694.437999 4895.686772
604.037515 155.848352 1.212778 0.362046 56.347824 57.825296 57.825296 631630.024289 3900.468330
150.401576 213.780689 0.416084 0.248232 77.442205 80.617587 80.617587 1537012.824566 4429.085993
371.741963 288.450384 0.917825 0.286253 59.470911 63.078082 63.078082 2496391.544139 2064.486886
256.882437 107.446552 0.366517 0.311804 73.698586 84.630085 84.630085 6570718.668869 402.490008
644.178267 261.529123 1.569685 0.194758 49.800293 51.766001 51.766001 1184017.327044 2925.802105
493.500389 181.496372 0.917684 0.272420 66.260060 -1.000000 66.269446 60.180685 1629519.014418
177.871563 329.214311 0.788823 0.386816 63.779133 65.570350 65.570350 1082163.064155 7130.876769
82.683787 74.757936 0.189667 0.265343 90.625767 92.657509 92.657509 683597.436927 12160.555126
224.852339 360.198316 0.930096 0.353616 65.804353 65.827755 65.827755 495.620544 666551.386269
294.117052 350.494007 0.967926 0.126608 57.342116 61.682896 61.682896 3341203.272860 1488.056296
532.515827 20.691023 0.836478 0.156567 68.331628 -1.000000 68.171421 8462.831130 -164932.060257
93.256100 223.119305 0.492962 0.407506 12.180339 45.318165 45.318165 29508789.439021 395.530813
101.868964 259.635422 0.522364 0.227260 47.984755 57.982123 57.982123 12689195.711905 1137.279123
135.532711 227.376037 0.451347 0.328453 78.331962 79.716758 79.716758 517545.609331 12391.978090
224.014583 54.643428 0.315351 0.462873 91.770112 92.918597 92.918597 107900.221124 12016.067885
149.272415 497.470775 1.489832 0.197012 47.147515 49.281332 49.281332 2602513.397919 4732.700914
251.725422 368.925518 1.015911 0.341601 54.410324 58.671250 58.671250 4268922.748486 1843.619930
155.294587 391.439162 0.982276 0.139170 42.366895 54.182673 54.182673 20007067.662164 1413.899367
229.841912 113.463577 0.276988 0.084641 87.819509 94.219193 94.219193 2165216.957088 944.155955
354.867695 329.144470 1.007105 0.256972 62.721547 63.148082 63.148082 68374.161153 27004.941294
303.086128 402.372476 1.216085 0.334700 56.732516 57.666705 57.666705 360355.921552 11061.099715
319.867399 6.249165 0.353432 0.155181 91.600859 -1.000000 91.605988 8.898075 inf
216.969851 313.111097 0.763680 0.359190 67.277449 68.471173 68.471173 432529.484797 10732.237661
190.425001 256.925719 0.581249 0.417478 73.984948 75.237083 75.237083 384294.225731 11347.379876
583.491418 161.005632 1.146089 0.296049 58.941298 59.731477 59.731477 199240.005270 11876.528064
127.229793 351.452476 0.828752 0.192946 28.962682 50.216956 50.216956 37538330.462086 96.535581
222.705892 147.070143 0.324684 0.137146 93.705302 -1.000000 93.679162 181.116245 -1251272.499105
187.570394 241.977150 0.479587 0.099547 70.665702 77.749027 77.749027 4646723.005296 1049.347796
465.294558 76.244556 0.730059 0.359039 58.289384 67.847071 67.847071 9102250.380745 340.821689
139.420344 137.242062 0.278632 0.268607 86.339780 90.275652 90.275652 1430234.199295 3651.424560
504.904412 27.326673 0.781428 0.289147 69.470440 69.855390 69.855390 39800.595580 31693.712327
225.303650 200.021552 0.463360 0.297325 78.817001 81.091258 81.091258 713848.797301 5428.173517
340.950648 301.230261 0.899325 0.361211 66.565868 -1.000000 66.497265 2603.228622 -355851.434465
85.152791 230.552888 0.497947 0.416918 47.738631 52.405454 52.405454 5190709.393033 6404.324969
541.207680 178.721085 1.039189 0.224168 62.977015 -1.000000 62.920355 1696.314647 -401738.440094
209.291650 216.824043 0.484990 0.298775 74.764351 78.316502 78.316502 1666110.157437 3173.181292
75.396787 443.983260 1.139640 0.048260 57.253361 57.641862 57.641862 174044.769725 43363.082253
623.509547 154.071255 1.248893 0.183346 58.547126 -1.000000 58.526538 302.382274 -1016126.048662
233.673791 308.996915 0.786423 0.399849 60.567307 64.779182 64.779182 3432340.417079 2144.835951
198.720094 314.358402 0.758383 0.414582 66.860348 68.122648 68.122648 516552.372755 10361.933537
416.096897 68.229870 0.598222 0.339540 75.604446 76.439237 76.439237 123865.521851 14228.236521
183.728401 422.694269 1.142684 0.271624 58.621215 59.128075 59.128075 166779.525094 24860.540636
465.359942 191.481256 0.859010 0.186416 64.173087 66.184532 66.184532 780695.306430 4579.642526
315.387899 372.801781 1.130576 0.323255 44.871206 54.925472 54.925472 15837179.300415 305.730181
171.713237 312.190427 0.752122 0.408544 51.262370 59.674091 59.674091 11016219.815635 946.988532
76.357407 193.152590 0.298000 0.110980 83.179448 84.067891 84.067891 437637.752799 30787.101743
397.846206 340.361198 1.145231 0.287492 55.532225 58.173327 58.173327 1777396.225591 2532.891958
290.899307 302.420534 0.845731 0.453452 61.860408 64.769627 64.769627 1795116.659546 2983.972970
273.858785 360.791179 1.006978 0.260183 48.962162 57.693901 57.693901 12018040.374200 555.426077
477.805192 241.325781 1.006197 0.147503 50.662891 60.423179 60.423179 11640601.560262 184.575989
525.477143 97.586509 0.902488 0.441795 66.594276 -1.000000 66.554359 826.060715 -594751.280394
411.000078 423.601244 1.503694 0.192094 51.541083 52.838583 52.838583 617442.845343 5872.139142
546.651216 39.965022 0.909478 0.336225 65.031251 65.660625 65.660625 108999.729298 16882.974875
174.075776 369.115757 0.919914 0.414019 65.759702 65.817578 65.817578 3650.322004 274069.051909
108.202511 180.563859 0.355497 0.366019 79.930713 81.532782 81.532782 713815.781959 12630.957956
151.707451 318.117136 0.730817 0.415460 67.411204 68.255932 68.255932 372840.312041 18361.531090
367.548939 74.379953 0.505693 0.296033 67.065680 77.274777 77.274777 7525718.886489 290.076449
470.928255 325.062480 1.269745 0.353086 52.707842 55.650641 55.650641 2270838.967078 2466.646731
278.038912 121.659072 0.414366 0.328719 71.819206 81.743551 81.743551 6228908.345009 483.546103
145.150548 235.497910 0.531133 0.485327 57.498871 65.977815 65.977815 8460934.949628 1189.115163
75.955574 218.368276 0.486218 0.450041 36.240645 44.336332 44.336332 8392349.623052 5007.508082
82.736359 245.090611 0.541762 0.401630 32.514130 43.669523 43.669523 12958169.823974 2246.191527
198.109430 198.346039 0.399669 0.168431 85.275456 86.357824 86.357824 182218.131104 13870.707464
287.200356 81.983770 0.329417 0.120349 92.757286 -1.000000 92.473332 11316.539501 -128404.204809
179.382182 90.041282 0.278519 0.342495 74.788976 88.852672 88.852672 7844108.411867 338.749779
471.243183 363.091700 1.394895 0.211508 50.517240 53.650648 53.650648 2567782.147223 1916.461656
150.186463 425.980202 1.136229 0.278082 56.357869 57.254135 57.254135 592241.030905 14608.171253
211.798866 164.742739 0.359383 0.208132 89.483404 90.016329 90.016329 45253.342730 31146.505357
98.146996 487.128413 1.478757 0.261702 6.148611 28.779372 28.779372 39690921.948225 740.769618
304.618274 369.168416 1.078009 0.236647 52.894219 57.962918 57.962918 5253170.970767 1369.105826
167.720959 207.254163 0.480025 0.498600 63.391504 72.152353 72.152353 7128271.475646 1026.065279
260.815958 475.620567 1.496553 0.176840 39.676043 48.922718 48.922718 16950520.625381 365.344868
89.688980 135.567106 0.271550 0.306773 76.933229 80.125378 80.125378 1774739.653691 6603.581936
208.015402 23.773919 0.301692 0.507346 87.705438 92.015201 92.015201 945500.961535 1988.280103
242.835589 400.099668 1.118569 0.384125 60.723155 60.848272 60.848272 11396.157304 106752.883563
344.259899 218.618422 0.712105 0.444315 56.734168 67.124259 67.124259 10666408.242326 381.191266
174.703872 349.498906 0.839389 0.271161 62.409911 64.257759 64.257759 1162702.857414 6634.702434
322.751544 213.424716 0.655970 0.401940 59.324272 69.215216 69.215216 9379337.586289 425.045254
440.926694 49.583571 0.644966 0.370787 75.197869 -1.000000 75.068437 4999.730932 -217343.434373
208.634360 199.509710 0.480095 0.398719 56.975202 73.194938 73.194938 16134306.528702 200.784994
112.631316 421.186376 1.152474 0.388843 42.055300 44.636161 44.636161 4826061.458514 6596.751105
289.541336 413.649292 1.243567 0.274049 52.888578 55.568523 55.568523 2192508.348685 2831.470978
105.682272 48.994511 0.222606 0.408744 86.709499 91.582578 91.582578 1531214.972901 3300.394779
89.925600 426.881309 1.189485 0.319351 20.218260 31.194183 31.194183 21155980.759854 2177.996502
126.722846 453.497845 1.271133 0.292691 48.142061 49.762225 49.762225 2292557.252118 8425.142096
119.374961 228.676821 0.464656 0.329234 62.743359 68.511899 68.511899 5304252.769591 2410.925394
120.099680 525.196815 1.618343 0.185589 47.748435 48.387970 48.387970 621332.413952 20481.820015
107.096027 169.279985 0.354802 0.406294 70.916692 75.240244 75.240244 2802016.156768 3900.233782
226.426717 409.787851 1.146988 0.370171 57.289641 58.342767 58.342767 515465.260808 10767.901454
541.650701 133.363755 0.977006 0.279885 61.102734 62.949706 62.949706 765182.537010 5213.109389
259.178535 239.071636 0.561004 0.155083 78.917119 -1.000000 78.801093 4270.592755 -245457.457447
122.456644 422.872538 1.136263 0.265566 41.323953 46.645428 46.645428 10024899.008344 1936.266399
264.272923 224.950228 0.572537 0.321137 71.710555 74.954924 74.954924 1497424.635092 3106.514340
210.970259 392.898407 1.088701 0.376529 40.445389 51.968195 51.968195 20999923.370347 426.068425
491.733391 91.930456 0.783790 0.201111 54.571191 66.230210 66.230210 12991804.824872 151.407104
322.682341 164.099217 0.532145 0.283642 71.305002 76.626854 76.626854 2903716.329880 1339.841182
343.348734 207.694133 0.684824 0.471617 65.367419 70.008038 70.008038 2835847.534511 1616.789324
612.289449 40.367652 1.110597 0.261017 54.166292 58.744476 58.744476 3873590.379170 1144.280374
63.530040 328.910863 0.682823 0.079822 43.647999 48.558163 48.558163 6918992.812993 5212.685664
317.566741 475.995903 1.581448 0.197338 47.102391 50.258649 50.258649 3178540.873143 2125.175683
174.321126 320.243779 0.738544 0.354137 70.357584 70.654752 70.654752 47912.257107 53108.805324
121.492522 191.348396 0.416566 0.398614 27.139330 62.121069 62.121069 35618677.861647 2982.643435
76.075779 139.526970 0.184851 0.050857 61.283474 86.604617 86.604617 17130097.730936 213.396723
123.811458 302.645675 0.696359 0.372333 44.923569 53.975136 53.975136 13160285.928042 1107.902582
167.334563 363.682757 0.888120 0.208635 52.655980 58.693440 58.693440 7616374.531903 1420.360834
127.185227 384.938975 0.917185 0.121538 59.605706 61.418391 61.418391 1306178.820111 6889.541463
379.402331 437.671349 1.502953 0.218449 52.439631 53.195645 53.195645 253864.407006 11637.596793
311.937222 353.585087 1.037111 0.402471 62.270806 62.536916 62.536916 34026.937569 47036.980860
315.330630 298.158476 0.866616 0.407465 59.324921 63.568818 63.568818 3308948.006055 1900.088538
88.785603 283.089350 0.604590 0.304021 52.433405 54.591345 54.591345 2730122.219154 14583.193982
99.781405 54.555402 0.208903 0.372427 95.774943 97.470842 97.470842 317324.837707 12337.662531
152.338264 349.947514 0.874318 0.357316 37.275033 51.245633 51.245633 24566060.123686 322.663991
204.921270 236.763811 0.470219 0.068121 83.976297 -1.000000 83.957923 110.849028 -1603826.331045
106.452125 238.254513 0.453490 0.213401 62.034558 67.898671 67.898671 5775656.434766 2392.410330
146.717735 418.266213 1.144483 0.350787 41.490683 47.963398 47.963398 12024364.625375 1359.709576
135.567360 99.165514 0.229571 0.253588 87.552951 93.569462 93.569462 2275957.690569 2102.989627
145.052768 168.839569 0.362402 0.389811 77.230444 81.918438 81.918438 2334836.764766 2814.285341
162.960069 155.875489 0.378069 0.551818 87.236349 87.876802 87.876802 67623.777122 27280.944172
504.019625 172.236934 0.927324 0.239307 64.130700 64.977963 64.977963 187655.952538 11832.660355
116.028127 175.813531 0.361711 0.388166 74.031390 77.959733 77.959733 2318434.294742 4176.774412
174.271907 393.814355 0.989872 0.089273 49.740361 58.232161 58.232161 10737143.425055 579.306372
85.172356 298.961981 0.605676 0.117012 27.780407 49.191398 49.191398 29632275.775059 312.606767
302.121573 504.458555 1.702119 0.133195 42.204357 48.063791 48.063791 8425336.299311 628.453533
217.310553 307.575447 0.706524 0.100173 59.665151 67.863536 67.863536 7499317.680621 676.651731
374.148445 326.610525 1.049862 0.346043 60.328547 61.377447 61.377447 349171.495284 9612.515706
107.960478 457.300633 1.281711 0.184265 34.401273 41.656551 41.656551 15702835.647521 1292.322820
480.008736 224.496176 1.000742 0.380751 57.848061 61.279215 61.279215 2342445.790831 1940.427769
93.088742 0.442236 0.189153 0.315167 69.068783 83.861115 83.861115 7573010.771155 662.239336
191.335368 298.329812 0.728546 0.472333 57.204442 63.371099 63.371099 6421088.307185 1454.240365
231.144358 486.659115 1.512308 0.212952 47.986346 50.666036 50.666036 2738198.752008 2971.021323
156.660981 508.348585 1.544018 0.195803 50.865473 51.505579 51.505579 351100.289286 17537.994827
194.909742 70.242371 0.263275 0.300669 84.101829 92.764616 92.764616 3496548.093790 836.512106
327.552361 534.261697 1.898080 0.046643 48.848642 -1.000000 48.737520 5764.115102 -184728.689137
197.067909 282.102234 0.679742 0.501701 65.378561 68.438532 68.438532 1961899.799516 3748.619841
538.539002 105.206141 0.932858 0.248051 56.289494 62.531610 62.531610 5621968.163268 688.380290
171.541569 425.628924 1.161127 0.365104 56.761001 57.525492 57.525492 415561.176947 16542.758753
269.319990 14.271781 0.321049 0.307514 87.459268 91.027402 91.027402 872066.461779 2625.625197
313.105945 403.080502 1.245058 0.352395 52.868381 55.541758 55.541758 2183502.846071 3084.336422
173.272895 304.733927 0.696754 0.248931 49.401756 61.663294 61.663294 16907568.689770 492.932411
68.065971 408.131746 1.002709 0.072819 31.103950 40.367770 40.367770 16201398.861589 1788.940041
131.253243 338.585469 0.809308 0.375186 52.381152 56.438688 56.438688 5340233.532000 3103.177962
364.703976 270.759504 0.847377 0.330786 68.142102 -1.000000 68.081689 1871.824548 -397651.750776
111.631479 376.293381 0.983365 0.396267 27.591161 39.833219 39.833219 22764080.498636 818.679083
78.273404 150.804740 0.265063 0.177326 48.496502 64.673249 64.673249 13805402.470391 734.277432
147.340121 333.319399 0.775961 0.431211 67.943032 68.266969 68.266969 90633.472855 51313.763681
475.308948 112.521429 0.797744 0.463242 66.321482 68.080834 68.080834 587857.915523 5645.056780
191.137205 422.070130 1.155181 0.173851 41.380281 52.183528 52.183528 19240760.036783 368.100987
118.560059 294.511817 0.651978 0.356112 56.253143 60.137485 60.137485 4505305.747448 3772.991029
218.294419 524.280523 1.688934 0.120255 47.592585 49.415200 49.415200 1360318.827040 4045.903480
267.735176 100.914244 0.309456 0.075657 84.613743 91.932497 91.932497 2717290.889915 521.957281
83.109662 234.004309 0.442750 0.229379 61.726261 63.724462 63.724462 1976597.887560 15291.712784
471.673720 369.957296 1.438190 0.277800 43.365951 51.338424 51.338424 12272715.922672 -31.713044
116.163838 199.603489 0.411735 0.355679 57.139114 67.226737 67.226737 9643019.025900 1090.207492
96.367996 246.753108 0.560955 0.508482 46.602581 52.212672 52.212672 6587789.925930 4137.872194
83.958223 267.550008 0.608039 0.423940 34.455496 42.732546 42.732546 10575620.146276 3606.991756
490.137818 25.450925 0.770889 0.484451 70.411139 -1.000000 70.254454 8150.443400 -169822.066512
103.973458 162.706415 0.297435 0.240086 75.868148 80.781900 80.781900 3058362.232104 3324.479412
105.007319 339.141823 0.800719 0.277343 35.639514 46.087063 46.087063 17618562.584918 1067.308884
154.616920 329.481754 0.817124 0.475067 46.851318 55.005575 55.005575 12001650.183717 1067.578582
98.442215 487.846662 1.421465 0.128683 29.890334 38.896122 38.896122 20583574.725866 973.189210
95.285478 15.356727 0.226111 0.475664 86.033874 90.098861 90.098861 1171430.462149 4417.514088
199.080475 393.734603 1.042554 0.409652 62.708117 62.759479 62.759479 2721.837499 287427.773497
83.137121 151.727105 0.304137 0.273936 34.536007 58.010548 58.010548 19542066.024585 451.156050
210.096898 436.856746 1.209694 0.080741 59.333178 -1.000000 59.321396 121.588960 -1758842.479252
121.320324 388.586476 1.023873 0.399537 38.237500 44.891397 44.891397 12528373.068777 1757.786185
180.790238 470.632794 1.384130 0.199745 42.314093 48.801610 48.801610 11310801.648839 985.238828
376.361559 89.791884 0.554745 0.392153 63.754030 74.651517 74.651517 8770156.987541 269.180902
209.963728 231.860960 0.549376 0.488339 76.756602 77.681357 77.681357 187920.163055 15699.119310
100.710340 108.823910 0.300726 0.524168 69.721262 76.600101 76.600101 3694494.426042 2175.877151
452.056838 44.807055 0.679400 0.406051 69.494350 71.929341 71.929341 882450.871273 3763.791360
183.298862 355.617341 0.887547 0.383439 61.381335 62.984164 62.984164 990318.463799 7746.269753
384.438560 225.181423 0.789263 0.398965 62.192106 66.589706 66.589706 2962660.459416 1678.658212
163.063189 425.470734 1.153742 0.274552 51.739316 54.402855 54.402855 3013285.448433 3954.974367
581.579822 170.497714 1.163158 0.370808 59.609774 59.876371 59.876371 29956.283255 37354.499160
102.645966 275.920881 0.544919 0.168107 55.128444 62.071089 62.071089 8306847.311150 1835.947383
222.969730 457.172441 1.349157 0.275181 54.817326 55.381390 55.381390 194108.015628 19674.792018
128.998514 33.440508 0.245048 0.498000 93.096242 95.742006 95.742006 434482.471275 5730.767451
458.105864 82.077855 0.667662 0.126029 74.222189 -1.000000 74.034607 9054.297059 -155082.577946
88.216084 35.369838 0.186768 0.308510 84.175834 89.694923 89.694923 2147384.508490 3382.114056
148.144182 286.274672 0.660162 0.393683 44.885038 57.961133 57.961133 18360775.947769 503.691045
129.236743 321.929999 0.745709 0.371029 55.798712 59.257578 59.257578 4047474.764440 4034.813995
161.142185 399.581558 1.026510 0.294446 60.005391 60.710311 60.710311 326356.812845 19056.089982
186.655201 173.230126 0.344780 0.159563 77.080939 85.147846 85.147846 4690060.052000 978.201090
215.413857 306.991455 0.732674 0.246850 61.373487 66.288626 66.288626 4169959.118062 1755.987678
214.303214 337.909022 0.836812 0.297589 64.692008 65.989336 65.989336 542718.691599 9320.694393
136.230146 132.148126 0.214034 0.089768 95.762504 99.305692 99.305692 876754.670528 3898.839342
261.184609 114.857773 0.346283 0.197670 89.116110 90.401645 90.401645 180198.875649 10494.545060
138.030611 446.101552 1.223806 0.354513 57.008760 57.150412 57.150412 51109.372055 109148.452390
110.375339 260.601546 0.592404 0.421240 23.067425 48.111064 48.111064 30990964.098324 256.597802
271.248006 420.682043 1.240345 0.228452 53.779194 55.987255 55.987255 1581250.823312 3787.715157
180.034280 300.583709 0.681486 0.356007 72.072957 72.501364 72.501364 78662.682889 36282.255377
59.943666 199.261313 0.415547 0.339806 34.959839 41.158359 41.158359 5697939.407582 12907.873008
70.298901 196.656560 0.276551 0.056480 96.567545 96.643528 96.643528 4082.253818 337261.784794
180.062285 263.410133 0.587407 0.371831 69.518726 72.364110 72.364110 1612799.831180 4391.432571
212.534067 456.907094 1.333852 0.192872 51.204575 53.599893 53.599893 2108796.599150 3384.336529
180.304754 152.347131 0.381484 0.510921 83.985849 85.951509 85.951509 437550.062152 7110.264046
447.055812 256.496557 0.998233 0.351030 57.405424 61.121719 61.121719 2717226.745175 1773.410001
414.984110 62.077771 0.572671 0.213376 72.319917 75.990817 75.990817 1560156.845777 10760.909115
97.006585 66.457090 0.228755 0.367628 61.518285 78.056696 78.056696 9754597.461241 576.812983
87.173204 58.900197 0.241506 0.491157 86.112335 88.092345 88.092345 569098.342155 11649.587915
221.468496 405.830128 1.098488 0.184455 58.716790 59.800012 59.800012 450539.589839 9940.278226
101.773543 370.801389 0.946837 0.326465 19.965045 37.255323 37.255323 29293790.016060 728.941588
229.318370 325.505818 0.806188 0.205583 55.817018 63.203631 63.203631 8083149.895246 825.323135
137.104047 499.377837 1.529855 0.249832 31.812877 40.567953 40.567953 21094741.807432 745.814417
289.134854 452.202890 1.423195 0.298203 51.617982 53.220395 53.220395 1057554.386490 5309.885367
78.781479 264.398186 0.491583 0.113218 46.964963 56.681705 56.681705 12033113.080531 1464.252277
483.514049 165.229437 0.855531 0.205362 66.253738 67.082070 67.082070 166162.386623 12450.990544
154.201894 236.377208 0.460811 0.249579 83.341168 83.562769 83.562769 18005.526685 84939.330117
109.412041 337.468731 0.787841 0.329980 52.725694 55.092211 55.092211 3150256.908776 7356.864045
321.365534 332.640996 1.007864 0.429280 42.004498 56.778832 56.778832 24707591.946418 104.987575
290.481995 179.613233 0.536270 0.477669 80.109484 -1.000000 79.996346 3638.181355 -256870.064802
349.720775 210.133257 0.675298 0.348109 70.503406 72.223591 72.223591 534970.749442 6140.236556
377.631166 287.979927 0.915204 0.201555 59.113700 63.213239 63.213239 2952397.758993 1667.065886
258.086960 390.290253 1.051456 0.002652 62.333739 62.881367 62.921629 66579.622095 -10959.600992
149.662986 403.588500 0.996448 0.058642 62.776847 63.261505 63.261505 79116.293478 23801.611723
563.620023 228.045710 1.216669 0.162755 47.960404 56.163879 56.163879 10183908.193288 299.882871
80.594999 406.224133 1.060392 0.225695 28.142895 34.979759 34.979759 13180272.411906 4124.352450
466.521839 107.421700 0.723765 0.160839 67.156102 70.251006 70.251006 1367563.557488 2225.693043
105.710950 305.257458 0.657413 0.294698 62.216622 63.250485 63.250485 972148.207677 21037.125298
67.945440 529.740789 1.636476 0.089834 27.803067 32.297224 32.297224 10461202.670637 6517.058982
373.213081 115.591564 0.572314 0.378079 65.824086 74.158840 74.158840 6000336.637911 590.564039
514.079399 2.128032 0.807613 0.298321 65.783922 67.749080 67.749080 718610.167229 5824.216359
576.134799 408.125792 1.865333 0.086608 49.235039 -1.000000 49.138970 5363.643126 -207381.788142
95.866537 176.939184 0.277888 0.160679 96.977132 97.018799 97.018799 1450.625934 609360.521282
131.530334 303.145190 0.600460 0.086853 77.137452 77.194015 77.194015 1669.121794 319469.699930
80.427193 80.349001 0.202951 0.273755 77.226525 82.383032 82.383032 2623467.800127 3893.820228
117.464846 444.677856 1.225930 0.304729 49.085290 50.029545 50.029545 1306805.627664 18333.026886
174.732718 428.625711 1.196078 0.287723 41.353787 49.554884 49.554884 15158800.836570 733.758697
145.371018 283.374839 0.609845 0.320575 66.970615 69.537683 69.537683 1794589.721430 5426.877003
105.941623 133.758237 0.313421 0.525346 89.126524 89.667350 89.667350 94197.655366 42184.247436
86.962472 460.120048 1.326309 0.260362 26.803716 32.729852 32.729852 13191356.380970 4570.655427
107.550085 387.700309 1.009299 0.347695 35.570738 42.310284 42.310284 12889543.876920 1857.170345
62.437878 129.068438 0.261721 0.253498 43.098617 54.015831 54.015831 8024391.907217 3356.375015
96.865573 389.524701 1.005544 0.345792 42.153050 44.150137 44.150137 3593512.260279 16252.011286
82.933599 157.511014 0.346798 0.394148 42.235679 56.019569 56.019569 11641716.948076 1284.165948
558.169655 370.140062 1.664061 0.174502 43.900654 49.384642 49.384642 6928900.211960 613.770247
174.450914 363.490972 0.907129 0.342637 59.164273 61.320417 61.320417 1694811.713479 5471.169598
215.414050 78.419127 0.338802 0.533317 86.575475 89.544417 89.544417 588354.055157 3488.547494
94.674594 140.102069 0.294466 0.359424 73.995168 77.925703 77.925703 2294499.509367 4964.913502
193.789766 196.313733 0.469116 0.479392 70.442409 76.600246 76.600246 3747127.272660 1453.239861
513.335766 144.721149 0.935114 0.380961 56.313777 62.236258 62.236258 5289490.452765 853.158999
171.068181 223.702428 0.488084 0.401520 73.170305 76.529022 76.529022 1749270.141500 3796.234907
113.036919 357.693404 0.856707 0.220470 32.460757 46.780716 46.780716 25551000.930201 480.553158
498.409278 217.471726 1.011694 0.263665 60.872281 62.296828 62.296828 511717.643574 5380.254231
145.345869 449.027022 1.272072 0.257295 36.826035 45.467758 45.467758 18078399.575000 794.518096
178.841510 275.823715 0.652384 0.505843 62.671803 67.094134 67.094134 3608231.287346 2475.216390
133.331428 175.199837 0.287683 0.117943 92.519561 93.800802 93.800802 229671.475842 13689.422856
120.204697 214.799983 0.387929 0.160178 62.138263 73.258130 73.258130 10605590.086150 850.932139
119.131039 370.841769 0.897319 0.259096 52.825869 55.511826 55.511826 3504898.360107 5231.148029
310.091172 357.754824 1.046349 0.282410 55.922952 59.403356 59.403356 2826530.790246 2219.793530
96.843324 67.606717 0.229189 0.390757 78.405845 85.102755 85.102755 2936330.449287 2428.914419
157.194629 364.142906 0.904436 0.347799 55.665378 58.769686 58.769686 3333334.779389 3686.818278
87.040695 169.481747 0.379355 0.428937 35.307271 53.218933 53.218933 15653987.889888 803.637800
87.880088 242.497714 0.456850 0.160225 33.874753 54.220527 54.220527 24422387.528180 397.984974
341.889414 348.653615 1.055823 0.298325 9.853942 -1.000000 62.719350 99836027.158358 -156.207074
490.723131 264.126560 1.093385 0.108821 56.213780 59.884446 59.884446 2338085.653322 1278.976399
452.124587 385.785128 1.426877 0.126282 51.761980 53.883077 53.883077 1209109.827758 2791.495474
587.459672 147.055919 1.124086 0.213861 60.350343 60.683198 60.683198 40554.968517 31127.571853
158.454657 21.103324 0.184029 0.219879 104.946162 105.777877 105.777877 54030.798336 21766.051321
115.013596 516.309745 1.607702 0.216292 31.107672 37.866059 37.866059 16746137.619207 1401.680983
470.894552 155.023613 0.812000 0.230354 65.619246 67.595379 67.595379 735476.260970 4596.362229
255.544427 392.742002 1.097920 0.329202 61.424270 -1.000000 61.345564 4886.019387 -270560.756136
214.375415 20.511078 0.213952 0.144568 94.138092 99.939698 99.939698 1609880.304488 1295.959144
64.447252 125.881690 0.161704 0.059495 94.301810 97.061179 97.061179 963554.316966 8678.278767
62.070420 205.893450 0.401229 0.232908 10.769259 37.693480 37.693480 18590550.497549 1610.085952
605.841673 216.062339 1.319140 0.184319 54.354689 55.949062 55.949062 712889.383746 4547.204097
221.442081 199.960035 0.479434 0.418269 80.979715 81.784064 81.784064 119719.714957 18665.525890
162.202736 292.028287 0.646053 0.399070 73.846857 74.114042 74.114042 38690.144964 63628.322270
620.990148 262.890539 1.492740 0.213361 52.865854 53.586691 53.586691 201714.175932 9500.456407
123.283618 226.849326 0.506002 0.457674 44.833901 59.343153 59.343153 16685142.928927 553.420452
97.507027 225.940976 0.438064 0.250346 54.603283 62.448789 62.448789 8482086.614913 1788.496817
641.783331 141.774092 1.303429 0.291824 57.410830 -1.000000 57.347846 2516.312622 -331706.535162
461.010037 318.655869 1.187856 0.132716 59.677495 -1.000000 59.622264 1691.062006 -396451.090451
251.135320 285.621367 0.751482 0.465309 56.950414 64.469576 64.469576 7696155.303436 894.274014
393.784059 289.798318 0.976032 0.358293 58.952795 61.876088 61.876088 1850460.179845 2352.980020
112.595058 308.711087 0.707894 0.337928 41.636435 50.905580 50.905580 14076350.778613 1069.790354
83.825566 434.122419 1.193268 0.253028 31.041839 35.252641 35.252641 8877542.016302 7973.256269
94.636613 365.359971 0.870467 0.226828 47.321190 49.866215 49.866215 4020228.268534 8101.567904
289.693381 51.565578 0.385753 0.419150 82.224840 86.137957 86.137957 1125972.302865 2081.724211
108.430555 521.215075 1.562773 0.037439 48.216808 50.658570 50.658570 1691132.780005 2890.211521
165.188625 527.643945 1.651356 0.143948 50.673906 51.034591 51.034591 110075.007946 29901.313601
114.997530 280.806896 0.652511 0.467478 41.625765 51.523446 51.523446 13681948.030801 1150.126078
130.010987 302.961058 0.676256 0.422070 66.368623 67.362900 67.362900 629137.087952 17347.551710
216.425584 503.893577 1.574830 0.192148 51.957460 52.306486 52.306486 87872.776458 30631.986556
256.041532 394.502990 1.115658 0.358224 58.616559 59.528455 59.528455 355084.948100 12312.207982
203.403202 216.404210 0.485841 0.348325 76.945573 79.245670 79.245670 816174.611460 5549.163279
113.908039 187.873472 0.414914 0.539275 72.421103 74.877524 74.877524 1381898.773860 7510.989823
117.701985 137.025360 0.233407 0.153386 87.727718 92.609589 92.609589 2038762.928553 3123.870060
179.595756 230.399846 0.518022 0.433292 70.776784 74.654981 74.654981 2244590.799492 3054.539752
119.803114 540.652146 1.706609 0.172279 46.492739 47.218094 47.218094 741505.102543 17574.041723
86.366070 388.376522 0.949552 0.165772 42.466277 45.982388 45.982388 6150453.447350 5668.242004
294.746952 421.948838 1.305202 0.338346 47.376373 52.706619 52.706619 7050314.642134 1107.218969
60.929249 140.834429 0.210740 0.104400 70.612087 74.689514 74.689514 2825324.201705 7483.575002
102.014859 159.958722 0.322123 0.371396 80.058334 81.985298 81.985298 889406.877392 10864.484779
447.412467 107.220125 0.709337 0.396802 72.779911 72.849488 72.849488 1734.859224 215680.707686
358.324530 308.698456 0.930800 0.157660 64.429369 65.040002 65.040002 109137.996158 17793.617851
143.420986 419.904633 1.138746 0.359125 48.130323 51.234142 51.234142 4593809.230486 3674.108761
362.612450 313.376487 0.951744 0.101268 55.173814 62.238324 62.238324 6466484.150572 423.603887
96.369275 345.586189 0.828036 0.343717 46.453427 48.591381 48.591381 3336427.379741 13585.842043
137.732879 182.506340 0.340254 0.243289 85.172784 87.188610 87.188610 639514.362837 8286.503744
193.533321 429.626202 1.202037 0.203442 36.064486 50.091658 50.091658 28339354.880299 149.679942
465.321836 190.375949 0.895856 0.422586 59.709813 63.776141 63.776141 2798415.335246 1542.397468
111.004765 52.080835 0.198371 0.296356 82.114006 91.487555 91.487555 4049158.609866 1297.111444
124.321926 429.073733 1.130272 0.248609 56.012084 56.552933 56.552933 398501.742120 28719.953264
374.142341 149.698908 0.633478 0.487188 70.915926 73.488933 73.488933 923361.820835 3539.560030
618.140937 106.010147 1.182598 0.253060 50.328256 56.793967 56.793967 7125643.078473 563.764821
275.557773 278.189531 0.745455 0.493180 70.527417 70.864114 70.864114 38355.095101 41469.112553
260.584767 323.996810 0.839150 0.258408 64.817618 66.287306 66.287306 579277.549895 7562.487656
120.735682 339.250933 0.825103 0.332694 24.822105 45.163203 45.163203 34075405.166767 234.105372
177.469330 333.271110 0.806907 0.419203 63.640316 65.211838 65.211838 908264.215827 8269.767700
207.317051 381.346233 1.029890 0.338580 41.030288 53.204292 53.204292 21648664.005016 383.307754
88.095448 25.420710 0.178961 0.315354 97.910316 99.407139 99.407139 293499.871237 15776.180939
120.737931 165.844508 0.291583 0.215658 90.996566 92.148370 92.148370 251385.910197 16957.570994
485.189752 406.653879 1.593480 0.064875 50.761258 52.132524 52.132524 469466.513452 2938.447198
207.355855 153.265478 0.346086 0.229063 84.316781 87.882017 87.882017 1172664.478600 3213.855984
172.638648 349.516431 0.850177 0.316117 59.592114 62.298062 62.298062 2269708.476417 4240.849917
429.955875 319.854361 1.158103 0.345601 49.743326 56.317026 56.317026 7889513.048417 647.088665
97.920173 289.001959 0.692497 0.478222 22.551967 40.242282 40.242282 22974472.151286 845.756467
248.090195 318.355946 0.817886 0.379522 67.279014 67.876248 67.876248 126893.924408 22033.540470
311.106480 289.042082 0.804458 0.315370 69.333962 -1.000000 69.225369 5495.584689 -228920.824649
272.130820 102.187726 0.346589 0.188814 86.356965 89.290479 89.290479 739569.102269 3547.840877
184.948403 364.976372 0.944006 0.392386 51.146958 56.774157 56.774157 7386128.377205 1513.937866
294.445666 316.294714 0.856872 0.250320 66.937283 67.295394 67.295394 46673.004258 36064.544909
105.577014 353.959014 0.877521 0.310544 12.602753 38.879315 38.879315 38795826.354422 357.881145
192.630917 446.888447 1.277755 0.221714 46.067173 51.480587 51.480587 8079179.743949 1276.824798
505.099287 332.513117 1.366579 0.178343 48.516731 53.699902 53.699902 5539559.356028 781.688697
398.860282 254.271500 0.879836 0.380293 65.819602 66.407870 66.407870 103578.529696 19660.761741
183.605896 368.013168 0.936470 0.437410 62.558062 63.265630 63.265630 274143.362746 19139.853822
482.850687 190.860496 0.935756 0.424120 62.165614 63.923943 63.923943 700455.459231 4059.940587
105.726357 371.333663 0.927951 0.358452 47.007894 49.125175 49.125175 3371354.272024 9483.693929
140.289045 217.603698 0.462003 0.499063 81.069084 81.594101 81.594101 98589.013356 35520.995279
141.682218 429.764222 1.166598 0.260084 46.326183 50.506868 50.506868 6650380.504700 2404.104159
51.084419 90.794054 0.290550 0.481492 11.659407 35.892132 35.892132 9069946.667873 4912.663573
101.777286 264.855015 0.559271 0.349933 58.154804 60.960792 60.960792 3031241.882819 6823.505856
113.499794 219.119333 0.460345 0.503281 76.222101 76.827212 76.827212 254287.361985 37019.283317
117.355738 411.888593 1.055824 0.213041 51.774424 53.723280 53.723280 2475826.820950 7165.273488
98.062725 457.127031 1.279172 0.148123 6.768100 35.315405 35.315405 49198751.381176 313.068018
393.190279 77.718827 0.546719 0.262499 74.882011 77.572144 77.572144 891267.855663 3368.377033
177.049680 375.104344 0.953597 0.248146 48.099910 55.884232 55.884232 11565496.137672 847.427401
154.474065 367.628190 0.921860 0.367022 54.186888 57.510699 57.510699 3862859.879544 3460.347652
519.701933 39.721061 0.855360 0.425153 59.598617 64.789834 64.789834 3881502.088689 1025.850003
88.425304 163.064757 0.378684 0.488221 45.175897 56.877340 56.877340 9966246.540802 661.449695
253.280131 375.209979 1.033535 0.414711 62.636349 62.780730 62.780730 13225.596152 94428.883403
126.405038 269.632191 0.596603 0.428720 58.248095 62.836581 62.836581 4807041.255486 3184.829843
147.057080 196.458491 0.409014 0.395056 79.810709 81.913698 81.913698 767938.394276 7504.095340
617.103164 174.329142 1.275925 0.277121 56.755034 57.336772 57.336772 125610.649524 16167.895034
174.492030 511.702132 1.568086 0.157300 52.989738 -1.000000 52.937246 3684.607667 -348286.744814
245.102050 407.891871 1.135026 0.127470 52.133722 57.025506 57.025506 4914564.864799 1306.152160
293.446476 74.302265 0.428234 0.514188 69.202036 81.415686 81.415686 7594726.090039 154.951888
347.265855 210.170981 0.649040 0.244485 75.037395 -1.000000 74.921666 4559.636301 -237060.894447
134.457025 164.281370 0.361330 0.497271 87.477889 88.108645 88.108645 89399.172486 30535.569896
136.726215 401.614754 1.050622 0.375644 52.339534 54.237192 54.237192 2311847.650773 7027.215958
545.509888 271.186903 1.270471 0.165384 58.018074 -1.000000 57.948477 2769.046046 -311959.084391
281.450666 230.138782 0.618556 0.344250 63.717511 70.962051 70.962051 5797404.450501 899.379394
89.929939 161.671300 0.318142 0.276943 48.154996 63.286093 63.286093 13539207.519087 760.798155
329.059965 130.122104 0.491050 0.270080 66.715808 77.532931 77.532931 8309627.117418 285.396780
107.910494 106.050458 0.286823 0.543488 93.034523 93.522344 93.522344 52366.423453 45357.484725
327.532887 202.682769 0.633479 0.424596 72.309093 73.922138 73.922138 450221.246432 6839.198025
152.877838 210.173777 0.464204 0.498044 74.874133 77.519594 77.519594 1209601.473460 5517.919461
621.132298 86.980542 1.170378 0.312060 58.779676 59.388836 59.388836 127156.578078 16062.361817
185.831363 294.116470 0.670395 0.319598 67.264818 69.672488 69.672488 1377453.012765 5075.946584
415.989547 131.472052 0.655485 0.278037 71.049553 73.077973 73.077973 651249.837356 4707.077124
472.620885 255.761876 1.054179 0.361764 59.990951 61.261548 61.261548 453243.922745 7362.531030
116.105426 349.706693 0.827886 0.292501 50.911102 54.516937 54.516937 5084309.105511 3880.690383
132.502279 289.451587 0.656750 0.439612 58.196766 62.116488 62.116488 4126820.812961 3457.506868
275.596097 496.988032 1.605348 0.087960 52.429824 -1.000000 52.303547 9815.244150 -159217.226791
264.405731 175.550753 0.495869 0.467787 79.187603 80.544207 80.544207 265834.053628 9231.184368
267.508179 261.403222 0.649337 0.188456 61.844224 69.769858 69.769858 7016238.740763 739.698625
171.107509 230.455688 0.532170 0.449110 49.156794 66.180135 66.180135 19776861.496229 249.261899
645.831058 5.626915 1.218026 0.274651 51.563467 56.446047 56.446047 4642893.251678 925.852711
104.504773 155.751867 0.317800 0.404917 86.473446 87.259694 87.259694 217148.497748 28798.296442
123.980181 87.727518 0.228977 0.314816 89.477217 93.877410 93.877410 1379930.086964 3426.871872
176.140042 233.465495 0.528265 0.508839 75.985630 77.305548 77.305548 392359.807461 11302.195331
87.886729 372.162578 0.960982 0.394106 32.631607 37.244213 37.244213 8344665.564720 7955.297680
87.618908 329.461154 0.793842 0.384097 36.179649 41.220562 41.220562 8073203.551455 6265.273371
121.027326 290.295302 0.664425 0.504750 59.629548 61.694037 61.694037 2027298.526315 8204.457869
132.830173 200.915355 0.389444 0.281122 74.807850 79.059295 79.059295 2556924.301528 3357.579851
392.772041 261.174672 0.898251 0.344366 47.655626 61.143358 61.143358 19103615.980674 171.769816
148.686205 501.806369 1.519261 0.173491 40.670689 45.978182 45.978182 9837029.355204 1402.481065
194.805313 210.399283 0.463257 0.284577 61.257096 74.289654 74.289654 12343961.808101 405.655834
314.858514 300.226217 0.828733 0.188178 67.426582 67.983029 67.983029 91242.855169 21666.201389
143.467133 145.652716 0.336352 0.409622 69.484666 79.866784 79.866784 6771339.901113 824.582045
129.656384 257.105530 0.569414 0.455258 58.986827 64.110042 64.110042 5137231.432803 2706.816787
144.398594 214.226888 0.411096 0.276409 84.611600 85.216276 85.216276 100458.428582 30455.475566
147.831847 340.283452 0.813663 0.413848 61.033289 62.709962 62.709962 1321229.328527 8353.949789
450.578336 249.291713 0.980468 0.382762 64.320153 -1.000000 64.225216 4539.155056 -246947.992476
104.831991 127.302224 0.308078 0.421730 49.228441 68.845324 68.845324 15108062.661087 374.628400
200.039988 284.052241 0.646909 0.305310 70.849877 72.337728 72.337728 554487.909732 8850.437655
190.274757 246.557154 0.530089 0.297716 77.678507 78.572485 78.572485 193314.552790 16956.504707
596.056395 44.568860 1.036754 0.133124 61.231492 62.249693 62.249693 247080.361413 7939.382946
118.809408 189.335942 0.416417 0.428758 44.761911 63.206667 63.206667 18610661.658647 375.849604
123.636774 281.512860 0.542714 0.146578 77.105037 77.657398 77.657398 127763.233712 31860.221376
137.928372 422.026624 1.140186 0.258543 38.923830 47.122526 47.122526 16041190.447605 949.617126
242.588425 113.422892 0.282683 0.058771 97.039995 -1.000000 96.919471 1736.993939 -313623.303380
491.561148 61.339275 0.791484 0.408609 59.336021 66.275959 66.275959 5827779.528817 623.813225
119.802993 67.779878 0.221685 0.344558 87.403242 93.106969 93.106969 1924838.737389 2483.764504
269.159820 239.388406 0.588037 0.229082 77.989716 77.999596 77.999596 53.766859 1909859.514408
347.809818 321.574913 0.951631 0.148450 65.184445 -1.000000 65.125666 1771.413786 -397556.431259
175.715036 238.332773 0.536513 0.433245 67.675711 72.463234 72.463234 3319873.455416 2271.970907
117.786053 450.197803 1.195391 0.052734 51.203967 55.071511 55.071511 3565427.304431 1996.191988
137.421288 408.372511 1.069643 0.246195 44.331680 50.394800 50.394800 10385336.258811 1468.736273
179.919970 314.763671 0.742786 0.373998 63.599551 66.169877 66.169877 1786284.958929 4673.902125
583.413489 324.008952 1.562653 0.199642 52.286097 52.750547 52.750547 96426.442573 18763.392485
423.899873 429.026677 1.551447 0.125510 50.292349 52.083229 52.083229 980330.527560 3757.822190
299.700547 71.851754 0.355865 0.169475 83.548728 88.106466 88.106466 1547200.613008 1765.381300
130.046905 56.698100 0.214213 0.333893 95.016542 98.142251 98.142251 646621.788735 4995.299377
584.765235 78.914862 1.049467 0.363181 62.696956 -1.000000 62.629286 2417.589583 -335015.352213
110.359331 422.414381 1.105117 0.175898 42.631324 47.735199 47.735199 9188821.936919 2171.072179
169.858818 381.292578 0.992218 0.335738 46.579770 53.711553 53.711553 11179011.576520 1018.891993
473.053816 221.608575 0.985682 0.433766 56.567866 61.125440 61.125440 3699109.591918 1304.194368
87.582522 509.897127 1.565858 0.166107 14.170104 29.414090 29.414090 32751550.115131 1127.007066
394.166470 297.984128 0.991974 0.365701 64.260530 -1.000000 64.248243 121.113921 -1738132.492695
93.556074 274.966648 0.553443 0.185374 43.797555 54.498785 54.498785 14445958.754170 1085.395757
128.928642 459.291610 1.322886 0.236462 19.557609 39.370649 39.370649 44441657.787349 149.272473
260.122637 239.612240 0.604104 0.376454 75.992242 76.382691 76.382691 40812.525460 37743.515351
181.690737 414.712062 1.121899 0.221852 44.571154 52.536809 52.536809 13156118.723497 779.477990
106.698225 168.973030 0.278580 0.130045 66.428703 79.690755 79.690755 10748913.819298 717.014814
112.829006 344.896202 0.757262 0.113344 55.856044 60.785532 60.785532 5660330.694055 2281.983332
100.130929 254.579883 0.446061 0.099254 77.770049 79.309898 79.309898 670636.414260 11533.255720
212.483485 122.819022 0.332664 0.317254 82.175471 87.848603 87.848603 2231612.238276 1619.582147
437.393724 3.126221 0.626984 0.382907 75.835512 -1.000000 75.652783 8963.450821 -158912.825056
55.934398 120.239530 0.267235 0.305192 42.841728 49.865156 49.865156 4791470.481412 9940.071432
87.182265 193.443795 0.293638 0.100680 90.164188 90.941468 90.941468 201937.744332 29068.892174
110.920886 195.769314 0.384926 0.388470 81.899621 82.633925 82.633925 245606.720717 29373.551187
252.952967 507.522869 1.641682 0.134887 47.216393 49.736949 49.736949 2223718.961311 2629.741177
71.120955 217.479645 0.429689 0.274017 45.577874 50.632517 50.632517 5432101.200746 7866.829422
198.275023 298.869323 0.701351 0.422104 72.544072 72.689470 72.689470 10946.161780 112341.208081
137.084814 309.528764 0.742943 0.488459 48.949117 55.687309 55.687309 9202179.449720 1552.944198
163.711677 413.048169 1.087390 0.180857 48.246024 54.095401 54.095401 8387480.844493 1317.709895
