142.188313 254.741065 0.547463 0.396495 66.811956 70.283474 70.283474 2595682.969763 3973.013857
601.823029 0.060865 1.053062 0.180828 58.963217 61.136964 61.136964 1003118.179074 3321.806528
282.188426 303.200436 0.822403 0.341628 59.236101 64.227536 64.227536 4266955.850512 1524.223135
124.108980 330.722216 0.810610 0.476708 45.982944 51.549861 51.549861 8366492.170957 2192.391690
91.586245 107.660423 0.176974 0.114584 75.607773 88.607896 88.607896 7933030.786200 854.812470
143.186654 67.524380 0.252194 0.417467 86.147299 92.328233 92.328233 1967190.310485 1786.180454
474.319976 199.558551 0.933978 0.427167 61.360079 63.628118 63.628118 1086625.474400 3423.206875
427.281006 423.680579 1.548548 0.191610 44.160614 50.296062 50.296062 8387213.953694 542.608327
285.573840 355.092082 1.002967 0.339512 58.656823 60.957162 60.957162 1444164.013569 5775.358057
230.092858 170.103399 0.404368 0.286457 87.963275 -1.000000 87.941637 165.291283 -1391731.078236
223.595352 195.851205 0.503228 0.478451 57.936802 72.958848 72.958848 14291758.890497 215.487333
101.936418 470.915190 1.320759 0.095942 28.609602 41.921388 41.921388 28708520.058072 440.960295
648.015318 163.959562 1.359243 0.263689 56.379649 -1.000000 56.299122 4016.993894 -261079.067105
421.767475 196.141746 0.804311 0.464493 67.906614 68.626845 68.626845 129900.347249 15718.624111
89.218182 251.699694 0.418445 0.062741 85.177659 85.471886 85.471886 33042.897959 68778.393356
103.764973 45.993066 0.178020 0.236883 71.277878 88.387365 88.387365 9493528.684605 473.815250
283.114871 412.640412 1.220128 0.289656 58.363675 58.591665 58.591665 30720.971022 52749.338056
300.708646 331.405544 0.945416 0.383476 60.368355 62.590735 62.590735 1263693.426538 4767.487557
113.430718 254.206727 0.536304 0.434231 69.157168 70.162453 70.162453 665629.525033 21088.465536
215.647813 374.807582 0.953866 0.177795 2.001518 -1.000000 65.295237 103361234.470909 -140.121124
78.907486 272.116614 0.534736 0.190482 57.078947 58.525629 58.525629 1675207.264520 28025.176962
359.873165 52.838675 0.482153 0.316460 65.184603 78.243749 78.243749 10464716.043303 149.851690
87.463539 290.752453 0.602461 0.242735 59.089810 59.635137 59.635137 608175.629033 120063.934150
502.756389 31.609052 0.765631 0.194004 67.380246 69.293487 69.293487 636242.607809 4780.181212
117.955176 259.261799 0.521431 0.231276 56.023250 64.160258 64.160258 9318411.240149 1351.569399
158.057321 460.337207 1.306953 0.337141 55.331868 55.662284 55.662284 129259.667136 40097.101822
395.830684 70.081220 0.582576 0.491426 77.795752 -1.000000 77.617915 7722.532426 -166244.680818
387.550014 341.103539 1.105808 0.153253 58.014080 59.846077 59.846077 836567.942497 4298.317897
126.115958 467.833666 1.318184 0.304381 55.008120 55.060552 55.060552 22702.360204 383699.531962
199.595964 148.860220 0.399794 0.502755 71.476672 80.608755 80.608755 5306893.061295 840.506166
215.382037 99.042377 0.335566 0.458314 91.745200 92.123700 92.123700 17717.253673 43993.988166
69.750439 164.225092 0.384055 0.470907 29.444154 43.760379 43.760379 10900894.760597 2933.676199
479.247667 275.994441 1.107408 0.154408 51.956706 58.478036 58.478036 6676997.671057 562.284896
371.954346 5.558098 0.501099 0.429761 82.013434 82.107424 82.107424 2030.769969 172452.344910
443.463113 108.276548 0.694714 0.326285 70.720030 72.043322 72.043322 322278.943280 7955.876000
251.036980 234.916923 0.593680 0.376730 66.686233 72.204755 72.204755 3768223.042092 1521.146173
81.658848 279.949101 0.647295 0.389649 4.938369 34.351324 34.351324 25295452.365675 1219.184036
187.603383 332.191456 0.826708 0.406880 54.113254 60.083534 60.083534 7056813.326333 1485.303360
153.562451 324.593640 0.785065 0.457075 54.644707 59.289346 59.289346 5461819.796910 2358.160640
605.252669 286.977278 1.522184 0.231705 46.185392 51.270478 51.270478 5911834.667808 849.018949
91.159214 445.019128 1.194997 0.159312 46.119434 47.240327 47.240327 1829390.474176 22442.684939
112.276417 18.311173 0.200504 0.368164 97.927906 99.983039 99.983039 320055.128088 8966.124469
141.401939 340.268686 0.814815 0.366054 54.377058 58.314380 58.314380 4781403.393541 3065.241842
121.046780 248.818342 0.476321 0.235253 75.716705 77.151238 77.151238 682922.057845 12214.755035
134.504042 288.773326 0.633938 0.425222 68.802252 69.851903 69.851903 570375.929967 16065.124877
101.794114 223.626454 0.452563 0.275431 25.318699 54.393517 54.393517 32100260.545291 228.983488
353.918402 304.856668 0.936716 0.362593 64.608552 64.996315 64.996315 55658.095824 31363.991648
334.535388 373.241874 1.139035 0.229543 56.031810 58.362970 58.362970 1473997.019209 3371.510788
349.327391 165.440317 0.534819 0.080389 78.435857 79.533517 79.533517 155044.592068 9226.194683
119.688322 266.940283 0.562750 0.371674 66.568993 68.503080 68.503080 1488180.973362 8988.567891
505.490297 356.626278 1.470050 0.264698 46.554589 51.683120 51.683120 6131092.265772 898.146358
155.021982 298.374044 0.729406 0.495115 33.360404 53.606183 53.606183 31288943.835067 140.725068
172.915921 195.974815 0.389610 0.222440 79.418999 83.243133 83.243133 1703171.073706 3203.578162
133.069212 307.632841 0.685765 0.403896 67.598349 68.394322 68.394322 424348.886027 21507.004510
0.270128 106.164037 1.678874 0.186828 0.089844 -1.000000 nan 0.000002 nan
129.105106 337.415866 0.747236 0.214820 66.885975 67.666296 67.666296 364162.896008 20375.777399
449.851342 23.543089 0.668574 0.438814 72.586456 73.454228 73.454228 142484.679788 12950.471979
167.312354 100.775252 0.289751 0.400878 84.593551 90.185561 90.185561 1907884.808323 1877.005128
289.076796 227.076590 0.610346 0.288929 65.918606 72.025743 72.025743 4352735.679380 1221.961613
331.038967 190.212042 0.537676 0.025497 79.619400 -1.000000 78.753541 44626.932609 -50493.869773
503.082123 262.348092 1.148922 0.315229 56.258938 58.544214 58.544214 1318369.057262 3251.419947
159.022237 174.481957 0.410834 0.503909 68.668283 76.754200 76.754200 5324207.694998 1134.452917
327.077571 120.515322 0.481898 0.355880 82.705030 82.918927 82.918927 9311.926017 80004.723313
429.632739 231.657004 0.876337 0.226041 57.169665 63.685523 63.685523 5936954.362258 735.619700
627.508845 112.149501 1.218512 0.286278 56.335502 57.797634 57.797634 606414.269211 5464.573581
141.173147 390.644061 1.002847 0.399850 56.145033 57.407570 57.407570 1179377.574592 11268.739032
289.513287 272.355828 0.727744 0.317371 68.124335 69.880470 69.880470 654871.525111 6095.130444
140.946578 364.138691 0.863436 0.186610 55.319802 59.413154 59.413154 4645256.615633 2638.040403
109.869119 302.587803 0.696803 0.361521 37.926457 48.929021 48.929021 16631877.703858 997.477586
281.580467 289.005394 0.769106 0.370682 69.057463 69.655903 69.655903 109151.844061 21641.829375
252.229860 318.407398 0.839456 0.336264 49.398282 60.612047 60.612047 15447582.923634 408.036224
75.834198 271.643149 0.588693 0.330764 42.630874 45.782986 45.782986 4128172.299902 17470.561392
49.147176 173.428990 0.359370 0.301567 3.866084 30.263288 30.263288 11256430.881977 4917.654470
191.163435 332.748116 0.810440 0.338728 60.403784 63.654661 63.654661 2669842.679290 3508.460759
489.105208 388.059202 1.519271 0.035501 53.773483 -1.000000 53.605972 7417.639688 -149947.986290
209.375485 427.347135 1.190364 0.161587 47.431901 53.937178 53.937178 9028664.037774 887.922335
173.111930 352.964854 0.872545 0.408042 61.726326 63.182495 63.182495 900525.042038 8902.280115
79.178100 196.089338 0.395381 0.303610 38.022779 51.166471 51.166471 13009693.111671 1453.084124
57.117711 342.567428 0.710283 0.044118 47.835816 52.625933 52.625933 5785908.268707 4692.235444
109.799573 330.067040 0.760544 0.226945 0.000245 45.309898 45.309898 51671542.381667 inf
82.876762 217.826042 0.442846 0.350452 57.280524 59.427337 59.427337 2128751.292281 18814.467841
226.487415 143.171157 0.384047 0.350390 74.742145 83.021939 83.021939 4602906.115559 740.489747
411.934852 381.283894 1.341398 0.267776 44.095062 52.515378 52.515378 12934377.447929 387.477787
210.164242 286.630049 0.670362 0.347062 71.126998 72.157304 72.157304 297468.035239 13201.818015
243.557419 366.754548 0.978115 0.291335 61.495574 62.587766 62.587766 427619.479571 10578.101860
84.488532 227.215718 0.487232 0.377448 37.276869 48.091688 48.091688 12075465.468573 1892.598369
340.388748 370.103487 1.156942 0.380715 55.625618 57.819651 57.819651 1423235.556863 4058.192188
304.341209 222.215325 0.630565 0.402230 75.070956 75.413456 75.413456 30790.800369 41623.789883
373.486694 126.829892 0.574447 0.312213 65.832993 74.072864 74.072864 6047000.623928 616.029659
122.986546 341.546059 0.749929 0.129873 60.779270 63.920268 63.920268 2801068.490369 3914.972056
149.726882 291.648385 0.677419 0.397647 45.769036 57.876477 57.876477 17037316.008716 564.271075
76.852226 405.993937 1.018825 0.133785 36.266745 40.990886 40.990886 8866202.572722 4858.140481
214.226346 265.705446 0.620217 0.400744 75.248182 75.578911 75.578911 36763.545401 46869.055326
327.315197 254.081796 0.776136 0.465784 52.169292 64.125383 64.125383 14440755.418677 249.781213
86.773045 209.631082 0.489939 0.530563 26.183189 44.208173 44.208173 17092595.796687 1323.645865
263.045874 228.300809 0.585725 0.404057 76.870192 77.246993 77.246993 36353.827733 39386.630454
363.069234 417.344834 1.383819 0.284859 53.845437 54.801275 54.801275 380227.878004 9656.250526
508.174596 83.184491 0.814884 0.237630 69.054814 -1.000000 68.930874 5640.578922 -209233.555595
133.777452 364.567089 0.867862 0.198971 52.003651 57.083921 57.083921 6767888.262266 1999.570249
142.385715 415.198644 1.096175 0.396062 57.912385 58.327884 58.327884 234345.475033 36446.547698
204.309521 280.265206 0.636514 0.314714 74.290862 74.696398 74.696398 56415.242670 37734.733624
513.924849 168.558700 0.957048 0.244874 54.268294 61.569187 61.569187 7447924.147666 549.493678
437.543496 51.667544 0.649621 0.375512 64.326877 71.379714 71.379714 5051496.408810 607.311019
112.807898 173.659530 0.331985 0.268592 67.937729 75.925745 75.925745 6124305.827631 1622.718476
288.046690 186.360174 0.552885 0.490664 75.149028 77.131470 77.131470 558175.365744 5758.589479
224.460894 273.865891 0.677625 0.471859 66.517928 69.528721 69.528721 1726841.934203 3625.520556
243.897030 202.183944 0.520517 0.445740 74.212883 77.339784 77.339784 1258696.122858 3409.795204
338.205773 102.976013 0.491380 0.354572 66.864756 77.676635 77.676635 7957650.989293 331.605808
322.199116 294.680767 0.844003 0.321712 66.451038 67.184496 67.184496 159790.090024 16309.988457
539.471264 148.499788 0.974330 0.135028 59.292485 62.710063 62.710063 1960254.794694 27022.223554
167.649113 451.573806 1.276291 0.257426 50.645437 52.933010 52.933010 2475791.529685 4484.203359
331.864762 124.630073 0.491767 0.313112 77.310491 80.110347 80.110347 888548.175598 3416.503222
450.288883 43.550863 0.660443 0.309202 68.143396 72.023271 72.023271 1932216.669062 1880.318961
158.901385 301.621759 0.637709 0.182885 73.097276 73.772010 73.772010 160665.141690 22701.207377
317.036718 58.977035 0.382057 0.211546 86.613760 87.957824 87.957824 198464.353219 9504.804505
408.232546 308.142867 1.052559 0.284717 59.061974 60.849424 60.849424 838766.846867 5026.174878
108.731539 315.651457 0.732472 0.311410 28.432523 45.707825 45.707825 26931448.688555 480.622527
394.698125 110.998624 0.592300 0.283366 62.800721 73.047440 73.047440 8727224.656674 409.792125
542.465477 144.809755 1.018729 0.361882 45.096211 59.064702 59.064702 21157059.509011 3663.431859
221.406858 373.419797 0.964514 0.198815 61.556808 62.799124 62.799124 518814.999153 9016.867319
117.222189 261.611307 0.514583 0.258021 73.102130 74.365739 74.365739 682884.314140 14290.666136
148.976666 248.404089 0.548611 0.373114 46.527967 62.600116 62.600116 20188237.980917 354.503574
95.495894 420.825531 1.035583 0.040294 61.540189 61.982895 61.982895 81610.878329 28959.176804
130.235496 506.141986 1.514119 0.111545 42.940849 47.194927 47.194927 6752421.976441 1937.922368
405.426034 29.129693 0.584429 0.490738 74.930724 76.493174 76.493174 340617.079729 6498.651107
462.562008 160.024426 0.821960 0.420431 68.920186 -1.000000 68.846996 2313.240220 -338664.742163
112.330384 57.482961 0.263724 0.538939 77.883395 85.693593 85.693593 3002895.954643 1559.574208
237.308541 206.185180 0.498426 0.287530 61.548404 74.416933 74.416933 12063168.769835 328.766104
137.713502 430.105714 1.173670 0.238067 37.362772 46.402750 46.402750 18266064.961758 753.436173
157.766413 187.962926 0.372399 0.281770 84.431480 86.145400 86.145400 461864.885831 9234.386928
659.735954 252.092091 1.594074 0.197004 52.660692 -1.000000 52.556395 6929.345940 -193557.460474
382.265656 72.302876 0.542655 0.373992 74.208404 77.438742 77.438742 1174108.557536 2528.178912
182.346806 207.376889 0.478117 0.418653 57.420955 71.582949 71.582949 13877884.482798 358.150681
365.252804 97.390668 0.560525 0.521571 71.314591 75.934598 75.934598 2096110.723964 1489.630669
455.703018 335.119232 1.264779 0.276141 45.981213 54.179719 54.179719 11630467.680510 418.240906
231.487345 233.412341 0.533924 0.245744 75.728945 77.675197 77.675197 632338.455589 6346.279631
102.129873 113.033596 0.306016 0.546286 76.075947 80.197424 80.197424 1834479.027238 4279.832276
130.549116 410.951955 1.046567 0.176722 54.302285 56.450639 56.450639 2211897.480555 5649.159675
203.896501 426.215252 1.202941 0.270710 44.884691 51.909343 51.909343 11352476.091132 857.530989
274.239734 82.050109 0.387094 0.434020 83.181282 86.287915 86.287915 774013.593164 3109.821498
544.971514 113.359476 0.968652 0.289789 53.699038 61.207625 61.207625 7864262.310027 408.722100
167.990460 434.970451 1.199949 0.257683 50.482700 53.488418 53.488418 3586057.500082 3257.285085
157.140843 515.998812 1.607387 0.188622 39.623198 45.029401 45.029401 10383325.459696 1244.551321
555.291838 170.581999 1.090525 0.357593 56.496909 59.524248 59.524248 1985275.048535 23660.960213
81.926899 338.783113 0.722758 0.106668 55.629640 57.845817 57.845817 2657993.489876 9209.566061
145.560474 445.772034 1.200425 0.080184 49.350542 54.258517 54.258517 5649544.998063 1496.684354
232.615616 508.726985 1.607078 0.056589 52.475736 -1.000000 52.374328 5579.918405 -202040.648805
139.623504 445.103752 1.227230 0.193493 43.070356 48.901985 48.901985 10286864.962420 1443.366425
562.749306 133.274657 1.014107 0.096674 59.209792 62.165952 62.165952 1430962.913302 11283.321523
104.510063 342.559413 0.848526 0.467346 44.724468 47.601695 47.601695 4523630.262925 8223.094558
272.816724 105.498265 0.425286 0.523021 79.504024 83.337136 83.337136 1171386.060486 2300.885618
272.042939 237.294078 0.623758 0.368092 67.366455 71.834241 71.834241 2727619.669740 6079.821506
242.961614 343.382904 0.892981 0.366319 66.405644 66.536814 66.536814 9722.216808 110631.244794
266.549086 178.184375 0.436803 0.154445 85.805940 85.858335 85.858335 755.156256 351152.538343
562.603449 44.524756 0.938804 0.187460 64.145826 64.862304 64.862304 132787.762618 13740.549311
86.046914 61.283300 0.213421 0.344842 72.359117 80.589242 80.589242 4175502.888467 2033.852600
523.814796 99.680004 0.914861 0.424098 51.973345 62.005067 62.005067 11779898.654486 260.348008
188.310813 421.866520 1.147890 0.221866 53.258341 56.021187 56.021187 2644744.079894 3476.619916
427.287107 253.365693 0.930274 0.335652 65.842618 -1.000000 65.813821 506.072662 -780926.200204
361.190107 254.186589 0.796092 0.298006 66.164616 67.900166 67.900166 637788.795604 5719.616660
558.899912 18.565155 0.932783 0.258688 61.090790 63.751517 63.751517 1354306.331605 2616.160016
445.825493 6.991009 0.617753 0.170718 59.418419 72.483465 72.483465 12743037.324572 93.635349
650.029905 29.398066 1.225839 0.203464 53.623953 56.955806 56.955806 2381983.867110 1645.348496
336.649189 74.247410 0.395973 0.080132 80.839433 86.137059 86.137059 1854740.953250 931.599495
77.671791 75.780584 0.215087 0.331179 77.956469 81.356457 81.356457 1599133.692364 7496.002047
126.280096 438.502734 1.221893 0.366723 45.402801 47.725461 47.725461 3893498.560051 5893.185080
224.666533 252.247647 0.566632 0.211877 74.530979 76.271488 76.271488 559241.465837 7171.896403
541.826242 291.480948 1.329053 0.160816 49.078341 54.497904 54.497904 5638075.294668 750.588632
466.801165 181.154769 0.870516 0.351472 60.789915 64.658395 64.658395 2513986.278492 1710.969070
307.381337 400.516339 1.225013 0.289435 46.687677 53.839372 53.839372 10194653.685720 684.729768
401.633250 328.263582 1.117699 0.375798 58.051464 59.504310 59.504310 638906.413956 6506.141412
304.600199 194.702406 0.576253 0.386358 72.835713 75.546775 75.546775 1022344.124174 4117.374322
188.787249 424.711581 1.161195 0.222134 53.147300 55.834706 55.834706 2550456.072063 3609.637659
268.764541 339.772417 0.883764 0.115250 64.009677 65.501935 65.501935 510564.906080 6585.099707
178.332333 433.255919 1.240999 0.339225 30.147886 45.934270 45.934270 34886123.786662 198.353068
174.865076 205.769672 0.376487 0.079588 65.344444 82.593263 82.593263 14416041.138737 130.539303
253.094216 381.718212 1.066261 0.414028 59.512134 60.482774 60.482774 387881.614366 11666.586911
109.668472 132.443665 0.243384 0.205268 80.080384 86.879072 86.879072 3729351.364905 2088.169360
498.864339 10.812579 0.760160 0.268370 69.430528 70.198759 70.198759 131761.483268 14263.955897
165.005382 218.309167 0.400694 0.133733 7.377897 -1.000000 88.312776 89184941.998796 -140.968999
61.008044 8.099350 0.212669 0.395505 58.071514 64.293839 64.293839 3111027.942847 7694.287435
111.497509 403.493866 1.008119 0.170168 51.712881 54.153976 54.153976 3172042.076822 5548.817422
231.743507 465.510259 1.405238 0.257860 51.634986 53.186973 53.186973 1091293.438394 14953.884215
56.901684 476.835031 1.341822 0.074935 19.033074 28.741949 28.741949 17714562.774809 3859.443530
262.930887 386.440410 1.103495 0.355947 52.902481 56.929754 56.929754 4133736.474384 1889.523468
387.971924 189.630746 0.718929 0.396000 64.210448 68.983933 68.983933 3063894.709757 1457.056132
121.260586 443.347354 1.245733 0.244881 19.050558 38.714619 38.714619 41897354.084972 267.927391
364.949363 57.198243 0.488061 0.321770 79.190534 81.062755 81.062755 422846.343648 5586.692195
179.682572 205.817725 0.481907 0.515435 71.244072 75.979541 75.979541 2677214.178665 2328.535978
241.099202 31.665156 0.339569 0.517357 83.558292 88.891241 88.891241 1506921.415980 1304.565668
250.188055 396.141245 1.080453 0.084711 56.193887 59.596063 59.596063 2250600.655974 1793.355549
641.479394 28.200107 1.194386 0.219759 57.108450 58.440537 58.440537 488592.880655 4035.259602
350.928484 325.425308 0.969140 0.109779 61.438756 63.264540 63.264540 698744.611945 4323.970002
185.672439 396.339125 1.043989 0.413323 61.653745 61.897367 61.897367 47829.702466 57660.189871
83.467797 21.152982 0.221712 0.457285 82.105209 85.775877 85.775877 1255649.629000 5947.509579
330.559863 319.028546 0.952387 0.374460 59.331893 62.169500 62.169500 1837254.859945 2961.313803
205.822805 228.267753 0.523297 0.430964 79.941515 80.231639 80.231639 24025.960889 57374.795156
311.406472 20.193401 0.390145 0.342156 81.385079 85.715701 85.715701 1415346.937154 1887.139955
61.563779 295.587966 0.566227 0.075345 47.279372 52.343342 52.343342 6355429.511934 4894.710715
291.684592 128.280945 0.425933 0.273078 79.351910 83.209922 83.209922 1393790.725358 2382.721420
326.189405 247.009270 0.716776 0.297928 66.525016 69.586432 69.586432 1567641.884100 2778.902836
421.875204 398.328531 1.420359 0.232836 52.492281 53.964004 53.964004 754944.171047 5264.014270
317.383428 57.915522 0.412465 0.354661 85.540286 86.361240 86.361240 83811.488068 16362.125173
90.971530 137.885364 0.302872 0.335129 23.164959 59.822705 59.822705 27330863.851511 189.682512
100.886463 19.813433 0.224533 0.483126 96.537169 97.741861 97.741861 151301.208307 17408.152101
141.566383 454.574113 1.299719 0.279935 38.739146 45.364677 45.364677 13492829.730035 1199.555218
209.802689 274.709375 0.655058 0.441006 69.679089 71.498855 71.498855 762379.910930 6891.683832
334.326332 118.153521 0.534987 0.525627 62.930219 75.250975 75.250975 9784272.402305 206.537343
81.014538 144.254852 0.333234 0.489208 68.510492 69.630919 69.630919 690757.928119 56246.483730
142.862695 499.015665 1.469105 0.123354 53.714879 53.926177 53.926177 43229.716732 57522.205290
78.825775 381.155311 0.935185 0.186657 33.664605 39.375766 39.375766 10399940.601595 4573.052350
86.192167 312.190655 0.745603 0.451530 41.195408 43.684327 43.684327 3714509.310258 22274.839995
160.626846 226.910340 0.507204 0.456045 65.009155 71.368625 71.368625 5055861.756228 1619.973670
103.956475 229.915675 0.489514 0.400624 52.923440 59.749185 59.749185 7375113.850617 2191.591375
313.852310 93.076921 0.454451 0.436394 77.199893 81.512838 81.512838 1588244.848748 1798.537303
254.350792 77.497740 0.289099 0.143596 88.177579 93.152898 93.152898 1548129.609421 1591.414150
106.404160 464.840594 1.330960 0.252128 39.108004 42.214647 42.214647 6426971.518493 5183.888803
181.966154 184.619258 0.383340 0.286841 87.391841 87.951467 87.951467 59643.749714 30876.250758
210.150816 336.192452 0.833336 0.407797 68.530820 -1.000000 68.488976 1455.137435 -541765.480144
266.073514 43.239644 0.274564 0.122297 97.437231 -1.000000 97.192229 7558.261916 -155354.563449
96.722274 174.946538 0.335636 0.311833 73.996442 76.748603 76.748603 1743925.656458 7516.006105
259.669018 7.206689 0.331309 0.399571 82.584005 89.129730 89.129730 2296647.751670 959.405817
473.095775 159.262153 0.844152 0.353678 63.918964 66.252621 66.252621 1032529.880586 9877.474154
571.172019 181.539099 1.147043 0.265243 55.469143 58.447874 58.447874 1970546.992328 2170.224867
112.332879 202.719153 0.421818 0.468162 76.270588 77.461473 77.461473 560398.866384 17192.569982
228.583193 251.536565 0.616385 0.421927 66.395156 71.033280 71.033280 3100341.655000 1964.710824
647.237468 66.840735 1.241697 0.306620 57.555030 58.060726 58.060726 95652.368719 19313.835018
132.105535 380.381688 0.947699 0.343777 56.726143 58.049888 58.049888 1284813.553205 11178.968405
413.894777 224.328916 0.835389 0.320734 62.028351 65.659565 65.659565 2246683.230731 1983.665615
343.489946 56.656190 0.455981 0.323856 69.433031 79.963962 79.963962 7123952.499518 386.353587
320.803317 226.311169 0.674503 0.360354 59.480722 68.612814 68.612814 8636376.835015 507.482110
185.685906 327.780069 0.763206 0.211938 62.735957 65.925660 65.925660 2329822.715177 3531.168386
74.199066 138.907104 0.239272 0.152380 30.729764 61.881636 61.881636 23870047.811695 349.391673
103.864943 348.788646 0.748625 0.072365 64.216949 66.237232 66.237232 1243220.004291 6807.281233
463.825142 270.434732 1.054827 0.236453 61.594010 62.055340 62.055340 73910.158816 23449.968013
473.040594 393.452300 1.518632 0.240786 53.834785 -1.000000 53.777887 2541.738010 -341636.409070
147.672034 400.121988 1.053736 0.282246 39.402233 49.040562 49.040562 18165279.540239 617.923084
135.146534 295.286706 0.657212 0.314329 51.730763 59.717495 59.717495 10377234.420853 1220.182897
291.770632 408.307125 1.238718 0.343859 49.456493 54.185897 54.185897 5621526.176058 1455.752154
495.968673 75.778832 0.819724 0.457131 59.724096 65.622404 65.622404 4592698.808098 1054.741041
410.817326 316.425428 1.066093 0.115249 51.997685 59.402577 59.402577 7682161.984437 406.030807
142.847225 251.692790 0.555001 0.499441 69.791933 71.889680 71.889680 1216075.218442 7312.455397
138.534027 382.820693 0.996705 0.389472 42.863220 49.417694 49.417694 11395041.494675 1422.381394
269.766129 296.803813 0.799094 0.386693 52.757149 62.635753 62.635753 12037393.918851 479.138582
63.094157 1.229253 0.144120 0.183265 59.169299 72.841724 72.841724 7537287.553770 1304.266768
63.141894 16.294296 0.179402 0.297285 74.226529 76.851054 76.851054 1221308.903981 18899.451552
150.127020 88.724416 0.296765 0.494773 58.911318 83.225981 83.225981 16100812.457861 55.321805
56.019160 195.975724 0.266503 0.032498 87.129279 89.412612 89.412612 716413.585708 9681.816474
200.132910 370.055821 0.978546 0.410445 51.765078 56.974103 56.974103 6497545.833962 1593.193532
655.124278 112.707523 1.309723 0.268744 56.320784 56.812868 56.812868 94051.130292 19235.673337
236.626608 371.620245 1.006761 0.381251 58.194832 60.329506 60.329506 1444426.620848 4766.190934
212.957736 253.329667 0.592316 0.378905 70.304620 73.216159 73.216159 1471903.342774 4316.549343
468.821474 73.418322 0.742720 0.396785 57.887009 67.396267 67.396267 9099773.867584 365.710493
497.221451 163.634004 0.907182 0.314472 62.650421 64.652735 64.652735 841289.975892 10315.642569
103.747635 141.305560 0.336817 0.458219 48.268595 65.778744 65.778744 14072188.525610 485.271729
119.700715 288.116890 0.571470 0.157949 69.219435 71.472277 71.472277 1478586.009422 6723.316436
429.332702 79.986833 0.662553 0.470975 68.942478 72.154041 72.154041 1363576.441643 2405.349397
551.214009 47.964696 0.922553 0.275569 61.652372 64.105248 64.105248 1173790.586142 3338.030103
190.909430 205.556037 0.460645 0.342272 65.208549 75.085714 75.085714 8128569.562317 704.782455
134.819634 175.670536 0.358628 0.336302 73.532870 79.559723 79.559723 3745603.534778 2098.128789
99.771137 197.294538 0.301395 0.070069 81.603315 86.639427 86.639427 2489054.577137 2800.413745
530.097430 230.383704 1.132229 0.318210 60.731617 -1.000000 60.632141 5335.551461 -226082.754778
160.555986 301.520777 0.688092 0.389380 64.827544 67.247276 67.247276 1694427.518764 5464.949948
298.788392 160.768039 0.454611 0.149057 82.332480 83.475127 83.475127 179446.680170 11078.499579
631.213311 33.684264 1.148772 0.116604 56.646452 59.153061 59.153061 1236532.328618 2237.339196
181.126996 116.370298 0.325262 0.465007 90.367470 91.509641 91.509641 136051.795093 13439.980900
144.240315 194.585845 0.387765 0.337370 83.584231 84.910106 84.910106 350135.085430 13014.752219
495.150330 183.999442 0.930637 0.237791 60.052414 63.408578 63.408578 2042351.850422 1815.715243
196.080312 355.333074 0.881597 0.318521 64.744698 65.406865 65.406865 198392.020625 20184.781826
221.214591 380.568993 1.038240 0.328652 41.659735 53.809623 53.809623 21294946.076741 311.176260
421.377973 119.350959 0.663960 0.360250 71.790488 73.167342 73.167342 332153.884279 7597.130012
149.604374 168.200419 0.321991 0.190685 52.341534 79.233204 79.233204 26359713.981030 79.497452
404.140554 138.290022 0.635505 0.235171 67.575835 72.536003 72.536003 2894156.792974 1415.880112
669.039647 60.913850 1.316007 0.287179 54.535990 55.991154 55.991154 636451.939251 5271.179842
214.915199 473.989808 1.394171 0.017744 55.861714 -1.000000 55.753578 1670.831510 -261505.322224
512.739934 110.118431 0.872864 0.292333 58.194300 64.132215 64.132215 4973837.056288 800.063917
400.260971 157.736430 0.703616 0.498608 64.058334 69.443990 69.443990 3505984.665586 1153.013047
113.100200 232.937056 0.431340 0.165418 57.527286 68.477814 68.477814 11674572.494906 881.407814
121.491243 242.702381 0.468515 0.269879 76.374981 77.661073 77.661073 581583.082992 13985.601367
366.418365 279.810676 0.882631 0.257030 52.545666 62.157475 62.157475 11503482.950196 397.519006
395.840548 350.838477 1.185502 0.316481 53.580861 56.899044 56.899044 2711289.334667 2117.444690
234.180562 372.140529 0.989880 0.370284 64.184792 64.214878 64.214878 807.541792 499200.380252
372.800263 126.946301 0.553718 0.238298 74.847490 77.299708 77.299708 785513.200612 3878.292241
618.920525 88.206311 1.176940 0.367768 55.049081 57.850972 57.850972 1830448.006274 2292.179861
193.769131 404.073899 1.064898 0.244200 60.907137 61.302452 61.302452 92180.123972 32665.280116
582.609333 196.958581 1.209214 0.218228 53.071284 56.953720 56.953720 3133578.535966 1365.558265
369.970240 441.214687 1.509842 0.225886 47.164516 51.101984 51.101984 4297953.315019 1377.566231
113.349460 262.706486 0.485553 0.135465 75.053010 76.831332 76.831332 883787.272600 9335.248934
428.809473 306.240114 1.109295 0.313489 43.019750 56.304209 56.304209 21814707.080698 101.789958
298.116458 414.595490 1.251623 0.163294 45.639050 53.881056 53.881056 11927084.514249 416.309196
85.355012 144.808725 0.248301 0.226347 92.287748 92.505132 92.505132 59005.688352 161317.082506
252.246441 9.029329 0.269238 0.193605 92.598709 95.706706 95.706706 641365.745380 3394.596789
360.455230 349.270803 1.086910 0.197819 59.010830 60.383852 60.383852 541875.372854 6565.573626
121.520329 476.896796 1.379975 0.274971 47.826520 48.817399 48.817399 1336762.333568 15103.455043
77.599173 45.876176 0.210313 0.333190 34.470392 65.544124 65.544124 17534784.957766 329.401597
247.957004 238.169616 0.581202 0.254632 47.376486 69.640815 69.640815 29224987.441074 13690.530764
427.363795 226.664647 0.876435 0.398073 64.815062 65.976196 65.976196 331383.203276 8751.650126
195.829394 394.344952 1.052790 0.340134 55.162609 57.788732 57.788732 2400912.470716 3927.038400
288.919418 356.323224 1.003665 0.201460 41.645193 57.451202 57.451202 26794002.580484 82.282822
110.659613 448.028801 1.190748 0.071890 45.113163 51.288637 51.288637 9067985.961283 1287.374108
553.048533 135.607018 1.018581 0.371340 63.547466 -1.000000 63.518935 502.120716 -769669.131651
387.787392 124.071075 0.610347 0.417719 73.639228 75.216327 75.216327 385301.254543 6631.987238
131.462506 50.808198 0.181726 0.214522 86.607279 97.076934 97.076934 4376663.277979 890.257820
482.285470 225.552077 0.987777 0.212760 54.529392 60.962571 60.962571 6244132.029919 747.241643
263.840334 233.425200 0.592630 0.297663 65.291846 72.070296 72.070296 5173475.568308 1056.559546
484.269972 228.138991 1.019459 0.367999 56.810694 60.654001 60.654001 2871009.185815 1605.317380
183.125583 198.792437 0.467039 0.475240 67.049621 74.952153 74.952153 5675818.087676 582.716154
229.702111 427.586925 1.255715 0.351907 40.165458 50.141756 50.141756 18768659.026025 409.431709
105.266516 479.376277 1.343668 0.141678 54.985973 55.061318 55.061318 26302.869501 228437.081212
83.380349 248.430188 0.432827 0.090187 59.580476 66.997230 66.997230 7537911.299929 1906.408510
286.622005 268.704458 0.725496 0.421247 70.532633 71.162046 71.162046 110148.626428 20725.323408
121.020894 281.752529 0.575261 0.257216 69.484179 71.009866 71.009866 968382.987062 10979.594597
219.475445 89.824179 0.346095 0.502354 84.262329 88.282299 88.282299 1054388.421739 2322.336128
476.267181 324.709300 1.280935 0.279600 43.181655 53.648363 53.648363 16848112.365013 177.548991
561.844697 109.236446 0.972752 0.068510 41.271397 -1.000000 64.794986 34524239.261250 -242.737408
123.975385 283.976964 0.601838 0.330748 66.864600 68.574874 68.574874 1242203.140990 9680.666435
363.454479 379.527723 1.227101 0.304230 55.116192 56.909245 56.909245 1018269.143620 4164.508902
483.070682 3.086690 0.755118 0.451984 62.979866 68.040045 68.040045 3300977.684755 1111.273979
139.534940 149.772031 0.349013 0.433799 62.920861 76.468472 76.468472 10146760.004102 577.769781
123.555270 330.930973 0.720773 0.253188 70.721635 70.863748 70.863748 27547.536470 129081.101026
505.593916 154.620575 0.895282 0.182289 62.521641 64.976369 64.976369 1114076.259784 3007.158582
354.617705 167.877037 0.616770 0.428932 71.853435 74.231227 74.231227 817113.591211 4053.752598
92.778056 228.805906 0.483536 0.328127 16.321626 47.150373 47.150373 30311520.406979 377.255119
268.878497 167.332061 0.480850 0.374506 63.455577 76.499449 76.499449 10987862.076139 285.024812
131.034566 155.976202 0.375908 0.519225 58.595867 72.195343 72.195343 10637559.934564 582.060127
82.371135 40.304175 0.218180 0.466186 98.544071 98.642257 98.642257 10000.924415 391123.240253
75.207567 91.423389 0.173265 0.139469 42.069225 72.595780 72.595780 20809048.859313 243.538228
131.293473 256.020624 0.458995 0.082578 83.289385 83.622361 83.622361 29595.898685 52744.756053
89.019814 488.621807 1.455549 0.212218 28.784950 34.008872 34.008872 12390716.776617 4055.136469
587.537539 17.025142 1.026620 0.336383 61.516848 62.387719 62.387719 214152.870767 11114.009812
80.522435 264.525263 0.493742 0.157146 66.514475 67.004097 67.004097 435244.128576 106452.082613
154.451563 469.605883 1.374170 0.258587 40.250359 46.380539 46.380539 11942386.863870 1219.545360
555.690564 174.570057 1.099976 0.385912 58.035281 59.903047 59.903047 881320.848974 4574.558199
222.671681 194.034805 0.459455 0.299682 62.915881 76.074767 76.074767 11735694.130689 348.616028
241.185852 163.340713 0.360064 0.077334 88.247433 89.645334 89.645334 188738.273726 8419.521598
146.249267 377.118907 0.938497 0.433128 63.113841 63.374288 63.374288 86262.962057 61541.136577
350.930101 507.701407 1.804232 0.122013 41.667300 47.357636 47.357636 7890880.548208 560.140542
320.722000 298.867264 0.862358 0.334615 62.484652 64.976757 64.976757 1349217.275099 3553.909985
437.378927 278.017321 1.032952 0.279194 48.697865 58.651920 58.651920 13358814.832046 252.894092
170.567887 458.451001 1.267395 0.009791 57.452454 -1.000000 54.180632 106038.713814 -25473.620919
401.936898 259.255313 0.907935 0.443891 65.155976 65.672535 65.672535 84742.943205 22440.178522
485.750490 25.870589 0.727012 0.217211 63.139307 69.047729 69.047729 4166000.705039 828.764144
221.979845 236.023099 0.524609 0.221389 75.870003 77.954829 77.954829 712090.914369 5955.165943
394.385936 150.643859 0.620847 0.200138 76.113457 -1.000000 75.932107 9082.760803 -159972.464734
136.321871 454.989597 1.254969 0.300431 57.495596 57.557965 57.557965 11408.417790 242093.070908
433.553095 189.178960 0.788271 0.252250 66.355864 68.288369 68.288369 709189.582233 4844.655047
193.728618 417.984191 1.161556 0.346580 49.907372 53.850943 53.850943 5010027.348444 2234.470589
329.223667 262.750502 0.754986 0.280531 69.866063 70.402004 70.402004 80564.195660 23756.561216
79.537728 37.513907 0.188149 0.292628 65.685040 77.763781 77.763781 6535975.945634 1288.030271
369.985671 152.018061 0.555998 0.089078 70.738289 76.787085 76.787085 3118438.808444 629.481459
209.098018 291.896922 0.682949 0.326317 69.886778 71.214293 71.214293 469444.787203 9961.837008
355.488747 370.923542 1.152151 0.124679 57.522313 59.066578 59.066578 624743.174925 5087.933982
578.168090 106.376278 1.048225 0.254607 59.598410 61.322855 61.322855 708823.898347 7905.522053
192.309115 339.343955 0.816668 0.345567 69.097030 69.127888 69.127888 838.518808 537166.696141
354.372264 342.912690 1.056587 0.262486 61.492441 61.927580 61.927580 74380.091273 25940.531899
307.398663 371.874308 1.063838 0.104970 62.298895 -1.000000 62.207011 4072.757223 -251523.500355
510.049752 76.426788 0.801431 0.115722 57.983811 66.852994 66.852994 7886925.799129 238.121970
196.031616 470.409843 1.396285 0.187730 40.483087 48.714952 48.714952 15204069.080276 569.099024
492.297416 289.291889 1.173738 0.113778 55.462328 58.349836 58.349836 1668249.272946 1872.112800
109.570889 234.691167 0.488728 0.346699 53.138951 61.303182 61.303182 9059023.376935 1481.051295
224.402835 242.534209 0.566592 0.360753 76.553028 77.312480 77.312480 136167.431895 19145.552867
560.929388 39.912993 0.909157 0.034027 66.435643 -1.000000 66.370290 841.426266 -425625.018147
381.040084 212.815029 0.744436 0.334648 62.708968 67.874590 67.874590 3667885.205421 1272.203949
61.258828 78.898296 0.170406 0.182323 75.828656 78.129646 78.129646 1258936.094276 20243.052132
492.196466 208.575845 0.996103 0.362246 55.051041 60.643131 60.643131 5168515.131114 944.792501
140.974120 67.589114 0.232896 0.369654 98.693208 99.653764 99.653764 84762.861121 19015.291395
131.975700 139.777440 0.333350 0.445809 64.484473 77.062014 77.062014 8805653.736193 652.633042
129.635462 483.258157 1.381674 0.130487 52.429082 53.279280 53.279280 544910.909334 13974.378356
470.500110 154.996129 0.813735 0.207810 55.331832 65.264332 65.264332 10578802.367406 288.030900
646.573280 3.424118 1.226467 0.362804 55.363710 57.314933 57.314933 1016185.968312 3835.677503
515.293568 38.507433 0.840405 0.464894 66.333566 67.333028 67.333028 227421.180129 10137.602843
73.655615 377.131922 0.911653 0.166132 33.039983 38.658703 38.658703 9980134.876765 5298.663330
123.893305 551.416846 1.770925 0.086294 34.568024 42.418860 42.418860 16671005.183219 684.120206
510.821312 162.840352 0.929125 0.222711 62.135783 64.158574 64.158574 848041.597621 4360.644493
210.738022 389.528869 1.040768 0.270946 53.184058 57.425247 57.425247 4633944.370410 1993.186083
83.038413 432.555446 1.175439 0.244761 37.071377 38.651055 38.651055 3239013.558971 36685.619281
380.006564 205.872955 0.720856 0.328832 68.441441 70.408628 70.408628 702071.025161 4939.117222
191.835881 332.609661 0.852328 0.459452 44.486313 56.220676 56.220676 18186298.563139 480.413764
527.622805 224.540717 1.094843 0.158697 59.472382 60.671352 60.671352 369546.519322 9924.370443
229.715341 273.111943 0.613317 0.107378 66.617329 72.462372 72.462372 3911247.648553 1187.757799
615.409452 9.148680 1.118223 0.311093 55.139135 58.799968 58.799968 2721043.288604 1558.902011
131.180913 378.784602 0.974943 0.423568 48.149874 51.621803 51.621803 5261534.303177 3756.705946
245.825999 323.688460 0.841411 0.342562 58.575584 63.168841 63.168841 4080601.171612 1782.399330
101.061252 393.107883 0.928552 0.105784 62.734132 63.099918 63.099918 144538.785627 44916.237748
76.793245 112.078192 0.212538 0.212717 78.502778 81.895845 81.895845 1882479.334247 7212.893290
138.464048 466.496991 1.309371 0.204351 54.458019 54.972955 54.972955 268577.714327 25187.338513
555.734794 340.006734 1.527808 0.116345 51.696822 52.901314 52.901314 445643.633078 5476.728061
227.535449 124.025485 0.341390 0.277857 79.901022 86.923386 86.923386 3246159.633737 1121.614549
548.317588 44.935088 0.925253 0.365699 61.636273 63.996213 63.996213 1113247.315874 3118.812563
222.353459 64.014796 0.280837 0.288951 88.879685 93.444912 93.444912 1254019.415870 2092.354262
76.872699 249.041024 0.528186 0.342870 44.423542 48.226167 48.226167 4588931.538099 11761.245622
136.381704 552.333547 1.770700 0.121890 49.484880 49.687970 49.687970 50397.663821 56545.156972
118.750740 337.349594 0.757994 0.224740 58.432488 61.021344 61.021344 2742683.865872 5591.213369
217.427794 487.906032 1.514477 0.255148 44.838239 48.989227 48.989227 5939261.823786 1688.054674
226.852100 424.850091 1.199192 0.188921 51.446366 55.290748 55.290748 3992812.467373 2012.534909
232.417158 223.295863 0.553532 0.467616 74.689117 76.553711 76.553711 585656.519383 6609.345560
376.543482 327.439047 1.053077 0.231395 50.640746 58.352407 58.352407 9355119.720096 582.788091
103.529321 34.700171 0.171037 0.249012 91.777609 97.334092 97.334092 1802067.396711 2868.957345
151.091264 82.692318 0.299575 0.539398 73.469916 85.626754 85.626754 5812448.207316 488.676386
104.518739 369.951398 0.835200 0.092346 62.823397 64.022051 64.022051 705859.336752 12261.187598
308.265723 8.867278 0.421478 0.535382 82.724818 84.875013 84.875013 398007.601593 4535.457743
172.471098 210.258477 0.467655 0.509372 83.469207 83.588876 83.588876 5046.591945 158234.982591
234.201738 447.728480 1.316535 0.159378 44.480896 51.928304 51.928304 11386049.334808 664.458367
279.629257 112.193289 0.410865 0.406300 87.613535 87.621535 87.621535 21.779221 2640277.194126
333.404943 291.958833 0.838111 0.229811 68.581978 -1.000000 68.567204 146.191730 -1545779.380339
154.079114 277.905616 0.654541 0.470769 45.468091 58.567262 58.567262 17733835.116754 506.125281
110.172298 307.226272 0.620893 0.160184 71.892146 72.470567 72.470567 226200.678451 31399.978996
73.723303 115.704916 0.302376 0.475590 54.776388 60.938851 60.938851 4084190.073963 5517.836883
147.155764 132.938728 0.286736 0.270063 66.796458 83.231199 83.231199 12049622.060016 303.247136
210.972538 408.162685 1.108666 0.246194 56.746488 58.437612 58.437612 1081753.422135 6117.557173
156.790923 35.843719 0.188019 0.200506 77.922941 97.189911 97.189911 10396915.529713 139.755785
490.487093 213.713906 0.999657 0.342056 55.677235 60.741254 60.741254 4414847.035803 1071.114556
396.779130 247.445528 0.856279 0.319535 61.579537 65.025793 65.025793 2135982.768078 2043.365844
254.780527 465.788855 1.435288 0.208059 48.229353 51.662382 51.662382 3722161.989591 2048.961508
149.019294 16.181523 0.252184 0.505733 96.880225 97.968549 97.968549 83112.863955 15054.212808
507.941075 194.365399 0.979454 0.239288 64.307862 -1.000000 64.180616 7081.964163 -190529.193351
347.971148 333.025112 1.038442 0.399742 55.532297 59.422564 59.422564 3303435.586292 1651.678482
80.912270 407.805910 1.112094 0.371156 26.930680 31.775103 31.775103 9314848.989893 10409.305926
470.593056 195.206249 0.924378 0.430423 54.194544 61.855648 61.855648 7998138.267248 586.776781
117.518257 563.373996 1.838764 0.110566 41.695208 44.014052 44.014052 3497485.218554 4147.064885
128.491192 181.816061 0.376883 0.415022 80.163460 82.307501 82.307501 844297.753905 7970.192376
159.442708 429.036075 1.208343 0.363930 37.465247 46.473585 46.473585 18285595.089404 727.342523
532.310581 16.005584 0.856982 0.268959 62.585711 65.685415 65.685415 1640300.365661 2347.422119
183.878183 144.249662 0.375969 0.469437 65.065278 79.733113 79.733113 10573337.796728 294.616091
491.224879 4.409996 0.724725 0.183310 72.170858 -1.000000 72.057880 4162.104554 -240180.690400
612.575278 79.594305 1.149551 0.392325 56.703129 58.773754 58.773754 1072674.551653 3806.240623
318.860065 31.979035 0.371005 0.205660 87.548704 88.815731 88.815731 173120.093855 9912.426164
319.787715 285.789890 0.834958 0.404665 60.555542 64.675915 64.675915 3018554.290180 1838.258923
84.078053 448.249947 1.283065 0.337272 32.041405 34.025464 34.025464 4345970.360571 34565.477946
342.173542 390.793823 1.225698 0.290825 58.008896 58.359480 58.359480 60101.532749 31627.512253
199.149352 199.162213 0.463062 0.414759 74.535853 78.686225 78.686225 2006947.440628 2659.544645
95.210867 220.889845 0.378918 0.171506 81.854502 82.551690 82.551690 279452.271982 32535.994085
150.823321 360.995430 0.898543 0.277544 33.239335 50.735101 50.735101 32239790.713284 223.222115
155.205959 79.362197 0.293774 0.529230 82.979969 89.257117 89.257117 2024442.946313 1589.828002
108.229082 443.820731 1.194113 0.113233 29.282624 43.690358 43.690358 30059955.429877 393.842653
174.238043 409.153851 1.109402 0.293845 41.880196 50.817983 50.817983 16111782.315015 680.936640
422.645466 229.009835 0.859648 0.288809 62.615299 65.417132 65.417132 1478998.867964 2821.093570
176.061027 471.082418 1.386951 0.272002 47.328068 50.357764 50.357764 3990592.751626 2999.948827
168.937242 301.205664 0.730009 0.437642 40.416869 56.796173 56.796173 25004042.746902 299.673866
139.920020 202.024762 0.400009 0.350474 84.518420 85.248974 85.248974 141052.918629 25334.238086
437.410695 78.721742 0.667786 0.450883 74.528378 -1.000000 74.498462 364.870019 -865829.662116
561.541245 156.746356 1.046015 0.107871 62.795439 -1.000000 62.717300 2515.410541 -305523.807774
288.817803 159.107074 0.447617 0.190841 80.250010 82.735268 82.735268 707701.712354 4332.584277
237.243475 149.849768 0.424176 0.433812 71.722686 80.405480 80.405480 5153949.030253 686.849812
155.750377 385.782844 0.980253 0.355964 58.591873 59.847533 59.847533 908835.275589 10561.192108
513.597478 329.846662 1.355632 0.013028 55.991324 -1.000000 54.060584 114348.659737 -30143.302624
143.095931 166.056044 0.387971 0.494807 65.803673 75.456398 75.456398 6854475.192800 939.924638
163.921000 403.589012 1.072150 0.401108 55.231672 56.905199 56.905199 1503994.454634 7245.534081
368.504472 175.519671 0.605257 0.158878 75.234189 76.120206 76.120206 141044.791245 13227.779725
339.870235 149.627383 0.576965 0.466769 60.334464 72.865506 72.865506 11258161.572079 183.821305
98.591907 225.722931 0.450473 0.293720 54.028975 61.410385 61.410385 7964248.501040 1924.186332
459.991523 6.242992 0.698971 0.464414 67.153560 70.662746 70.662746 1656660.800261 3699.081422
349.330721 249.019258 0.779795 0.363769 58.519634 65.600852 65.600852 6533078.024192 812.172004
150.098952 211.727171 0.462270 0.412536 61.135917 70.732221 70.732221 8663551.845988 957.167654
207.805430 150.711121 0.315332 0.125137 86.124145 90.478971 90.478971 1456605.383004 2384.321262
151.186994 331.798759 0.759576 0.262767 62.001560 64.559568 64.559568 2062833.450080 4916.415468
494.942185 106.175739 0.839807 0.465825 65.337888 66.895896 66.895896 498833.775118 6342.389084
335.561032 228.213108 0.680213 0.283134 70.580576 72.143509 72.143509 466061.636636 6878.315248
278.034301 328.090110 0.863014 0.177569 66.148663 66.776178 66.776178 122197.646666 18913.192336
55.650350 379.783606 0.897143 0.093571 18.209598 30.961551 30.961551 17744128.770109 3440.861561
132.749360 407.282908 1.036988 0.312854 61.060710 61.212399 61.212399 47250.928437 107459.930084
198.651440 263.920117 0.630038 0.447177 59.884181 67.272802 67.272802 7037018.754157 1075.601870
294.743030 93.055819 0.445711 0.540412 79.027918 82.466108 82.466108 991693.727976 2475.580027
125.128275 469.017996 1.361714 0.308898 42.864188 45.508437 45.508437 4839950.495166 4751.722367
220.799244 260.556827 0.594651 0.250339 71.075469 73.796715 73.796715 1284102.689212 4136.946638
203.666510 266.475036 0.647375 0.436864 49.859188 64.120112 64.120112 18059866.846400 332.807485
101.244077 368.573706 0.844267 0.171512 62.887430 63.113578 63.113578 139877.049927 101006.439617
190.690983 290.680477 0.644154 0.254396 73.496526 74.038023 74.038023 98790.539368 27709.798630
369.699352 90.195580 0.535366 0.385596 74.939986 77.894944 77.894944 999032.340480 2995.268406
130.540075 552.696018 1.776404 0.105062 44.521117 46.447187 46.447187 2186515.387637 4834.139049
160.206250 319.140186 0.740241 0.473952 70.592349 70.755927 70.755927 21376.843820 103178.117168
152.648624 272.407911 0.622029 0.384684 40.118493 58.808003 58.808003 26373128.337295 191.875516
110.613157 331.161406 0.808311 0.480616 47.008146 50.331202 50.331202 4914605.083209 5693.490586
353.423277 306.704614 0.967944 0.419267 51.838528 59.634005 59.634005 9255004.143832 637.584614
106.712864 88.270899 0.230040 0.322740 77.432810 85.938793 85.938793 4260051.697153 1558.351907
103.685980 226.289708 0.491637 0.452145 54.335259 60.097293 60.097293 5962787.160685 2752.412335
574.517326 158.124423 1.092855 0.135187 60.596549 61.201395 61.201395 104164.530291 15026.756386
162.244638 529.225388 1.681305 0.165599 39.199015 44.777187 44.777187 10619649.786060 1121.894827
673.907209 120.632501 1.371218 0.094008 51.716056 54.966290 54.966290 2058547.073292 1365.730314
132.171942 464.600335 1.314388 0.174208 42.420379 47.571653 47.571653 9233030.236101 1687.086977
59.945389 139.887925 0.316423 0.354300 10.266100 39.272017 39.272017 14539191.195804 2148.139886
98.601509 188.950662 0.372107 0.280091 44.076105 61.362444 61.362444 17514988.109373 475.714479
289.446430 43.509862 0.387899 0.444330 80.402957 85.554496 85.554496 1755258.931540 8811.428425
99.715849 302.555132 0.663906 0.309641 54.176247 56.602215 56.602215 3052191.668269 8654.119029
595.319619 316.459128 1.574439 0.223897 53.117816 -1.000000 53.098789 333.709338 -957509.932542
158.598019 167.348239 0.394076 0.549325 84.122218 85.349266 85.349266 234186.713188 13392.858949
144.357754 384.367168 0.935771 0.109765 43.794909 55.596578 55.596578 18857161.804566 428.213939
171.313095 8.893882 0.239103 0.368026 81.546199 93.871944 93.871944 5110444.139011 409.891873
61.364310 37.206786 0.207291 0.356607 61.601279 66.486186 66.486186 2530793.698700 10283.649471
137.858835 214.398125 0.416616 0.300269 81.087526 82.448600 82.448600 436290.002174 12683.732931
122.137449 37.343748 0.205792 0.341083 91.262358 96.403982 96.403982 1424372.735351 2707.231177
97.596226 130.751533 0.254165 0.330112 99.304268 99.323595 99.323595 434.329429 1390650.791771
375.702065 358.689675 1.158474 0.213169 55.162045 57.926232 57.926232 1892687.020550 2712.391369
628.559143 67.688840 1.195742 0.331060 43.308971 55.618666 55.618666 19676388.345064 79.101463
286.744509 192.357613 0.508378 0.195288 74.443635 78.368059 78.368059 1750497.713120 2269.102434
124.523700 336.081691 0.713115 0.107061 72.183504 72.289403 72.289403 7542.110287 160975.146649
106.837165 169.604520 0.353533 0.465405 84.300600 84.893608 84.893608 164697.814942 38933.472096
177.686632 397.179369 1.015451 0.188061 60.270554 61.287029 61.287029 451993.586613 11716.642031
241.889340 187.458579 0.466926 0.361192 82.218898 82.878932 82.878932 78546.131089 22518.613291
178.727714 52.268886 0.253906 0.351887 77.453206 91.892972 91.892972 7136468.617059 329.910659
