223.327657 271.393250 0.575240 0.006461 77.202893 79.202452 83.277089 231760.334883 -12828.956179
122.585403 247.911689 0.489240 0.267038 69.926764 72.822512 72.822512 2060889.556577 5378.825637
495.092161 200.497118 0.964085 0.276370 63.583022 64.181427 64.181427 107588.362978 17769.058843
118.054863 298.116679 0.611649 0.281781 75.965158 75.999927 75.999927 3176.358625 593936.136607
303.938810 50.406707 0.341371 0.134796 77.668896 88.144823 88.144823 5768374.520498 302.678154
626.804390 236.907473 1.445947 0.249055 53.341270 54.193713 54.193713 270011.668841 10590.303467
71.884848 291.331955 0.666787 0.383003 37.429799 40.005761 40.005761 3557519.315539 36432.283922
128.135922 219.616388 0.473072 0.417843 57.255422 66.224835 66.224835 8869667.481389 1162.737130
242.116243 3.428469 0.306349 0.382866 85.299674 91.201347 91.201347 1825097.765132 1209.073752
386.502609 112.274833 0.608896 0.467026 66.270261 72.990624 72.990624 4340715.908869 793.143789
85.762983 28.400600 0.187279 0.307727 75.801345 84.601641 84.601641 4118624.509906 1775.847630
133.785098 252.206915 0.536490 0.349710 58.747843 65.745354 65.745354 7262570.424736 1619.109933
79.336153 75.779000 0.242506 0.386510 48.103863 65.545751 65.545751 10751568.536198 762.202410
76.412252 127.297332 0.162078 0.053364 102.084496 104.117186 104.117186 389564.665144 10318.983711
163.622162 449.571416 1.305602 0.339026 34.656218 44.930070 44.930070 22363968.909661 569.897688
141.453938 107.630779 0.285256 0.416276 81.008229 87.648410 87.648410 2752978.056082 1738.708246
363.041083 150.811670 0.549626 0.121046 59.095484 75.577356 75.577356 16393209.284163 29402.029294
196.666879 140.912630 0.286400 0.106535 71.890034 89.918799 89.918799 12816003.129336 114.421269
193.724050 354.744039 0.895118 0.335454 56.769428 60.588272 60.588272 3740954.821535 2565.079207
336.347884 68.643161 0.443830 0.326403 83.784536 84.508364 84.508364 73580.838064 18654.179799
386.919987 283.784905 0.943784 0.440572 65.336309 -1.000000 65.267005 2642.876712 -334136.232644
337.238793 175.295894 0.554581 0.165223 64.628421 74.794465 74.794465 8337173.375868 353.634069
388.950869 316.748447 1.010859 0.088676 61.998432 62.926752 62.926752 199370.205115 9131.520496
188.818357 287.251909 0.663042 0.338787 62.457305 67.397215 67.397215 4226616.206550 2008.775339
466.331834 5.735976 0.702064 0.379256 65.144003 70.021055 70.021055 2948867.427583 1271.404168
251.157380 259.270227 0.639017 0.356528 74.642309 74.966319 74.966319 32244.448305 45977.542470
229.944675 419.263738 1.175746 0.246047 57.586261 58.393717 58.393717 303152.689033 13746.649895
268.107967 123.868593 0.330936 0.061691 93.279297 -1.000000 93.263191 52.160549 -2015493.249846
118.466784 399.495941 0.990215 0.232737 59.760095 60.141550 60.141550 230285.804510 44952.460222
116.622865 296.173278 0.674362 0.459085 58.059667 60.201245 60.201245 2278457.431239 8386.665368
179.813344 508.409546 1.559561 0.162662 51.331939 51.927800 51.927800 243631.620625 17402.623729
550.692740 180.300013 1.080780 0.243325 55.927862 59.626042 59.626042 2687996.981071 1706.421366
385.450055 122.915123 0.585384 0.276302 66.445085 73.875819 73.875819 5220038.786756 706.044497
67.174687 123.699291 0.162569 0.052487 50.202801 82.646340 82.646340 21504706.182890 161.451823
176.408544 493.980706 1.465608 0.069460 53.270961 53.865337 53.865337 153053.064080 15804.815860
259.279612 27.142128 0.290181 0.220330 86.624807 92.592006 92.592006 2032868.262265 1208.486039
366.970300 211.790291 0.709224 0.301094 63.429531 68.980701 68.980701 3982307.306719 1353.392944
142.707215 255.120760 0.517637 0.275150 71.846737 74.400009 74.400009 1486881.679056 5726.155898
91.308973 168.138482 0.321931 0.325534 78.746685 79.820561 79.820561 558344.105558 25460.300345
311.305415 418.652454 1.299477 0.297259 54.234547 55.652232 55.652232 762773.653742 6693.915916
96.944934 121.387975 0.291973 0.467942 81.443569 83.522203 83.522203 808813.066666 10634.905545
54.640613 49.987468 0.247739 0.469229 49.724752 54.313163 54.313163 2347758.905677 23623.205651
215.937762 422.259209 1.157423 0.098130 53.288336 57.115245 57.115245 3240807.989388 1702.010307
340.135283 296.001824 0.915477 0.445950 51.013936 60.427478 60.427478 11790862.653872 439.378078
622.650656 24.430405 1.142153 0.360701 59.997929 60.297270 60.297270 35497.666049 32206.158491
525.491911 32.776512 0.836507 0.226168 61.900641 65.986472 65.986472 2534903.955868 1617.517046
215.087689 232.497694 0.547415 0.350383 60.608092 71.121447 71.121447 10048947.668581 564.461656
146.734934 169.026560 0.380742 0.408997 54.790984 73.185887 73.185887 16662159.786278 285.171123
368.579809 207.870691 0.728600 0.495655 68.599466 70.265470 70.265470 522635.279929 6095.905985
145.315082 32.981001 0.242206 0.423192 74.569183 90.429469 90.429469 7519547.221421 308.717503
223.582443 411.901790 1.144518 0.279078 55.885563 57.647309 57.647309 1174135.690796 5688.627328
55.244465 141.379972 0.271180 0.233760 48.462934 52.705063 52.705063 3260914.798138 19171.254618
197.934469 456.307184 1.313131 0.244097 55.453637 55.972442 55.972442 175710.788359 22104.244429
116.919115 46.632318 0.157673 0.193767 107.988960 108.630826 108.630826 41942.338111 34071.395522
622.944726 112.329565 1.217676 0.349631 51.368277 56.274050 56.274050 4782248.725054 936.907789
315.623766 288.677154 0.794559 0.204949 69.730765 -1.000000 69.637718 3864.084068 -269976.832983
529.925486 319.108176 1.385157 0.221608 55.363695 55.664860 55.664860 42161.621573 32953.013687
515.675948 334.404577 1.411967 0.296349 52.308124 54.017917 54.017917 951672.616562 3812.264717
151.026472 143.732502 0.306670 0.305936 81.626646 87.038164 87.038164 2406503.936687 2262.451137
141.091710 374.326392 0.979392 0.404177 31.651096 45.928255 45.928255 27217773.832113 298.905824
151.362353 203.152874 0.473733 0.532023 56.204916 68.529965 68.529965 11596149.567494 572.162529
293.835502 4.520584 0.395390 0.504302 83.370510 86.174818 86.174818 600291.259102 3327.110470
221.039474 270.047589 0.596898 0.153597 76.117965 76.596857 76.596857 59117.988706 30302.112050
215.929014 378.581451 1.018975 0.286571 36.104772 53.494653 53.494653 33089409.277648 111.177907
489.476727 229.231894 1.027216 0.316795 57.757401 60.864875 60.864875 2013286.329906 2241.702519
336.921384 202.000618 0.654441 0.427442 66.313626 71.127825 71.127825 2919948.642594 1577.105987
113.434353 402.338507 1.063934 0.307508 33.762837 42.335852 42.335852 17133487.996855 1285.118769
438.742919 32.320837 0.609551 0.194375 66.985362 73.525531 73.525531 4256805.071215 827.028385
160.817608 556.925326 1.820366 0.069712 41.073472 46.116682 46.116682 7059301.462814 948.257579
265.362692 13.075986 0.278041 0.171829 97.308222 -1.000000 97.159233 3203.186963 -245918.454945
109.259436 432.573610 1.102059 0.070636 60.424964 60.654779 60.654779 39431.719054 60580.674607
116.489100 502.427492 1.505044 0.216198 45.392856 46.648541 46.648541 1872377.437843 11061.882013
108.797742 471.320733 1.372441 0.239831 31.377997 38.532711 38.532711 16523207.380814 1695.747084
138.751385 373.773918 0.951432 0.384877 48.048110 52.666826 52.666826 7003294.215646 2419.015042
157.492846 294.350350 0.662149 0.497631 74.273398 74.332309 74.332309 3135.954773 306705.086193
251.993635 293.436317 0.717803 0.185928 66.046610 69.163844 69.163844 1731533.763602 3418.006125
123.264325 462.566737 1.305780 0.339706 52.600295 52.711615 52.711615 94931.285620 274447.068978
74.726660 192.855059 0.416208 0.432134 51.127387 53.848956 53.848956 2542483.861479 23257.794362
156.228647 297.416779 0.672852 0.476483 71.734165 72.141876 72.141876 94969.599526 40953.240946
181.024072 237.757046 0.513032 0.264902 54.737849 69.800082 69.800082 17049662.296376 298.148050
156.709076 366.262963 0.913589 0.401454 58.879012 60.539657 60.539657 1341355.390563 7914.482450
88.460322 474.038670 1.317269 0.083982 43.952701 46.889024 46.889024 4682394.244726 4658.375596
251.926889 17.227014 0.234520 0.075773 98.736228 100.443607 100.443607 178398.632269 6418.348964
146.899127 112.044404 0.209618 0.139478 102.523856 103.090544 103.090544 37074.829377 34689.037862
490.020605 332.967140 1.337497 0.229342 45.005064 53.238866 53.238866 11858108.447288 345.498044
279.472675 216.253669 0.523817 0.077861 67.413059 77.407507 77.407507 6937156.655319 244.875866
263.126777 396.525264 1.095318 0.076276 60.733202 61.187580 61.187580 64166.891868 21667.441739
177.019028 251.671873 0.532518 0.261806 70.771616 74.493148 74.493148 2241796.207023 3152.524899
447.435594 111.157616 0.718636 0.429625 72.571347 -1.000000 72.539473 446.451213 -790831.013407
120.715701 383.130912 0.958567 0.336725 53.999895 55.348730 55.348730 1605618.406732 12273.076926
67.474552 302.307587 0.724689 0.439781 28.387809 32.969690 32.969690 6069345.952059 20902.048533
106.419001 260.026027 0.467871 0.141827 82.470758 82.633162 82.633162 19090.776654 127168.248216
259.834466 313.782523 0.820147 0.336523 62.678853 65.466006 65.466006 1712681.602760 3161.975937
144.796032 430.350197 1.158126 0.209686 47.947899 52.050225 52.050225 5973314.362331 2274.385311
359.854719 82.028667 0.489634 0.272442 74.711985 79.497950 79.497950 2155989.938127 1477.491621
156.630348 499.745384 1.501382 0.148356 45.757649 49.008736 49.008736 4312269.425737 2539.154846
584.398084 23.668451 1.008533 0.279753 63.624301 -1.000000 63.520761 4916.434357 -228831.685456
594.393388 178.011088 1.216939 0.252689 47.198189 55.696281 55.696281 11301971.611424 322.122096
240.186573 93.776083 0.370871 0.483352 74.211259 84.569527 84.569527 5349345.280434 26417.225996
646.763488 109.636591 1.273870 0.222119 55.598660 56.904340 56.904340 499563.472225 7183.807759
261.434394 143.898482 0.405884 0.266186 77.246425 83.191668 83.191668 2844762.028465 1161.468505
556.753770 132.330610 0.989698 0.071510 61.669297 63.383757 63.383757 484801.926999 3281.190213
569.987164 102.149021 1.012040 0.220404 61.683274 62.698355 62.698355 268260.596919 9206.658829
181.705459 369.358919 0.927515 0.217730 48.939047 57.104478 57.104478 11739981.917780 813.077043
160.647198 207.621096 0.418177 0.303558 81.855220 83.339421 83.339421 410586.221592 10639.321839
141.781791 311.930690 0.660885 0.112038 48.572199 63.060922 63.060922 19690085.337796 377.034613
280.393728 346.988093 0.963586 0.352002 61.215752 62.696279 62.696279 666700.419209 6969.866075
83.108995 153.931225 0.356499 0.513008 64.108727 66.233570 66.233570 1456271.063870 19007.169540
232.483069 263.374475 0.637620 0.386275 71.526855 73.063827 73.063827 514198.329199 8138.870309
691.815705 257.980352 1.717734 0.067565 51.004931 -1.000000 50.868245 8117.182474 -158388.048123
161.023001 292.165327 0.586285 0.074570 77.858907 -1.000000 77.796333 1518.547207 -442439.791971
591.357773 35.226227 1.042123 0.302329 59.466861 61.348940 61.348940 826535.206232 4268.618423
151.266242 352.834509 0.853724 0.313226 55.185051 59.043738 59.043738 4440807.925427 2886.536771
254.334778 223.718245 0.561840 0.299338 57.846370 71.398388 71.398388 14187290.746424 237.005870
230.521136 236.911628 0.556557 0.276822 64.874069 72.614315 72.614315 6344735.459947 912.804519
72.586185 7.811576 0.103110 0.114060 110.000619 111.095363 111.095363 173957.778596 24899.333858
245.294716 484.935086 1.536884 0.229439 36.262339 47.047501 47.047501 22695832.299488 2419.918491
675.153713 202.781278 1.524656 0.128316 50.555313 52.622886 52.622886 1132440.399998 2605.989601
432.676161 167.446648 0.760174 0.287324 51.136961 66.080414 66.080414 18912656.826225 53.572808
70.107655 214.880091 0.341405 0.093734 74.799784 76.099934 76.099934 893530.575641 22946.887214
262.060792 65.943695 0.278269 0.100891 89.093229 94.502346 94.502346 1629651.234305 1303.243198
356.968872 378.002651 1.209879 0.366399 57.966507 58.459720 58.459720 109622.478143 21827.817360
449.756067 22.148806 0.629524 0.178011 65.507077 72.651242 72.651242 4995702.086935 600.916858
267.603147 321.344918 0.888825 0.462278 51.272173 59.945426 59.945426 10953037.916453 692.412862
602.676015 28.393416 1.075059 0.299051 59.068657 60.718157 60.718157 675371.279915 5964.386100
302.131568 421.773788 1.286204 0.233778 56.726524 57.119470 57.119470 78126.513921 27414.146610
215.515346 305.776389 0.750753 0.367012 61.035074 65.439324 65.439324 3683959.973230 2090.278771
116.425455 154.352319 0.372813 0.521460 50.936106 67.243293 67.243293 13548073.345336 459.652192
419.534569 340.475899 1.172217 0.127108 53.495919 57.689874 57.689874 3337482.824681 1266.055451
206.472949 51.612071 0.313078 0.524791 87.969753 91.384774 91.384774 669687.257583 2880.415784
189.100881 203.875969 0.438501 0.331653 82.498198 83.519530 83.519530 192464.206425 15267.762222
115.722588 173.255367 0.329219 0.353162 92.673340 92.728883 92.728883 1927.055318 418029.602092
138.332486 133.939568 0.344699 0.548233 75.714655 81.811997 81.811997 2842955.925827 1962.607351
160.798456 411.916325 1.093477 0.202602 39.573163 50.627763 50.627763 20730853.978416 449.792763
624.214653 17.903993 1.144884 0.319158 58.103086 59.396680 59.396680 467688.849367 11075.601741
59.877118 449.031371 1.181393 0.051404 30.551414 38.213650 38.213650 13571104.018287 2509.241575
160.061626 229.316531 0.500610 0.500542 79.538982 80.085373 80.085373 92731.494577 31722.166257
117.062282 510.110723 1.530653 0.091629 34.590345 43.629709 43.629709 19080808.069861 659.273653
334.114557 348.622165 1.061796 0.301728 50.187368 57.517907 57.517907 9206009.685574 684.402123
127.456024 418.920471 1.078555 0.132450 48.061794 53.086815 53.086815 7273843.071860 1835.816836
476.355943 146.745644 0.829196 0.384078 68.746967 -1.000000 68.692857 1342.207802 -453931.482005
111.186262 315.074581 0.697909 0.341965 62.800401 63.492262 63.492262 594404.888168 32472.340917
154.134205 349.683349 0.840751 0.281283 53.307357 58.581522 58.581522 6651032.233704 1919.016817
315.786921 247.846203 0.733641 0.480025 64.289494 68.198548 68.198548 2391228.344398 2171.689710
132.716383 422.623269 1.125276 0.199584 39.059810 47.788668 47.788668 16855563.142001 838.496642
454.306599 63.434786 0.669855 0.276873 73.116749 73.699310 73.699310 72871.446565 20788.078788
224.665630 68.581122 0.228912 0.087920 93.536355 99.145534 99.145534 1499671.032039 1204.737970
105.513375 288.177601 0.660858 0.504005 56.070833 57.467165 57.467165 1566385.836438 21246.225430
125.516603 162.804552 0.307080 0.245800 77.879715 83.661163 83.661163 3290448.028430 2348.736547
563.756746 35.142905 0.962776 0.339879 60.871319 63.096614 63.096614 1037815.693409 3693.680440
118.296429 294.148787 0.685468 0.410006 34.972283 49.481041 49.481041 21530487.534303 573.404301
266.011250 323.813639 0.860525 0.282437 56.030359 62.310152 62.310152 6490918.594931 1044.927371
128.764349 84.936421 0.246078 0.391796 93.325198 95.509861 95.509861 413488.012531 7714.929462
122.136709 233.735268 0.431710 0.142305 50.915325 68.690549 68.690549 20516935.843278 317.866089
473.284073 158.490857 0.814671 0.197444 69.101891 -1.000000 68.996379 4215.304439 -244585.215145
525.791013 82.770317 0.871063 0.229750 57.585642 64.222462 64.222462 5838373.919184 646.159180
435.762182 364.594059 1.308937 0.151375 46.188013 54.125542 54.125542 10530949.161619 319.339721
49.902119 205.446823 0.295492 0.035464 44.819066 64.213543 64.213543 14692804.872958 718.751742
245.168382 325.632094 0.830773 0.293752 64.472277 66.128203 66.128203 740399.619853 6610.795494
240.416528 371.239712 1.020980 0.334161 44.685099 55.369945 55.369945 17232257.184286 425.591336
382.686533 416.203992 1.405810 0.127379 47.224579 52.912360 52.912360 6469507.692144 635.962159
109.887014 31.868489 0.161348 0.210336 90.361128 98.212213 98.212213 2870966.852063 1694.448617
133.188773 529.366623 1.656274 0.117801 34.298778 42.761708 42.761708 18739800.684856 614.828662
179.883562 116.885166 0.273454 0.247479 93.705791 95.348582 95.348582 258567.574499 9242.314825
387.322199 69.451172 0.530347 0.279198 77.333504 79.000428 79.000428 378109.992327 6363.257570
76.705459 100.760860 0.243051 0.351032 75.066002 77.430840 77.430840 1233760.769389 13560.584828
576.984728 216.776012 1.248486 0.326274 53.444550 56.346205 56.346205 2068455.234543 2438.424547
128.425363 205.370576 0.452442 0.450187 53.646057 65.649763 65.649763 11954010.911564 739.516700
453.806092 59.057647 0.689736 0.388395 67.747312 71.068432 71.068432 1529857.849183 2386.240177
127.584206 404.447184 1.046724 0.250749 46.012997 50.664151 50.664151 7631901.565301 2297.703756
344.736098 49.901883 0.475058 0.438088 74.410501 80.068630 80.068630 2542674.311294 1123.013220
67.202920 8.876083 0.241003 0.501373 54.720404 63.916536 63.916536 4497200.889096 3698.734379
127.014937 198.764372 0.384910 0.309908 78.792282 81.235476 81.235476 1137520.723190 6777.775822
354.161508 300.419163 0.888850 0.100848 63.610655 65.501684 65.501684 670159.236425 4191.977911
188.951860 255.284928 0.553631 0.291000 74.119231 75.934798 75.934798 684674.689444 7377.006682
136.254695 361.219263 0.883197 0.236083 28.981868 49.264554 49.264554 37233781.975443 122.142528
147.730780 264.467375 0.494417 0.080240 81.114209 81.566220 81.566220 47364.302179 35366.811409
247.201486 237.794604 0.593032 0.329155 57.565248 69.775520 69.775520 12871927.869575 378.254388
144.746807 199.938986 0.361100 0.188243 87.844108 88.620529 88.620529 125374.521987 23290.523365
316.587470 135.940499 0.509718 0.461299 76.972939 79.337120 79.337120 654726.500604 4363.597875
445.834366 409.406148 1.527791 0.176111 38.002469 50.071558 50.071558 22686175.934865 54.341945
107.566797 248.316431 0.560403 0.444700 33.938502 50.463354 50.463354 20519578.133058 613.714841
138.332985 270.724923 0.587800 0.435820 69.963076 71.405213 71.405213 786877.951028 11264.515953
500.319946 386.101483 1.542683 0.044114 53.265296 -1.000000 52.968245 24778.329230 -84931.236332
372.702652 201.448107 0.685519 0.224795 61.298007 69.387998 69.387998 6989916.941813 578.456073
537.865814 248.977430 1.186604 0.175515 59.620362 -1.000000 59.527084 4486.012935 -239946.616360
422.796773 327.298026 1.147281 0.247025 55.893542 58.378922 58.378922 1551433.448575 3242.268555
448.617252 293.810554 1.111978 0.318348 50.622376 57.410423 57.410423 7906944.427768 781.122942
422.902291 126.010789 0.673839 0.348802 71.430886 72.788890 72.788890 330074.709892 7706.651606
206.181007 197.881447 0.468435 0.371327 57.485540 73.784004 73.784004 16120862.267270 204.925489
645.619485 133.926057 1.306422 0.252678 54.331573 56.038147 56.038147 827031.925690 4309.525780
598.099587 30.780629 1.045793 0.215217 62.808235 -1.000000 62.744819 2028.006328 -363818.903221
198.851526 103.038470 0.285904 0.288793 93.433298 94.812380 94.812380 178537.480752 10740.190643
357.340007 323.776136 0.978011 0.115772 59.245472 62.388104 62.388104 1802803.297447 2017.561683
147.535472 487.237377 1.407270 0.093012 53.929442 54.457254 54.457254 166450.179343 20736.961392
534.721098 22.380265 0.876782 0.389608 66.012138 66.614076 66.614076 97572.164965 18180.973425
123.512245 376.542837 0.960172 0.398466 47.374770 50.763983 50.763983 5293549.260402 4044.174118
95.586947 107.138471 0.182373 0.164584 104.817127 105.175091 105.175091 29126.956753 69549.641673
472.629781 225.533369 0.962059 0.270613 63.756667 64.289381 64.289381 88378.538672 20700.167365
265.816845 341.281821 0.946852 0.397909 49.313143 58.310651 58.310651 12300681.877049 553.445581
147.453647 446.632186 1.263460 0.290922 40.989036 47.030758 47.030758 11542694.179123 1329.263868
188.814567 205.205035 0.409361 0.194461 85.976769 86.474587 86.474587 50448.929959 33667.517181
235.426462 371.741644 0.960300 0.121705 63.973615 64.362952 64.362952 56315.253295 31124.088119
136.098407 398.112842 1.052965 0.384866 45.392898 49.841937 49.841937 7393889.854855 2453.482016
86.905563 179.262933 0.424802 0.527925 28.140600 48.201537 48.201537 17083046.151378 1009.714349
90.768715 425.445333 1.098550 0.140507 46.246884 48.337844 48.337844 3390077.531097 8730.497919
210.444663 196.356834 0.460534 0.373992 74.307542 78.918797 78.918797 2325614.249133 2245.453399
224.066318 479.793388 1.477630 0.218757 42.274177 48.745040 48.745040 10914141.270069 820.273119
335.909914 267.258778 0.791315 0.258858 50.552900 64.015895 64.015895 17649084.425017 163.084763
233.883989 408.221326 1.174877 0.349105 38.033575 51.108391 51.108391 25374560.453761 178.227664
167.133391 313.752240 0.756891 0.398620 46.576256 57.664899 57.664899 16146094.335186 546.949869
245.265752 301.126955 0.777195 0.397352 59.005925 64.532677 64.532677 5064621.116653 1393.155345
204.315943 184.120381 0.442786 0.492225 85.501163 85.526420 85.526420 233.706917 799531.313429
427.792628 14.269563 0.583775 0.251588 77.823599 -1.000000 77.668840 6307.831708 -190253.521365
315.236780 131.467245 0.510419 0.475628 68.531183 76.877300 76.877300 5286677.829436 654.437399
357.797866 106.936430 0.547408 0.467989 71.928422 76.505371 76.505371 2079842.644011 1583.191015
171.336877 185.897421 0.414946 0.471959 85.779834 86.125245 86.125245 27635.782446 52308.080373
433.814231 85.514014 0.670556 0.468090 73.127626 73.674413 73.674413 63403.750056 22332.458816
104.219161 533.762725 1.658687 0.132391 44.088368 45.324340 45.324340 1780314.743879 10802.194138
96.674104 177.072175 0.293953 0.193905 89.737665 90.391065 90.391065 174643.764329 35568.810600
439.406017 249.026767 0.944997 0.283115 62.687520 63.998200 63.998200 433085.340634 7177.481851
394.052213 307.604975 1.029155 0.365223 60.587563 61.778901 61.778901 420204.046606 8084.249304
71.079521 80.087561 0.259117 0.473294 69.182932 71.312923 71.312923 1069572.519463 26021.335512
113.157006 262.104944 0.488280 0.173216 78.562651 79.179819 79.179819 184628.049890 30859.938565
105.972656 368.110796 0.901894 0.280309 43.992108 48.465751 48.465751 7538255.659646 3380.764648
351.830073 403.744495 1.294661 0.189668 52.715422 55.335802 55.335802 1896498.736239 2866.865281
121.506248 402.373148 0.993833 0.151874 58.019573 59.269086 59.269086 942965.160076 10986.785084
656.174587 251.616729 1.570563 0.083016 51.543682 52.552451 52.552451 286309.779523 6821.859303
288.472661 380.408442 1.087854 0.224187 58.751716 60.078929 60.078929 574037.445283 7550.893850
299.036731 203.256957 0.576594 0.308135 65.658455 73.198545 73.198545 5664291.771864 830.834244
151.482067 337.702132 0.810631 0.381113 56.603116 60.159756 60.159756 3855916.065054 1025.658315
184.142938 537.018055 1.726675 0.112829 45.892059 48.206512 48.206512 2218462.693393 3320.916348
347.382117 330.542987 1.020834 0.301961 49.509746 58.252317 58.252317 11520347.637189 481.302439
143.826810 328.264709 0.764934 0.282782 48.411367 57.060707 57.060707 12577952.196220 988.038447
586.379312 134.777129 1.122686 0.375856 59.535493 60.264288 60.264288 171759.697944 13232.740665
99.616470 373.196059 0.919103 0.257543 40.740817 45.841883 45.841883 9044030.702658 3149.863033
140.692023 317.359413 0.774572 0.469378 41.826756 52.563426 52.563426 16603767.439508 702.597462
591.631566 15.156600 1.025494 0.187611 55.572403 60.754459 60.754459 4294622.514216 846.648139
154.520649 303.451453 0.644102 0.177998 69.329158 71.206088 71.206088 939826.867075 7173.433435
341.895732 474.072320 1.618601 0.175289 37.422505 48.156531 48.156531 20836038.508385 158.039827
88.434604 488.747443 1.491601 0.270973 6.077908 25.963544 25.963544 32939466.296655 1510.156423
582.268728 166.060171 1.146583 0.287647 60.610185 -1.000000 60.584498 452.645469 -818229.400935
147.725698 538.265356 1.717349 0.137330 38.811053 44.207640 44.207640 10289321.934040 1141.680702
547.381156 30.865302 0.929722 0.450112 60.598126 63.553569 63.553569 1625859.084304 2329.006476
418.757417 159.682226 0.726575 0.418574 68.905870 70.535560 70.535560 487431.131598 6047.509380
223.930019 350.968820 0.908464 0.383924 62.590945 63.855442 63.855442 563599.377478 9401.974228
181.939027 344.604201 0.851344 0.352880 56.852428 60.937077 60.937077 4171643.350791 2485.275783
152.550983 113.412879 0.302597 0.410791 64.145178 82.469840 82.469840 12559637.189763 193.390091
439.030123 303.346272 1.110326 0.234885 43.874510 56.774476 56.774476 20502600.447463 103.379513
476.764299 81.069507 0.746949 0.279411 61.620411 68.005999 68.005999 4915552.171848 852.913901
195.205029 370.743105 0.965104 0.441967 59.621258 61.148826 61.148826 953828.441401 7805.676633
64.950548 409.409891 1.131215 0.380783 18.674903 24.306449 24.306449 9110945.453862 19290.899070
344.734410 105.293407 0.530927 0.495435 67.594422 76.139091 76.139091 5524619.309380 529.798539
439.549363 50.577710 0.664030 0.422320 58.167855 70.022498 70.022498 11497104.110071 362.418081
71.556806 188.806839 0.341933 0.182075 23.832535 49.820843 49.820843 22373421.762762 487.755008
549.350085 91.941487 0.975633 0.426278 56.207384 61.441074 61.441074 4432551.498950 944.389614
261.023313 394.549594 1.126781 0.259997 46.910206 54.914255 54.914255 11749368.036028 638.261758
71.876174 103.389887 0.272521 0.445164 69.957658 71.052214 71.052214 592774.493389 83584.161779
348.824455 277.114726 0.849975 0.293855 48.534468 62.152569 62.152569 18929917.121159 136.443791
44.871362 546.643282 1.711765 0.040995 15.549514 25.088955 25.088955 16483978.049209 5495.401475
93.054224 198.087936 0.400735 0.346712 57.640060 63.421676 63.421676 5416267.270214 3348.626580
125.439234 200.270559 0.421758 0.516128 83.375058 83.757568 83.757568 66200.098340 53680.837827
168.808632 59.287583 0.159686 0.072941 109.558154 -1.000000 109.192795 10421.638666 -119856.005031
641.760320 4.165217 1.189724 0.220918 58.238917 58.957060 58.957060 164468.853517 12254.985618
340.791908 273.779915 0.819128 0.300333 60.939976 65.376004 65.376004 3257640.350531 1598.826370
158.481832 350.372660 0.852761 0.294575 50.324934 57.154058 57.154058 9545938.098496 1240.185631
683.194808 209.340026 1.580658 0.229330 49.520533 51.548411 51.548411 1278034.493925 2977.861554
616.766827 30.204832 1.117494 0.260822 57.735952 59.660595 59.660595 897110.501292 3954.717940
45.250377 13.726764 0.161054 0.214341 42.085094 52.037572 52.037572 4902327.606407 7772.108556
108.929688 484.051192 1.378608 0.152982 51.899247 52.311285 52.311285 316127.731013 38273.052747
391.368189 365.185394 1.213011 0.238999 58.149481 58.584574 58.584574 80058.308488 24205.502509
313.898847 273.750148 0.779473 0.408746 68.962539 69.490219 69.490219 83435.423753 24127.255008
332.892805 456.645350 1.513075 0.250075 50.167128 51.979159 51.979159 1248838.750697 4428.739350
439.777009 243.352251 0.921084 0.227679 64.728304 65.329221 65.329221 105175.384162 18197.253104
374.324281 115.504829 0.524488 0.170198 80.977004 -1.000000 80.935975 531.273706 -707956.029377
201.497535 138.908544 0.365689 0.432922 84.367865 86.995630 86.995630 654860.126933 4681.638122
97.404868 10.108744 0.218413 0.480378 101.315612 101.583361 101.583361 12293.131793 89160.506852
361.023409 205.741985 0.699635 0.412831 67.703153 70.526928 70.526928 1265438.836622 3139.975057
320.021127 305.235908 0.895523 0.388590 57.461921 62.412814 62.412814 4360770.809967 1368.697060
620.639871 136.374249 1.221146 0.199556 52.740752 56.792784 56.792784 3310883.768793 1255.059476
216.517079 275.693147 0.664814 0.481412 72.742378 73.265027 73.265027 88082.614020 28135.681387
486.226162 190.457701 0.892121 0.086220 66.915615 -1.000000 66.872118 732.334289 -580749.901637
117.610298 182.528561 0.332589 0.193536 57.666673 73.706364 73.706364 15164663.268785 520.780971
220.552476 367.585766 0.988230 0.416364 53.020277 57.857777 57.857777 5527913.021206 1732.779062
92.845134 22.735260 0.158627 0.245650 101.368896 103.151034 103.151034 326328.716452 12460.029146
407.213080 251.339218 0.896431 0.319077 50.609275 61.692420 61.692420 14209314.530041 286.685432
79.064571 127.430361 0.267420 0.326953 73.241481 75.509343 75.509343 1341083.064727 13599.817063
234.532288 259.852829 0.628153 0.285042 53.055854 67.390170 67.390170 17409402.611557 234.180516
154.293696 245.168261 0.573292 0.522010 49.760346 62.533061 62.533061 14903050.855290 540.623736
215.523537 410.013708 1.102892 0.167705 61.355401 -1.000000 61.285047 3816.534967 -304891.796943
210.945322 310.964844 0.781799 0.380476 41.531429 59.055542 59.055542 27630651.468710 164.706235
193.910634 323.361187 0.777179 0.265849 52.489330 61.404230 61.404230 11435506.346793 736.430790
115.224537 12.709601 0.153234 0.192151 92.319287 100.470381 100.470381 2840387.943659 1492.701425
210.015650 373.586819 0.998047 0.327915 42.583555 54.317360 54.317360 20042923.773008 331.590366
292.999448 203.840928 0.557781 0.317833 79.166232 -1.000000 79.087800 2086.129956 -352736.630785
216.819011 259.488790 0.622975 0.365007 56.138263 67.221140 67.221140 12229396.546740 509.573143
130.831917 269.013634 0.520937 0.166468 73.665960 75.614407 75.614407 967985.335061 7861.160305
196.686315 345.470766 0.849376 0.267812 59.259091 62.772405 62.772405 2998462.190032 2745.905654
120.179467 399.553871 0.968720 0.127169 62.791065 63.119051 63.119051 90629.140686 45780.991700
389.615578 282.010650 0.933177 0.328733 63.886118 64.673418 64.673418 184714.425532 13815.983515
223.545929 320.937667 0.796409 0.359281 66.606485 67.658343 67.658343 355748.752817 12077.441451
145.345419 76.787316 0.243973 0.334394 67.937093 88.047572 88.047572 12353883.139392 147.216031
410.612925 308.657700 1.067701 0.372469 60.275718 61.169027 61.169027 260347.841275 11310.785539
659.349160 22.701388 1.265960 0.337206 57.223163 57.658746 57.658746 75071.275230 22744.574688
212.297569 412.078267 1.123713 0.265432 59.239647 59.778112 59.778112 156294.246265 22597.358998
370.129447 329.622626 1.066055 0.393957 55.936997 59.254991 59.254991 2547398.043594 2348.735576
577.503758 18.037411 0.996447 0.340699 62.137351 63.076574 63.076574 238543.135792 10312.186958
111.468501 368.151987 0.916393 0.334614 44.019722 48.452210 48.452210 7456151.782623 3307.903318
148.557797 86.692403 0.282001 0.498649 93.890627 94.917562 94.917562 100337.566199 16547.190224
225.239635 326.634004 0.837145 0.340859 49.050282 59.761620 59.761620 15016465.795780 468.840459
390.846966 105.089199 0.586170 0.391639 77.717819 -1.000000 77.578895 5272.674328 -210142.568797
95.067437 267.608217 0.493649 0.100205 57.465226 65.769218 65.769218 9088251.385181 1419.018825
104.032537 316.409742 0.682940 0.237853 59.981104 61.625356 61.625356 1716158.393869 11358.434530
449.177197 277.046000 1.061746 0.392558 59.421527 60.878445 60.878445 589117.303483 6104.253632
175.211110 469.223580 1.374040 0.224739 44.584256 49.398229 49.398229 7619229.776609 1498.110799
132.831093 338.053204 0.731047 0.132160 70.965385 71.181212 71.181212 27949.380226 75836.756911
221.318952 291.368237 0.672630 0.204727 71.035021 72.241581 72.241581 354723.649760 10526.800272
154.539702 428.821281 1.129292 0.077917 42.277887 53.952218 53.952218 18648885.858077 214.415320
129.357396 307.702779 0.633846 0.151863 70.190437 71.550984 71.550984 640256.160833 11215.668287
128.347043 477.336294 1.405779 0.261070 37.116648 42.792179 42.792179 12263532.160711 1531.047988
648.864198 32.985880 1.237103 0.283126 49.053650 55.671780 55.671780 7694225.038016 514.339762
373.968170 17.235943 0.486239 0.272246 65.604701 78.214529 78.214529 10086279.691900 177.953890
273.420176 272.598130 0.707238 0.252030 50.052584 65.547304 65.547304 20548616.151831 138.821887
145.813131 417.278638 1.091690 0.228170 54.786573 56.550923 56.550923 1621801.799776 6786.935614
54.345032 461.530463 1.244824 0.051157 27.264794 34.418217 34.418217 12757553.090901 4185.575617
166.534673 214.394386 0.411887 0.194107 83.044599 84.453252 84.453252 348139.671117 10924.915704
155.603783 148.961333 0.349237 0.423963 73.413944 81.573142 81.573142 4681859.102700 1170.990789
94.250774 139.925859 0.310159 0.476292 85.708587 86.032202 86.032202 92559.257390 103388.328091
89.195367 293.525156 0.627659 0.255754 48.117610 52.330017 52.330017 5797056.761466 5458.803725
124.517094 341.574079 0.776400 0.213143 55.999000 59.781462 59.781462 4434102.420973 3287.224049
99.472741 517.217680 1.586342 0.205814 41.961028 42.618035 42.618035 1216412.005296 47502.801334
230.194779 461.756133 1.384648 0.198908 47.031841 51.525171 51.525171 5764072.452121 1444.996888
440.237366 113.388300 0.659105 0.132796 73.407451 74.120677 74.120677 95130.590436 15645.088579
602.417809 245.412510 1.388984 0.250973 53.207328 54.688989 54.688989 692306.728934 5116.600687
223.610625 86.630002 0.356408 0.532615 78.402493 86.153103 86.153103 3100424.691623 804.743986
224.164045 541.446652 1.794352 0.127746 48.011288 48.909907 48.909907 428183.270754 9601.597928
292.271839 200.671403 0.573707 0.432615 76.197622 77.137386 77.137386 163961.193578 13426.282736
181.342559 172.402471 0.386894 0.369274 79.977856 83.644717 83.644717 1428876.691750 3361.204970
471.896922 151.315871 0.820483 0.257272 53.925567 64.728061 64.728061 12263530.624245 210.855112
212.462978 275.169843 0.681600 0.450131 51.280494 63.688477 63.688477 15453356.257948 410.797072
109.185637 119.006209 0.232131 0.231006 84.503072 89.721662 89.721662 2367603.364760 3046.916870
363.165997 491.627616 1.746396 0.152696 39.462394 47.360106 47.360106 13442751.631913 253.485789
283.166050 169.910622 0.512747 0.497798 81.134148 81.295531 81.295531 6097.887227 99484.862335
200.917847 402.688301 1.078865 0.293365 58.138303 59.380119 59.380119 679518.530275 9128.291580
194.970546 397.973693 1.071126 0.306765 49.806874 55.066406 55.066406 7045932.838541 1530.287028
460.173192 148.592423 0.804451 0.463526 69.386668 -1.000000 69.275991 4732.149899 -231825.352792
641.597897 99.531260 1.254908 0.266956 51.767103 55.946681 55.946681 3681738.000349 1268.724573
179.390860 207.374145 0.471962 0.434949 68.374976 75.092693 75.092693 4669189.379970 1657.917119
303.680326 182.354931 0.555940 0.427518 76.025528 77.506623 77.506623 341407.176632 7844.344678
239.971129 356.335161 0.968176 0.397998 50.646267 57.744527 57.744527 9228792.185649 900.376316
95.762159 392.182129 0.992708 0.235136 38.451545 43.512094 43.512094 9493970.647506 3203.714274
155.970182 380.095824 0.916637 0.138784 62.842372 63.833002 63.833002 399918.753873 12764.683626
377.036479 472.218653 1.661565 0.098775 43.908772 49.579200 49.579200 6818256.388842 19498.041164
321.176847 122.508031 0.502364 0.475067 77.285848 79.732261 79.732261 670336.748500 4241.069913
127.730226 408.386736 1.105781 0.366005 35.426795 43.815266 43.815266 16895942.421114 1064.256812
105.762724 483.449836 1.420944 0.160888 0.000037 34.831315 34.831315 55325233.414267 inf
149.488116 273.097287 0.620529 0.371797 37.255502 58.081969 58.081969 29791526.600870 145.373478
347.821536 380.929843 1.200076 0.286490 56.030416 57.598127 57.598127 799969.196073 5403.760074
153.062778 258.591184 0.572162 0.455751 68.488596 71.177484 71.177484 1694341.625835 5162.059073
312.868675 184.891991 0.563312 0.305697 59.612083 72.874447 72.874447 12988208.884625 209.356451
494.729273 207.605487 0.984401 0.284425 59.982363 62.369151 62.369151 1223723.145223 35815.792542
316.856542 168.427427 0.537212 0.310158 68.103274 75.518619 75.518619 5022105.279832 829.810182
180.281882 229.823853 0.478517 0.216406 60.532163 73.027066 73.027066 12467809.394849 500.997946
539.118183 104.801037 0.941246 0.278886 51.569935 61.558017 61.558017 11976730.597636 272.247158
392.640338 192.485040 0.708514 0.276170 69.910016 71.345147 71.345147 394968.212222 7263.584001
391.461903 325.345506 1.080543 0.341155 59.443917 60.599969 60.599969 417843.094383 9150.972071
100.157563 237.524761 0.484015 0.322240 56.764760 61.845782 61.845782 5408027.630290 3221.415846
138.559130 170.466645 0.397098 0.511412 64.807016 74.083095 74.083095 6745655.328537 1099.381078
268.914938 407.889850 1.201399 0.347221 51.501956 55.203073 55.203073 3847872.557053 2028.208528
130.848013 523.551886 1.596025 0.060018 46.380231 49.348680 49.348680 2898426.836282 2448.138939
208.023745 382.128024 0.986787 0.167347 55.786499 59.761952 59.761952 3653378.327574 2016.141810
257.865526 448.155246 1.344556 0.211797 54.174969 55.181532 55.181532 447676.080448 9595.929471
241.552283 333.814329 0.832775 0.200866 7.262740 -1.000000 68.789953 99854530.629805 -141.494316
113.719163 438.883345 1.244416 0.354866 31.424165 38.802872 38.802872 16162158.691660 1618.679070
147.856221 353.359898 0.839468 0.189692 41.846001 55.087991 55.087991 22062551.130428 436.641757
499.313871 225.641042 1.042347 0.263439 50.915306 59.116000 59.116000 9724668.430493 442.399352
345.248442 109.829862 0.493905 0.299389 77.714909 80.235680 80.235680 738700.812263 3904.298372
201.420976 389.207489 1.026734 0.196707 40.796533 54.366475 54.366475 24047323.696852 234.038233
50.449723 342.589778 0.762522 0.122977 27.587254 32.297156 32.297156 6646359.817645 19166.594230
94.925701 407.282644 1.068801 0.305429 43.046378 44.306465 44.306465 2291519.898148 33893.161668
246.226177 384.681158 1.087144 0.352841 42.302300 53.729221 53.729221 19762979.682843 271.936470
160.776771 347.615935 0.830557 0.290696 59.262559 62.140841 62.140841 2583451.263736 3968.627810
404.499475 375.158170 1.291998 0.214705 44.268648 53.486279 53.486279 14093858.957548 301.178743
522.094879 55.865105 0.823381 0.177864 69.026747 -1.000000 69.001659 307.494277 -968230.921572
103.636630 181.558259 0.355923 0.312641 66.143448 72.190080 72.190080 4784383.457537 2496.832832
169.498865 389.095820 0.997659 0.339317 59.982075 60.927764 60.927764 503324.753992 13812.521178
463.196456 99.115568 0.763819 0.490029 62.188185 67.547105 67.547105 3675000.929203 1126.047790
503.199956 49.537369 0.789903 0.330184 70.141508 70.153738 70.153738 84.422852 1344266.796656
104.673834 541.184855 1.714294 0.157165 40.731019 42.442360 42.442360 3151872.032944 7608.581341
122.772094 399.115888 1.028102 0.299560 48.707800 51.568809 51.568809 4306442.326296 4679.014271
311.112817 289.965984 0.813464 0.334669 67.079511 67.947715 67.947715 210098.010407 13661.635875
118.004093 368.829674 0.878337 0.187273 48.334858 53.946042 53.946042 8485354.330239 1955.894337
73.654008 478.825186 1.398704 0.186703 25.867874 30.501581 30.501581 10367881.845976 8978.441512
205.290984 76.586437 0.305958 0.416489 80.169248 89.213606 89.213606 3812681.417480 659.381410
218.612818 236.569946 0.510484 0.133284 59.721945 74.346719 74.346719 14799893.947196 255.547322
145.652103 426.534834 1.185005 0.337328 36.837002 45.614358 45.614358 17952048.035442 826.096323
541.095502 296.279829 1.336256 0.128671 51.288170 55.003472 55.003472 2878987.790097 1314.293501
363.853369 199.401299 0.686629 0.409987 71.420563 72.432087 72.432087 210648.970639 11335.131168
270.280571 211.126885 0.518405 0.195905 80.901932 -1.000000 80.737194 7525.722000 -180615.962453
603.012184 101.348254 1.101079 0.113364 60.549267 61.103361 61.103361 84401.086937 16090.220143
136.873309 295.458066 0.621095 0.176110 54.771226 63.755240 63.755240 10946557.083013 6744.980256
363.893687 16.376187 0.501138 0.470178 76.600185 79.710572 79.710572 957055.734815 2687.185604
97.325990 69.834947 0.176876 0.212068 86.201277 93.020159 93.020159 2918278.604874 2292.506174
352.780075 73.580874 0.478745 0.338171 81.086295 82.160169 82.160169 157407.873426 11270.041339
216.231166 161.475124 0.423219 0.439160 66.846520 78.680519 78.680519 8567602.185615 432.841198
269.070011 73.280445 0.392702 0.503045 72.104107 83.600661 83.600661 6382045.351162 240.012827
354.107417 271.159837 0.833676 0.342734 66.722101 67.511808 67.511808 172254.159172 14498.154602
582.898143 7.331762 0.978638 0.099136 64.308276 -1.000000 64.126858 10427.361002 -143490.505958
121.561124 357.866565 0.888178 0.365076 42.919662 49.295883 49.295883 10690604.897001 1702.434279
516.036807 224.517189 1.062005 0.151028 59.226921 61.068924 61.068924 757165.792704 3939.537135
322.258708 152.618880 0.552841 0.486886 68.351300 75.076243 75.076243 4079882.736613 842.011595
235.361068 11.935943 0.276687 0.292196 89.181760 94.025146 94.025146 1309427.137408 1800.805400
214.319413 119.687981 0.248579 0.032402 99.995220 -1.000000 99.672027 5784.951011 -141472.615860
143.209970 320.757929 0.685242 0.182256 73.080787 73.210262 73.210262 11144.469478 131990.582825
493.661593 100.927267 0.783340 0.142931 65.106408 68.276791 68.276791 1477339.068240 2077.114525
194.182441 271.914287 0.639017 0.370710 53.089816 64.813065 64.813065 14149320.174814 492.455302
506.637848 98.136636 0.863840 0.448571 61.388651 65.047652 65.047652 2200544.515750 1837.723845
412.124818 253.376782 0.900714 0.270236 56.803966 62.860297 62.860297 5533715.186270 976.400584
218.935431 374.660605 0.983972 0.348114 62.597074 63.102073 63.102073 126532.257573 25749.391512
235.225323 157.839803 0.382655 0.202984 70.616222 82.565935 82.565935 8618684.486618 388.316076
170.548858 324.142424 0.813033 0.473592 41.874902 54.822540 54.822540 20469298.398552 405.644181
106.935859 338.418658 0.816691 0.346859 36.359582 45.426626 45.426626 15237712.957191 1367.528606
289.078474 354.635455 1.025854 0.359781 44.283858 56.245690 56.245690 19233014.603649 248.270748
284.113904 216.154373 0.537543 0.103547 66.460087 76.014385 76.014385 7128530.985903 386.527499
159.679627 119.203167 0.307234 0.442210 91.257870 92.458002 92.458002 158557.299244 13720.806344
519.144916 27.308341 0.819069 0.283753 68.299923 68.659430 68.659430 36662.237655 33291.431113
293.027789 288.097250 0.782844 0.336674 66.096225 67.897528 67.897528 734655.795908 5935.552120
148.526062 113.317634 0.315250 0.554269 93.707994 93.870274 93.870274 4598.772015 124548.912615
379.185352 99.511749 0.554739 0.337357 72.441657 76.439264 76.439264 1758908.349496 1939.903530
132.298461 132.737203 0.317807 0.515040 93.536721 93.648020 93.648020 3237.420191 194382.422568
324.306256 79.436490 0.428212 0.295125 81.599475 84.086163 84.086163 627738.924763 4070.662255
308.430845 32.975527 0.426640 0.532757 81.516639 84.220446 84.220446 604021.215166 3284.906512
257.219925 192.282820 0.516856 0.416582 68.505964 75.604885 75.604885 4669173.393705 1013.063469
293.374521 371.778599 1.076689 0.344599 58.839747 60.162006 60.162006 596342.172874 7768.742952
587.183125 353.276966 1.674019 0.105164 50.789095 51.293292 51.293292 98367.455424 14450.973101
71.302120 158.857971 0.288593 0.228520 64.538124 67.362425 67.362425 2216201.019658 16667.056549
576.987939 125.861233 1.085252 0.373729 57.984047 60.120907 60.120907 1084867.402241 3823.315768
81.054197 41.265547 0.195438 0.363492 95.614096 96.333044 96.333044 147232.285783 40925.061214
500.243338 248.362195 1.090902 0.239770 59.036601 60.450581 60.450581 534976.753952 6503.003315
646.931178 285.151992 1.639298 0.099692 48.633359 51.039513 51.039513 1451877.446682 1822.972960
451.789314 65.697879 0.660842 0.230186 70.459506 72.814031 72.814031 824889.235310 3758.792692
101.097978 158.637563 0.218570 0.045542 88.503807 96.443105 96.443105 2926703.473286 1170.060300
179.187106 403.252991 1.082259 0.332311 50.687690 54.777918 54.777918 5236204.283035 2249.052189
78.710031 178.464936 0.268451 0.104450 84.179324 86.056902 86.056902 924867.626522 11672.225773
103.559359 377.396575 0.941280 0.343500 50.310932 51.084498 51.084498 1125249.431932 48698.003119
192.987929 214.391523 0.400900 0.049056 81.592376 85.811474 85.811474 1215234.127503 1572.638558
529.599679 314.654218 1.366300 0.169558 53.906755 55.234780 55.234780 540376.327856 5995.166066
135.180156 247.139504 0.497018 0.359510 80.378077 80.640896 80.640896 37997.219398 73395.824110
280.722234 315.478285 0.844826 0.290885 64.093230 65.882157 65.882157 794360.843576 5747.297156
338.138735 318.851340 0.928725 0.117022 51.213601 61.854954 61.854954 12738419.090504 226.489813
593.404105 183.751502 1.205502 0.187784 59.187279 -1.000000 59.067286 7098.579813 -188264.726979
96.449960 295.039712 0.705950 0.444045 15.200575 38.370229 38.370229 27851423.707351 878.135932
608.636870 185.378850 1.267165 0.183278 47.017284 55.181068 55.181068 10511766.151666 295.479456
77.409476 82.342667 0.262447 0.458629 59.861962 67.888229 67.888229 4625019.343371 2683.437708
202.085398 342.422531 0.826713 0.238637 67.042908 67.572643 67.572643 114850.828194 26134.493389
106.998028 432.916796 1.190215 0.239130 23.825493 37.622563 37.622563 29058751.471715 559.379684
108.023923 310.478948 0.733699 0.450857 46.501583 50.990142 50.990142 6434775.023519 3804.044546
243.939367 196.184968 0.516431 0.431010 58.360265 73.170047 73.170047 14327278.892831 257.402727
249.159095 442.519191 1.321660 0.292945 51.686600 53.966000 53.966000 1931240.500460 3752.001515
152.840995 341.848022 0.836118 0.382500 50.469595 56.597505 56.597505 8458469.879947 1574.746000
137.663535 145.757848 0.261315 0.147736 69.547080 86.006211 86.006211 12247468.592258 384.995855
156.876767 127.116958 0.236254 0.139461 98.052195 99.306019 99.306019 159403.211565 13575.115467
135.796487 457.451986 1.278896 0.204229 47.890949 50.630285 50.630285 3795805.540799 3932.275877
400.718120 260.770715 0.920745 0.387725 47.173742 60.516965 60.516965 19096240.711579 147.077265
572.490187 26.341813 0.993825 0.397090 60.129073 62.301044 62.301044 1024445.297166 3777.990527
227.356920 144.688164 0.399076 0.441894 84.796665 86.186963 86.186963 227884.866820 9730.916764
146.780810 397.238009 1.018088 0.197877 41.520280 51.422928 51.422928 17670671.779983 609.968497
222.561020 303.151869 0.728131 0.319674 70.247648 70.841335 70.841335 118923.986446 23549.058312
329.752497 447.207753 1.451564 0.149488 48.647908 52.304282 52.304282 3505518.125050 1452.413480
197.427710 221.376807 0.490378 0.338677 75.561136 78.327430 78.327430 1153335.641107 4474.640671
176.566577 126.461513 0.314413 0.387585 92.308791 92.987063 92.987063 59049.958319 25356.188113
224.349367 245.947782 0.597898 0.487539 74.691143 75.580090 75.580090 185814.957942 15730.429559
139.844239 328.626868 0.691334 0.073509 73.408627 -1.000000 73.345175 2049.025849 -399530.052565
236.272341 378.717617 1.001548 0.167172 59.159732 61.272032 61.272032 1217140.593894 3968.587635
345.723471 18.326406 0.434660 0.302408 82.499891 84.252998 84.252998 338594.287386 6221.150004
204.039314 401.552347 1.106450 0.307834 39.547206 51.610212 51.610212 22570382.898285 376.334433
323.888187 75.598884 0.436735 0.361193 82.973434 84.338732 84.338732 218138.139014 8960.075330
142.941723 451.870873 1.251211 0.289305 55.397536 55.838572 55.838572 234391.456312 31083.973435
156.259510 393.907821 1.010206 0.246722 50.969401 55.414232 55.414232 5871178.797195 2182.372088
120.757330 145.655252 0.212904 0.063707 100.519397 101.810012 101.810012 146244.828272 13273.993575
335.784720 444.087235 1.449036 0.162689 48.791067 52.334033 52.334033 3373234.334510 1679.223829
113.922653 446.456471 1.185920 0.070784 42.216380 50.670734 50.670734 13656052.835992 778.769917
566.988196 40.148390 0.970775 0.268736 53.215608 61.197939 61.197939 8588563.731748 454.736046
157.441179 227.345267 0.496067 0.351691 43.804607 65.960117 65.960117 27009343.857151 80.184459
161.223991 378.601907 0.938391 0.294686 62.509072 63.158685 63.158685 258960.670660 21527.519589
94.969088 243.451335 0.558224 0.454051 0.000176 41.866888 41.866888 31235539.589037 inf
457.692683 389.928301 1.473776 0.214409 46.755272 51.699039 51.699039 5746125.684720 906.779232
324.128432 109.466469 0.433916 0.196904 83.500585 84.691474 84.691474 182435.717507 10365.016016
357.514532 354.009534 1.102328 0.196479 56.123622 59.038486 59.038486 1986681.117161 2456.809513
240.237191 224.457821 0.561369 0.377814 60.529841 71.357940 71.357940 10205360.053862 486.618067
135.702608 127.528225 0.323141 0.488628 75.532626 82.588662 82.588662 3472849.426919 1628.801333
325.765585 348.381290 1.036480 0.338834 61.015690 61.825930 61.825930 233645.966850 13406.497107
165.697127 368.041107 0.922077 0.344592 56.887344 59.572612 59.572612 2572076.641233 4250.690761
348.284188 245.117929 0.763117 0.347517 61.177582 66.744290 66.744290 4369506.800970 1289.171033
500.154948 92.509826 0.833990 0.414764 64.071993 66.536978 66.536978 1096704.418501 4190.613898
62.204172 130.988429 0.316432 0.429322 42.769923 49.510315 49.510315 4748655.824322 9420.061152
547.080068 97.324952 0.971697 0.384140 52.102406 60.781132 60.781132 9917582.487520 473.609668
192.111905 178.981192 0.397568 0.279068 56.668284 77.363316 77.363316 20370379.976246 113.465396
375.983142 297.907610 0.929555 0.149274 64.227574 64.978110 64.978110 152340.797954 13798.596159
247.681136 171.400395 0.442488 0.335505 81.511195 83.200976 83.200976 376037.092822 7503.535950
