343.220181 133.782979 0.515894 0.287975 78.761656 79.973916 79.973916 219628.522441 9807.640132
126.431270 348.618176 0.867004 0.430942 44.743658 50.596304 50.596304 9327375.789497 1947.529584
307.064762 320.036007 0.928014 0.349309 39.232822 58.542903 58.542903 33313185.695594 67.661281
154.882924 213.078235 0.464440 0.423332 67.935195 73.897379 73.897379 4308185.197978 1847.060036
626.798857 21.675726 1.163230 0.340155 53.157209 57.559107 57.559107 3833820.659720 1285.945620
150.716601 462.075019 1.311700 0.248065 50.892989 52.504646 52.504646 1636756.505685 6898.421878
161.388294 423.272265 1.158188 0.324573 48.311435 52.170923 52.170923 5532365.353655 2527.055777
86.417506 511.923628 1.572576 0.194658 31.555887 34.602010 34.602010 7413138.637713 9141.303408
120.135484 374.384107 0.948998 0.439806 51.749162 53.195996 53.195996 1929541.826274 12935.326073
93.200517 478.937231 1.330794 0.053793 47.345412 50.601058 50.601058 3782729.062392 3101.523733
286.386430 72.451266 0.383502 0.383960 86.266407 87.693985 87.693985 205165.349007 8540.364416
123.603669 351.495321 0.797557 0.144721 53.781846 59.184863 59.184863 6751190.357885 1936.392810
79.180957 426.202740 1.193552 0.365084 27.095443 30.873458 30.873458 7634698.963000 16565.613203
84.762329 144.496990 0.346370 0.525358 63.196111 66.569428 66.569428 2264317.124883 8479.445434
210.950716 206.462584 0.489045 0.432898 76.841777 79.164525 79.164525 784743.040875 5372.527569
326.864740 154.255549 0.548034 0.440714 75.829978 77.703749 77.703749 483128.281078 5770.029199
265.370167 235.248624 0.581004 0.197362 59.633756 71.656776 71.656776 12113583.002479 350.871317
184.051895 441.249475 1.240641 0.333640 55.458785 56.267673 56.267673 428451.849141 16536.036055
451.357608 300.649674 1.138814 0.381679 57.518949 59.075161 59.075161 704962.752305 5793.694399
106.447508 187.341205 0.386361 0.332489 40.702463 61.444571 61.444571 21022660.699592 367.935747
73.038296 44.319572 0.243483 0.450611 30.080309 58.448813 58.448813 14534392.138190 955.476511
242.897837 174.377445 0.444567 0.366111 84.875226 -1.000000 84.685601 8511.892415 -164206.871251
363.707549 245.071403 0.793312 0.412249 66.839347 68.223447 68.223447 428464.867522 7589.814836
262.468059 199.962517 0.529710 0.414395 76.872433 78.453630 78.453630 392046.093429 7764.649807
355.721576 317.921589 0.959699 0.131111 55.197915 61.650933 61.650933 6038808.246961 646.122428
269.238254 72.422617 0.365600 0.375321 71.577372 84.971442 84.971442 8339096.416536 166.506902
97.213364 42.416315 0.132108 0.152126 111.889150 112.286230 112.286230 20869.932320 62754.162604
113.610881 176.014475 0.372469 0.398985 63.507260 71.391882 71.391882 6252717.386283 1748.179187
77.093251 202.941123 0.445414 0.432231 38.920900 47.447306 47.447306 8434163.208222 3864.066817
215.179090 47.299057 0.305974 0.448441 77.324914 89.357095 89.357095 5562399.034557 274.437793
438.266079 142.493701 0.733490 0.385197 71.721899 -1.000000 71.570842 7666.638971 -179176.332797
156.183163 438.519213 1.209031 0.283069 51.546826 53.621714 53.621714 2261057.456174 5232.490768
162.776214 337.089079 0.781143 0.341156 70.079408 70.125788 70.125788 2149.639082 368734.657030
196.803218 323.283431 0.812719 0.468410 55.902875 61.296802 61.296802 5794433.206045 1682.697706
90.375144 294.586949 0.707390 0.484987 30.466460 40.079218 40.079218 13349441.250253 2608.679602
313.458975 140.331337 0.493207 0.381162 80.220415 81.259131 81.259131 158785.770195 12080.267070
158.718415 383.461225 0.978377 0.393743 58.772699 59.979042 59.979042 851122.499358 11130.145000
34.209891 125.398875 0.135242 0.020779 85.732553 94.189202 94.189202 2049272.877627 2699.890160
431.416920 209.927337 0.846294 0.408403 66.932261 67.489454 67.489454 87547.600942 20810.137931
99.514303 96.347013 0.274003 0.548956 96.089574 96.219655 96.219655 6898.704791 189068.942520
212.796842 198.196978 0.416800 0.187650 86.859979 -1.000000 86.759158 2880.066196 -306355.481975
112.308223 254.737059 0.580880 0.512790 49.931254 56.472386 56.472386 7691577.284173 2148.996997
222.715906 358.137081 0.925294 0.358036 64.188231 64.693210 64.693210 117304.272468 26281.395770
179.272842 394.968674 0.993541 0.117589 63.009524 63.362504 63.362504 57917.517033 36510.552344
117.274015 454.134022 1.294449 0.328138 41.219671 44.090719 44.090719 5600612.051827 5092.106773
397.850025 275.385259 0.949132 0.415456 59.702215 62.581352 62.581352 1752327.876134 2424.247433
117.189123 356.370868 0.860305 0.259742 38.043003 48.374487 48.374487 18133921.615451 853.440282
655.453642 112.562875 1.308706 0.173403 44.634266 54.469638 54.469638 14138247.599029 174.971515
308.985764 309.412925 0.891329 0.398080 58.464503 62.747871 62.747871 3485180.062090 1844.522798
525.771053 122.317963 0.929045 0.364381 61.922458 64.007437 64.007437 913032.924246 4918.501084
147.680316 138.326652 0.322779 0.459530 92.542292 92.816374 92.816374 14479.207695 72541.446487
106.745587 140.690129 0.273481 0.321928 93.421031 93.983356 93.983356 90291.754513 40240.144337
140.929065 398.233505 0.995125 0.266882 62.831906 62.988638 62.988638 31069.041677 98900.014963
135.355386 149.054200 0.311848 0.358512 87.924927 89.692288 89.692288 436169.218705 9824.342547
318.521895 321.088727 0.927149 0.313192 61.700764 63.591331 63.591331 906513.086254 5269.794164
124.116209 163.178762 0.389583 0.544525 59.787781 70.608776 70.608776 8352840.141043 914.696322
304.967040 224.597918 0.653372 0.446898 68.093335 71.558251 71.558251 1754171.247278 2700.230407
177.884794 180.813628 0.379494 0.321828 88.527772 88.804159 88.804159 17103.509733 67072.462816
185.800269 518.434629 1.631636 0.209509 48.438156 49.705386 49.705386 983544.906326 7608.845838
121.257626 96.358061 0.235093 0.301890 82.428356 89.724428 89.724428 3254306.209993 1775.192364
121.507837 229.529339 0.482843 0.507309 77.676938 78.151264 78.151264 149149.201588 43617.874944
105.712864 167.785379 0.326868 0.277935 59.601006 71.209690 71.209690 9999950.778484 951.488344
113.767367 569.871532 1.874104 0.079012 37.337430 42.270897 42.270897 9275562.643645 1459.309286
419.845726 206.844015 0.821353 0.477732 68.904759 -1.000000 68.823489 2877.088579 -304419.000487
99.294682 145.003225 0.364661 0.550435 45.263508 61.549745 61.549745 12927068.011969 605.460284
155.862793 353.402907 0.838282 0.361083 67.918503 67.997293 67.997293 6824.424745 209459.613149
122.602067 412.498604 1.082246 0.238220 42.185842 48.014023 48.014023 10627280.241763 1838.178860
222.164253 297.181699 0.701323 0.280660 71.895741 72.279886 72.279886 52440.594293 38083.384271
231.137106 221.077094 0.551463 0.410142 57.372819 70.802064 70.802064 13723977.554895 315.251617
293.006413 191.410662 0.552835 0.344077 61.449747 73.200119 73.200119 10717146.274853 335.410933
191.217675 26.191338 0.256489 0.367543 85.537710 93.929103 93.929103 2906609.202102 767.461337
138.170144 45.329631 0.147545 0.129383 111.916706 -1.000000 111.884361 169.883667 -1190548.149579
152.177040 340.268723 0.830857 0.473550 58.826033 61.045838 61.045838 2023386.159659 5995.219461
618.964503 7.103359 1.114212 0.231805 59.436483 60.376314 60.376314 252694.943513 9111.166148
136.138798 367.157286 0.862450 0.194476 62.405230 63.574342 63.574342 697884.405776 20857.315637
121.110358 150.921675 0.318999 0.359745 73.297715 80.033101 80.033101 4087377.020719 1935.255917
154.817109 377.640384 0.947637 0.384214 60.490696 61.399963 61.399963 541271.152419 15469.132609
421.148939 56.723982 0.576264 0.205613 78.257819 -1.000000 78.139185 3843.042784 -248454.330772
128.770922 65.680485 0.182710 0.191111 80.347917 94.876287 94.876287 7496453.172892 485.368830
112.129377 314.870708 0.672331 0.220319 62.939698 64.740644 64.740644 1598644.429377 9049.444698
133.455379 133.945708 0.320023 0.432712 71.015162 80.489467 80.489467 5690198.508075 1067.853137
205.387615 298.717193 0.698675 0.362682 72.998404 -1.000000 72.919011 3783.132249 -316356.266227
251.993102 50.998920 0.337930 0.435318 90.036661 91.206058 91.206058 120670.128474 11087.315944
79.723194 363.136235 0.939174 0.426997 28.106104 33.247214 33.247214 8676162.083589 10647.593032
67.600460 141.666264 0.223129 0.136942 77.014390 79.184355 79.184355 1368785.335684 15046.834906
130.314348 343.192536 0.815917 0.467049 63.292380 63.720505 63.720505 261980.194866 44197.238766
108.711381 34.030600 0.229830 0.469035 92.427722 95.074220 95.074220 520033.098581 6698.641353
169.955268 485.206793 1.434582 0.195756 50.661741 52.093951 52.093951 1148667.318673 6556.912881
433.530184 143.199577 0.736589 0.393521 61.515610 68.029432 68.029432 5051214.550788 810.227597
91.811576 327.384234 0.655987 0.066043 74.276555 74.366792 74.366792 6625.511977 204089.673394
441.227265 196.235532 0.824890 0.246843 59.558365 65.423009 65.423009 4754570.798844 856.214425
393.935588 269.740366 0.925303 0.358773 51.490303 60.932344 60.932344 11573934.591913 421.794551
133.958568 478.342732 1.406037 0.221719 35.330119 43.086606 43.086606 17157695.240835 907.132357
172.294562 203.827167 0.465885 0.521764 78.010948 79.881088 79.881088 588516.559084 7703.707689
247.243499 230.423497 0.561060 0.352544 78.121633 78.453045 78.453045 29035.334437 46519.125672
122.293512 102.995190 0.257392 0.366804 84.248094 89.340682 89.340682 1939967.094367 2823.979255
107.506128 457.314243 1.291754 0.225604 36.124066 41.449917 41.449917 11441323.874520 2284.810209
66.171378 330.427085 0.761522 0.215493 6.717139 29.363628 29.363628 22161135.023373 2307.067948
59.592454 94.069878 0.289584 0.492072 40.564516 49.279379 49.279379 5078207.935562 7835.236534
113.947232 478.824800 1.352093 0.168128 53.793711 54.036397 54.036397 128819.017090 62624.851513
158.551434 525.358366 1.668640 0.184101 31.975449 42.141337 42.141337 24477673.987445 410.327121
131.397358 120.021678 0.305895 0.517339 92.362292 92.950782 92.950782 54820.938690 33226.628733
112.615675 119.652976 0.285239 0.427174 82.800021 86.284765 86.284765 1321157.462125 4902.223463
79.663734 150.528282 0.259672 0.161991 44.178517 65.000416 65.000416 17819436.758888 467.393416
172.790081 133.276561 0.281986 0.237892 96.878859 -1.000000 96.767012 2612.651170 -306023.191087
593.233396 186.312634 1.244557 0.343010 38.569670 54.432609 54.432609 29319436.461335 7768.961488
285.880727 143.306066 0.430726 0.257987 84.251411 85.077827 85.077827 99814.824531 16808.264170
183.232888 301.628570 0.664349 0.212212 72.308965 72.972606 72.972606 145689.416077 22042.546430
416.408945 145.625763 0.643401 0.085541 65.882729 73.005637 73.005637 4432728.556640 354.199055
516.996517 221.454777 1.068651 0.233689 58.951684 60.750860 60.750860 787961.344413 4323.158785
106.639744 257.365915 0.453629 0.110698 83.462895 83.657843 83.657843 19891.285309 103433.254269
384.289976 86.996286 0.572003 0.453929 73.729814 76.340788 76.340788 836201.573002 3429.888036
43.437384 56.861514 0.073167 0.025781 88.414025 106.566003 106.566003 4471845.231557 491.580656
58.512554 522.735264 1.576731 0.055278 28.369904 33.292893 33.292893 10250042.390126 6123.320383
311.573482 239.718318 0.674124 0.350137 74.039399 -1.000000 73.943304 3636.457501 -276975.207602
289.330741 62.201975 0.327599 0.161663 93.243881 -1.000000 93.130387 2247.554731 -304141.243345
130.033407 380.048714 0.925981 0.321059 62.604627 62.884689 62.884689 121924.010507 60348.589099
441.261610 170.408507 0.805979 0.443180 60.324094 65.899653 65.899653 4254526.510155 923.680972
266.146217 246.346799 0.597984 0.205054 77.328704 -1.000000 77.260575 1811.508562 -397259.788972
543.672413 164.867469 1.038920 0.369975 62.865279 -1.000000 62.764090 5068.612876 -231435.309303
80.853845 180.213256 0.294019 0.148129 73.641937 77.033382 77.033382 2421972.791868 6275.344483
418.087363 241.413837 0.897309 0.331602 46.213989 61.366027 61.366027 22283836.282842 72.433406
150.092364 260.439506 0.555347 0.404682 74.753345 75.691377 75.691377 308775.678047 17605.719320
317.225081 161.976720 0.492173 0.189220 82.706155 82.733800 82.733800 254.747192 653038.289945
139.814986 284.479464 0.601189 0.343514 73.999807 74.497752 74.497752 135845.017964 35142.393036
337.956586 295.885328 0.865447 0.215185 61.414605 64.739963 64.739963 2073316.912520 2331.726485
383.785429 157.635189 0.671239 0.498160 64.331221 70.403791 70.403791 4089599.935837 1010.501711
516.403125 102.093035 0.838690 0.096052 62.675645 66.672091 66.672091 2078057.448168 987.605053
293.851330 402.455583 1.196528 0.292596 57.196987 58.104321 58.104321 336024.614840 11445.875516
224.964500 423.648770 1.229910 0.360344 43.825014 51.327090 51.327090 12553011.748806 711.152852
178.049813 471.364579 1.389857 0.256179 46.153525 49.861275 49.861275 5311087.943308 2246.618152
420.059569 43.763698 0.589138 0.320338 76.124035 76.909050 76.909050 109370.328449 15265.776145
322.536855 336.442033 0.973767 0.252516 63.649788 64.026084 64.026084 55291.289535 32500.493223
70.676852 62.102701 0.152813 0.159328 69.005357 80.100660 80.100660 6427442.641068 1655.457634
189.613619 313.214424 0.748665 0.393083 64.007381 66.464123 66.464123 1599218.110195 4812.540764
406.854915 299.053430 1.034357 0.407988 60.379828 61.617167 61.617167 447545.943521 7785.885205
111.664130 424.694735 1.122860 0.264152 50.375863 51.421831 51.421831 1419075.695935 17978.426430
241.035143 387.397083 1.045471 0.165333 56.430766 59.518832 59.518832 2353349.533992 2658.569936
461.197225 56.991658 0.672733 0.177900 61.562123 70.600151 70.600151 7677558.297606 305.352355
149.639077 284.344334 0.660476 0.435325 49.232552 59.310577 59.310577 13189714.337754 842.013440
121.525000 349.711736 0.804531 0.301619 64.504854 64.901294 64.901294 217674.264075 46336.786662
189.853506 392.024983 1.028435 0.315484 57.940324 59.597398 59.597398 1126795.803859 6846.202181
146.401528 274.550176 0.595465 0.346438 63.986302 67.974934 67.974934 3394925.387391 3138.507768
99.974651 322.144370 0.675877 0.106763 45.475854 56.529526 56.529526 15932977.431493 742.450510
121.677848 399.118170 1.009547 0.289616 55.884498 56.754415 56.754415 847255.944052 18598.437406
106.576771 234.167584 0.426354 0.258590 85.317968 85.351425 85.351425 2801.549881 707276.234084
655.170814 248.676175 1.556772 0.065158 53.124032 -1.000000 52.914685 16031.846961 -111249.630766
112.084643 384.214660 0.973349 0.246023 28.778700 42.888599 42.888599 26960084.090043 587.164444
111.857658 105.264492 0.210193 0.231878 99.531808 100.523668 100.523668 139367.936913 21474.023254
129.824933 450.684562 1.211633 0.134671 57.743768 58.012377 58.012377 69907.647392 50620.216731
95.850465 515.548184 1.530866 0.072864 49.399507 50.213824 50.213824 617120.687623 15271.949699
301.145151 157.867901 0.518655 0.480568 79.060112 79.977805 79.977805 131525.849328 14091.541529
228.283026 83.412780 0.311061 0.342193 91.533102 92.931742 92.931742 175171.800312 9727.521144
56.218903 126.440099 0.175310 0.077892 77.811227 81.154646 81.154646 1954948.954290 9558.011342
68.170756 311.037988 0.708900 0.276937 25.597843 34.155852 34.155852 11528139.109004 5888.833562
196.800147 425.403660 1.188651 0.341042 53.363335 55.469670 55.469670 1880772.686542 4460.413594
108.596339 374.364011 0.912511 0.262908 50.401061 52.760116 52.760116 3414034.617093 6864.905939
126.522528 333.148484 0.748835 0.275209 63.459182 64.751580 64.751580 954310.611718 12194.714103
109.095669 330.457483 0.800773 0.402321 37.944474 46.173153 46.173153 13429816.362131 1571.092280
183.020672 485.449309 1.465438 0.197690 39.014482 46.999531 46.999531 15657103.446641 638.472830
102.800616 163.542177 0.354722 0.439054 67.692109 72.628308 72.628308 3383597.482719 3427.071042
381.445110 133.886964 0.584095 0.280655 76.992159 77.448455 77.448455 43285.684190 29316.305394
114.774217 304.946986 0.646149 0.320554 71.411203 71.515174 71.515174 37301.337305 238025.533820
182.218533 280.794258 0.657636 0.367024 47.289117 62.082081 62.082081 20172528.633580 232.997375
283.973836 169.520495 0.472106 0.270644 82.006367 82.715859 82.715859 84885.839522 19758.075464
203.460302 25.677581 0.206362 0.164868 104.639226 -1.000000 104.571897 645.075114 -553904.198267
59.883154 145.567960 0.275581 0.228609 48.292742 54.607316 54.607316 5008945.807678 7757.376515
174.884373 286.306159 0.655310 0.344429 57.690274 64.972955 64.972955 7837136.222714 1169.233718
166.667812 363.017654 0.903700 0.316297 54.398740 58.555686 58.555686 4798244.328482 2459.021504
128.939780 420.045283 1.067945 0.087104 53.176815 56.738541 56.738541 3575894.794856 2673.116537
472.825487 118.384651 0.791508 0.460198 70.007910 70.040798 70.040798 497.543994 459929.603061
351.701735 130.877586 0.542272 0.388351 80.000059 -1.000000 79.938593 1157.424853 -455360.824245
553.096203 164.007385 1.054317 0.276610 61.996367 62.288518 62.288518 31822.753495 38667.764797
409.757416 229.881920 0.848671 0.364840 59.671993 64.616431 64.616431 3800792.143289 1322.037747
304.627228 334.051462 0.984009 0.432728 47.112372 57.697898 57.697898 15411606.448703 364.222386
60.350133 10.001407 0.191302 0.322814 60.638452 66.816725 66.816725 3169676.734339 6950.877349
479.903110 189.297566 0.861086 0.000916 66.549472 67.977048 67.991922 1459374.435743 -3858.652356
468.558552 36.344613 0.675974 0.170369 68.731532 71.977058 71.977058 1405472.707429 4070.651729
411.383377 429.248137 1.527837 0.193578 52.862273 53.253927 53.253927 76417.341619 24227.306357
541.482987 122.562228 0.944944 0.177212 63.913694 64.665503 64.665503 145390.658270 13259.809712
156.755575 513.382566 1.547341 0.005133 52.958684 53.787002 54.904120 93685.697331 -18908.579892
193.476488 369.986644 0.940667 0.351816 62.889131 63.576050 63.576050 234064.158360 19143.883058
424.417422 266.484518 0.940174 0.144159 61.373107 63.740125 63.740125 1089840.452044 3146.436186
117.312008 247.762268 0.463763 0.153575 62.392563 70.177815 70.177815 7652588.419314 1421.206349
105.061110 223.216866 0.363997 0.103195 89.475538 89.659894 89.659894 13755.919104 115702.459665
343.907605 292.277747 0.907458 0.447555 54.821703 61.524322 61.524322 6935811.282371 826.418938
148.032506 282.944993 0.550738 0.094002 79.459484 -1.000000 79.391608 2054.154792 -399560.706984
105.725425 216.700721 0.437243 0.279936 27.774985 56.842565 56.842565 32087345.062362 136.246123
530.612405 181.672423 1.026512 0.244895 55.731323 60.495050 60.495050 3942047.412024 1093.811981
97.629736 129.953980 0.259384 0.299506 84.301148 86.862019 86.862019 1075785.898724 7956.215522
605.552150 344.976424 1.704274 0.096725 46.207573 49.910258 49.910258 3116213.266244 781.879536
126.045419 161.858921 0.344052 0.371278 67.824133 76.692078 76.692078 6321018.682347 1272.136336
170.262716 221.807644 0.515689 0.516078 63.410111 70.907512 70.907512 6118315.220158 1217.326918
192.059875 197.683513 0.431794 0.354313 84.253835 84.808372 84.808372 63506.823928 30004.449286
127.902269 475.719352 1.332863 0.076551 52.901074 54.262572 54.262572 833586.808314 7537.854546
87.478336 196.038800 0.317999 0.099273 41.444200 67.506644 67.506644 26199003.970557 181.823644
164.350732 420.675473 1.123697 0.165684 42.619583 51.883635 51.883635 16074252.203555 605.726563
103.654752 134.525501 0.333548 0.496095 54.932124 68.225867 68.225867 9849555.728838 821.543207
314.263533 471.522474 1.543642 0.210943 53.393182 -1.000000 53.322782 4342.619949 -271705.444923
451.871770 6.933972 0.667729 0.397994 69.770280 72.330812 72.330812 945519.083792 3442.489124
561.066372 253.148051 1.294998 0.340128 51.593474 55.148162 55.148162 3028320.207418 1584.221616
119.121804 389.742074 1.006555 0.330639 42.119518 47.369209 47.369209 9405738.758380 2417.054274
255.752498 90.440464 0.280425 0.071780 91.535097 95.269760 95.269760 793422.164361 2058.110804
125.867638 118.194741 0.301443 0.445348 69.126179 80.221190 80.221190 6656929.299846 906.506383
175.934276 315.825001 0.734699 0.237291 45.368097 59.980627 59.980627 21952351.130391 297.911031
84.426310 202.712834 0.472381 0.512098 19.277313 42.735454 42.735454 19870416.985283 953.026720
110.433361 205.693067 0.380128 0.262655 78.238162 80.162976 80.162976 985940.194161 9716.767110
194.859768 208.489480 0.500842 0.528310 72.156823 76.236372 76.236372 2072821.244784 2683.204765
59.769236 110.775679 0.288634 0.405690 28.548183 44.849332 44.849332 9495856.482173 3435.764699
203.739711 378.879428 1.022188 0.423399 49.306479 55.358320 55.358320 8359910.891158 1256.607521
93.561513 102.444127 0.158404 0.094369 95.104235 100.164444 100.164444 1753699.125775 3374.386969
336.547273 122.990589 0.516796 0.431101 79.212213 80.155783 80.155783 134179.180414 13283.111526
541.746239 187.642858 1.053513 0.164892 60.935276 61.830638 61.830638 214548.369949 10057.419552
72.087476 77.769987 0.271004 0.473175 32.428481 54.943508 54.943508 12621094.330264 1050.413582
99.135484 323.607584 0.682749 0.139176 57.544285 60.960088 60.960088 3892469.099572 4389.828619
122.130334 79.351480 0.218750 0.274343 62.701666 85.759233 85.759233 15211208.204639 221.391617
183.582565 353.373032 0.851411 0.239007 64.907963 65.829118 65.829118 338094.980826 14179.663274
155.755839 387.104986 1.022479 0.351396 35.727999 48.434412 48.434412 24527065.710449 367.214537
116.168296 232.004409 0.532897 0.503593 34.797800 53.711996 53.711996 22258829.577483 348.926988
142.192574 528.224185 1.648028 0.090217 29.129032 43.709874 43.709874 33887982.277614 108.194130
312.466737 172.525472 0.547360 0.432687 23.508624 -1.000000 79.976182 75273685.586283 -153.475068
67.088814 167.000354 0.388675 0.483243 38.270883 45.700608 45.700608 6028223.104938 7912.128612
183.231949 502.433702 1.521606 0.110712 53.229702 53.426657 53.426657 28101.455030 56331.734941
80.865797 315.315379 0.726483 0.328771 40.188816 43.366212 43.366212 4836635.948152 14559.921701
118.078612 348.751649 0.842489 0.352911 48.433151 52.549557 52.549557 6153890.221370 3340.412606
248.963887 138.990357 0.357791 0.187360 90.641576 -1.000000 90.425828 8535.992583 -157781.405971
117.790029 252.915690 0.579252 0.455797 25.648388 50.855513 50.855513 31318115.304395 206.149902
114.366758 534.239279 1.651470 0.115619 49.494748 49.903349 49.903349 222344.660446 30315.194187
117.410869 161.744485 0.334004 0.387258 80.357151 83.109859 83.109859 1201983.703991 6349.363366
422.576668 299.005606 1.069897 0.303266 43.704881 57.158318 57.158318 21614918.659719 114.573617
130.180201 70.214050 0.265841 0.528294 96.338823 96.916371 96.916371 36482.956534 33428.949741
110.556459 112.098157 0.240314 0.280615 82.156120 88.008267 88.008267 2734051.358748 2573.265430
91.167308 67.851814 0.157450 0.173193 94.353932 98.412762 98.412762 1355397.844241 4771.747337
96.311435 478.471131 1.417247 0.259104 28.590408 34.609170 34.609170 14177151.482468 2955.439812
260.085001 407.678040 1.145182 0.129648 60.563754 -1.000000 60.520016 1342.983301 -485216.194149
307.798684 39.646507 0.378443 0.289708 82.728392 86.649332 86.649332 1208041.403664 2132.298121
114.506130 440.811577 1.248751 0.353968 34.600910 40.302747 40.302747 12300363.246909 2424.755233
123.995188 357.673761 0.891492 0.409852 46.992154 51.323392 51.323392 6707309.464568 2991.447372
146.258540 182.010364 0.330514 0.208796 91.945454 92.225585 92.225585 18913.724126 71784.200971
399.932411 239.043764 0.830074 0.301838 68.483623 -1.000000 68.340850 8221.198593 -178444.471985
322.217078 320.132919 0.931550 0.269925 55.152321 61.236678 61.236678 6165470.104695 1002.138519
68.856824 556.225363 1.776994 0.051999 16.641516 31.757217 31.757217 32204603.737770 786.771515
128.996054 477.373271 1.373610 0.221012 49.011970 50.379567 50.379567 1612232.893915 9409.807401
488.356351 108.834465 0.811663 0.384373 67.780428 68.487209 68.487209 122517.819108 15761.103021
493.237057 2.019632 0.747961 0.301852 71.354380 -1.000000 71.257858 3373.036803 -273693.397325
106.257834 79.370182 0.268805 0.488867 67.270379 79.226964 79.226964 6402184.925074 906.851740
237.175359 419.088883 1.166825 0.113740 57.845417 58.841384 58.841384 335943.050321 9718.095820
81.832660 244.677158 0.529706 0.364360 34.068268 44.718894 44.718894 12505849.755995 2282.999659
126.369437 436.086062 1.163973 0.217390 53.542441 54.680582 54.680582 1088750.383172 11838.231384
283.549625 313.839197 0.817384 0.134244 65.769928 67.383718 67.383718 560381.842795 6189.925728
105.266313 251.484048 0.488779 0.174900 33.190191 57.704719 57.704719 31397351.472637 122.854141
270.667065 153.343601 0.438125 0.289643 74.856079 81.050044 81.050044 3228670.928020 1301.389848
492.935074 260.976830 1.100737 0.227998 61.398239 -1.000000 61.280613 6860.870088 -194473.475263
233.946751 393.897465 1.063140 0.170180 57.382942 59.623761 59.623761 1431351.646288 4078.440864
70.395601 412.462466 0.998973 0.042619 45.063156 50.966485 50.966485 7936100.968956 2088.752705
429.856384 193.231602 0.811863 0.377317 61.854562 66.142885 66.142885 2840528.036976 1552.130490
426.586950 52.152126 0.584736 0.198998 77.815667 -1.000000 77.672208 5440.945680 -204317.858542
69.641836 154.417128 0.264178 0.166236 54.590329 63.917447 63.917447 7827146.262311 2011.103828
632.849203 135.624888 1.251125 0.127382 52.681797 56.634276 56.634276 2946936.869292 1095.933009
539.165105 31.822495 0.853207 0.096542 61.057267 66.072456 66.072456 3070812.191497 737.549833
456.692687 182.571354 0.853823 0.384222 60.997575 65.034154 65.034154 2656389.293078 1604.868780
312.643714 133.892690 0.505409 0.514755 81.751642 -1.000000 81.646272 2732.564614 -284080.519359
316.271507 72.731333 0.366000 0.102234 80.692956 87.421240 87.421240 2820556.050051 793.619969
274.868568 441.209038 1.344685 0.262919 52.658083 54.398211 54.398211 1159863.704055 4983.610462
367.845218 360.174066 1.139337 0.138437 53.352124 57.935055 57.935055 3989418.401281 1125.953827
130.698159 365.317908 0.876150 0.326686 61.436117 62.168615 62.168615 491014.314822 21971.578595
292.633601 200.679323 0.595980 0.466409 55.509317 70.545360 70.545360 15883771.745349 89.083854
231.549913 333.122628 0.856057 0.451352 66.740217 67.071432 67.071432 50728.181258 42097.564649
129.287492 516.401837 1.582775 0.125798 34.616252 42.936680 42.936680 18341377.230536 682.206640
624.475992 186.118639 1.317733 0.240109 57.130860 -1.000000 57.057258 3300.069438 -287863.503314
110.433964 495.102193 1.440334 0.086962 39.856802 45.910916 45.910916 10965897.699244 1276.828251
89.595296 415.379940 1.013816 0.035085 42.437974 55.073312 55.073312 16747631.776301 367.667864
206.433340 304.409059 0.721746 0.380992 71.386893 71.646277 71.646277 29942.444382 59683.923345
120.860239 241.015973 0.421962 0.124358 85.476816 85.715658 85.715658 21591.576623 82294.733346
257.306028 482.696078 1.514574 0.182333 51.863884 52.698989 52.698989 343897.268858 10810.306261
311.173366 383.160840 1.161091 0.282153 40.633099 53.917661 53.917661 23804217.978647 113.774464
125.940873 411.329552 1.040717 0.278218 62.367081 62.389129 62.389129 2518.647189 769412.186637
107.067548 399.704304 1.043075 0.243248 18.515144 38.579848 38.579848 37004305.551687 343.240413
78.119845 352.276206 0.883688 0.342749 12.249584 29.565474 29.565474 21889432.818110 2334.160098
91.549342 236.402573 0.441806 0.216592 66.213627 68.557379 68.557379 2077216.938002 9129.199820
651.422467 101.605818 1.269864 0.112519 52.490788 56.428705 56.428705 2853570.606711 991.470928
117.468590 149.194014 0.300483 0.302391 73.412404 80.744440 80.744440 4616921.236183 1793.785733
448.763026 198.345110 0.865711 0.437467 66.213348 66.838612 66.838612 108128.202211 17968.348075
145.301616 194.856016 0.377579 0.260882 78.084484 81.998463 81.998463 1984328.991836 3510.205889
249.287129 57.477659 0.297984 0.268676 95.468112 -1.000000 95.295657 4383.850934 -208059.718116
168.984294 359.127316 0.888404 0.371848 60.560996 62.237989 62.237989 1169623.584291 7567.730765
233.186500 492.512775 1.534621 0.161217 50.366861 51.758462 51.758462 852641.032460 6026.791068
170.190158 287.521242 0.684419 0.460495 51.835750 61.257609 61.257609 11720947.049117 784.305401
238.177313 414.420436 1.172652 0.220095 50.383889 55.197997 55.197997 5650122.246229 1479.280565
121.048930 212.310845 0.391244 0.282510 87.186400 87.364979 87.364979 17148.048710 119425.682780
247.993441 363.016262 0.966302 0.296024 63.438589 63.888098 63.888098 89143.445779 28089.820504
445.397008 39.503376 0.662931 0.448181 74.456036 -1.000000 74.324033 5208.405019 -211447.597053
437.189516 347.822335 1.230027 0.071429 57.057587 58.158556 58.158556 279057.597434 5875.247952
552.640123 325.868255 1.479425 0.244376 53.079636 53.761326 53.761326 190948.770284 12130.036880
86.818167 168.079923 0.346922 0.362357 59.480206 65.092896 65.092896 4627543.144070 3702.828173
401.742569 422.300325 1.481553 0.245633 52.614924 53.450112 53.450112 299602.919930 15611.109103
149.372596 405.958172 1.095918 0.321331 31.762303 45.931622 45.931622 29160006.631895 305.781925
156.478573 453.318499 1.260201 0.294684 57.813741 57.878721 57.878721 6927.072002 218166.121090
134.737152 268.023204 0.573139 0.278396 43.792412 59.890467 59.890467 21904096.905792 335.056836
306.078656 145.313697 0.515952 0.513110 76.881979 79.072872 79.072872 574564.216458 4676.230278
161.801555 381.380737 0.966088 0.412245 62.001190 62.488844 62.488844 185689.085496 29711.876797
136.238918 357.569564 0.872864 0.321572 49.887924 54.915141 54.915141 7215796.450311 2177.355846
598.618171 114.744818 1.110067 0.167496 59.634571 60.550586 60.550586 229277.634550 9301.120440
187.512232 230.203413 0.527892 0.499710 76.668154 77.878463 77.878463 315216.644454 12088.670769
172.020023 417.047309 1.139847 0.350011 49.857564 53.443874 53.443874 4701386.834491 2663.220458
145.467455 359.866783 0.877351 0.465827 64.338300 64.652992 64.652992 113756.143384 52050.848832
366.201794 206.291039 0.661755 0.117768 56.287670 70.660353 70.660353 15311802.350535 97.378649
241.620230 255.971845 0.605754 0.229621 67.726699 72.361661 72.361661 2973268.367983 1935.343729
400.254106 162.142814 0.656699 0.216049 72.564572 73.696642 73.696642 237110.245820 9668.874356
557.294378 69.993391 0.968671 0.444705 64.818152 -1.000000 64.789787 475.211206 -800432.871552
429.219613 133.888353 0.667263 0.155434 69.779612 72.501588 72.501588 1037043.659768 2932.413480
151.152928 425.721754 1.157916 0.317874 49.797366 52.640497 52.640497 3761893.144497 3824.695145
330.586449 183.292215 0.582290 0.319609 74.181106 76.057577 76.057577 542462.542507 5666.654884
179.666345 317.621950 0.735930 0.331031 68.298610 69.248556 69.248556 336218.033676 14803.221762
117.023631 248.801357 0.502890 0.427030 80.141516 80.179280 80.179280 5274.319246 655927.564022
528.703244 324.415398 1.412477 0.269063 50.768452 53.512918 53.512918 2097367.610088 2218.480498
80.605536 41.704685 0.159235 0.227700 92.670155 95.538496 95.538496 938368.559045 8239.477953
345.426045 469.973096 1.594105 0.207648 51.326207 51.952558 51.952558 196256.805019 14461.382108
122.682505 481.187615 1.426532 0.279991 37.943224 42.305330 42.305330 9341277.972160 2359.379942
206.084742 380.633216 1.016953 0.384924 54.088563 57.735436 57.735436 3814750.282705 2563.961504
56.662137 457.941375 1.313166 0.216148 13.110517 21.139354 21.139354 12532371.919730 13438.947844
153.469925 43.758873 0.151825 0.103691 102.820747 107.237574 107.237574 881152.128687 2657.871891
103.187852 494.581053 1.467704 0.174923 35.828002 40.399492 40.399492 10155343.120027 2702.106102
175.306201 249.591838 0.574325 0.433729 56.775423 66.777402 66.777402 10566158.412518 738.287893
135.852984 453.593737 1.257593 0.341973 56.242025 56.380913 56.380913 54130.421354 112059.679581
457.016824 168.352141 0.829438 0.422379 65.172183 66.979931 66.979931 656400.365588 5383.206768
144.266840 170.206414 0.267127 0.055594 96.134634 97.189245 97.189245 98923.452655 14150.991060
243.567144 115.160064 0.388977 0.458034 78.120426 84.255148 84.255148 2529957.893748 1234.087913
117.119664 410.642733 1.007139 0.077339 62.459410 62.761053 62.761053 56292.978719 46180.357850
130.303752 97.541819 0.287021 0.536785 95.081656 95.436288 95.436288 18800.541698 57197.113967
344.091555 387.467380 1.188463 0.051452 56.455679 58.734528 58.734528 864270.510006 1539.175719
409.650247 81.561818 0.613222 0.387713 62.220272 72.225041 72.225041 8379515.943368 438.262161
142.995789 169.767613 0.359123 0.411164 85.669613 86.991255 86.991255 298715.685614 13141.423839
538.934132 112.720319 0.959416 0.439407 63.695409 64.294672 64.294672 105933.948448 17775.791088
118.060132 200.150650 0.380781 0.351047 87.324798 87.530107 87.530107 23979.407674 106004.985227
218.444813 191.643586 0.477528 0.457925 72.414464 77.698725 77.698725 2825450.997864 1784.263515
447.783885 118.587436 0.733106 0.375912 60.903014 68.078423 68.078423 5845479.849067 557.259123
477.807689 237.478353 0.999296 0.201680 60.271789 62.300181 62.300181 910342.126714 3766.418986
344.829574 410.974358 1.332238 0.300701 49.287301 53.432899 53.432899 4498953.425846 1593.646986
64.535247 112.809891 0.256580 0.315527 53.993166 59.883726 59.883726 4042673.108885 7245.841308
154.824674 240.871210 0.491417 0.337654 80.674420 81.077299 81.077299 57489.093303 44382.005847
101.627259 269.846846 0.493185 0.098717 71.084755 73.990595 73.990595 1924812.491809 5259.087090
158.164430 392.867728 1.035714 0.325579 41.971872 50.627826 50.627826 15435355.940306 800.176906
569.726663 317.717336 1.508682 0.235115 48.166042 51.809722 51.809722 3438476.055750 1316.823565
219.099814 417.348765 1.169662 0.315772 54.943343 56.801780 56.801780 1361118.815710 12711.886857
115.115224 278.795710 0.586454 0.234624 41.430719 56.161397 56.161397 20722280.328423 498.135073
97.379781 118.171136 0.239033 0.274794 84.512360 87.915776 87.915776 1469522.671073 5707.304056
279.338496 424.895189 1.281867 0.340244 54.769722 55.967556 55.967556 608951.036971 7993.889266
136.231928 547.566387 1.735139 0.033567 41.243809 48.588021 48.588021 8572555.780226 187.638085
538.435859 150.853950 0.975360 0.176566 64.682452 -1.000000 64.664156 201.451240 -1247705.816511
118.899352 187.228634 0.397606 0.419301 65.298606 71.876723 71.876723 5097224.069177 1995.214937
583.846705 224.112368 1.273529 0.192058 49.120762 55.260586 55.260586 6797598.412697 465.502785
170.329365 507.761758 1.552556 0.164671 49.050698 50.521552 50.521552 1195918.368020 5835.808707
143.426783 225.264495 0.462483 0.355059 73.989171 76.800420 76.800420 1514283.866597 5296.434718
136.772705 500.414068 1.507425 0.219645 44.353783 46.931521 46.931521 4040608.101925 4005.894085
146.250028 245.298997 0.501250 0.366126 80.221788 80.543455 80.543455 44952.774947 57510.212452
494.508238 85.084815 0.825454 0.457064 57.319999 64.997149 64.997149 7060481.678468 363.718394
114.919315 235.448495 0.532266 0.485793 43.506401 55.977571 55.977571 14669167.463872 777.668825
219.758608 240.469274 0.533452 0.254197 80.103492 80.228518 80.228518 5282.633782 137712.984281
125.617906 459.541075 1.293922 0.233254 45.688332 48.387928 48.387928 4331575.090341 4326.434717
136.974652 250.458831 0.485716 0.254752 81.078009 81.397578 81.397578 45367.532242 58869.384913
434.628106 105.855489 0.682083 0.400897 72.428445 73.091661 73.091661 93096.984253 17930.907939
94.330075 437.166664 1.135826 0.117187 53.242282 53.997342 53.997342 765722.086641 23331.907485
124.847596 422.849166 1.081382 0.107648 54.427555 56.753240 56.753240 2133051.052427 4733.411395
157.390126 365.087489 0.883617 0.262408 60.874905 62.522766 62.522766 1133410.606767 7818.997924
122.229773 342.554327 0.862184 0.447438 32.250930 44.895835 44.895835 21753840.206654 729.397304
123.251815 204.389516 0.359606 0.149013 69.648795 78.141609 78.141609 6715660.770021 1247.209103
544.607705 195.420077 1.100394 0.289693 55.015179 58.974174 58.974174 3116134.509402 1452.767188
203.473281 281.658761 0.684659 0.408145 50.168117 62.991352 62.991352 16616776.906179 393.879471
159.323525 274.646262 0.615945 0.400677 62.903133 67.410076 67.410076 3898701.566962 2532.992718
131.198226 321.316948 0.749462 0.323870 44.065186 53.913801 53.913801 15165472.112034 867.222093
116.110146 73.238908 0.219239 0.353807 98.896261 99.893667 99.893667 113114.969693 20449.945662
519.548267 205.209946 1.023875 0.137226 61.212903 62.396618 62.396618 330689.907510 7025.554976
107.173299 405.745838 1.041304 0.191698 36.752226 44.970533 44.970533 15938402.379700 1201.464692
76.223977 158.296288 0.291718 0.227901 57.402801 64.793583 64.793583 6212932.929761 2804.081662
89.234621 298.906356 0.641169 0.242732 47.626740 52.025421 52.025421 6165006.208346 4533.841900
262.865145 402.973217 1.135027 0.189528 60.816849 -1.000000 60.787603 725.285686 -704078.704942
121.399577 318.117158 0.721743 0.265546 42.394518 53.297118 53.297118 16953402.930034 736.743367
115.454476 276.287696 0.645940 0.497959 41.854133 51.686888 51.686888 13328204.478845 1097.777352
106.380255 282.599943 0.631226 0.327085 23.889825 46.933648 46.933648 31109954.570293 288.121458
107.768398 185.794188 0.328353 0.173635 58.634204 72.773031 72.773031 13284164.728669 630.075839
418.958554 377.641597 1.330319 0.283233 55.008590 55.897052 55.897052 306606.530218 10125.434246
113.556656 251.256766 0.479858 0.255381 77.674768 78.296139 78.296139 227996.978125 32137.493180
140.439149 184.240696 0.350647 0.222414 69.582630 79.182319 79.182319 7317691.950361 1017.817006
118.138134 419.368554 1.046687 0.060261 59.589907 60.653878 60.653878 416434.245476 10827.453016
170.444204 228.774962 0.514525 0.410685 58.325996 69.257159 69.257159 10879609.247563 655.758001
169.406251 305.473358 0.731696 0.491695 60.164140 63.884053 63.884053 3346006.142451 3031.147204
519.655790 307.660729 1.326261 0.334841 12.559357 -1.000000 57.142007 97255625.210967 -146.842329
178.551012 372.213282 0.918924 0.260238 64.732650 65.053953 65.053953 62157.128893 44369.455527
269.649060 451.685789 1.388193 0.282466 52.793131 54.056001 54.056001 707299.123003 6941.340968
393.554958 76.717260 0.596383 0.504499 64.151205 73.187745 73.187745 6655000.978361 328.285353
167.112058 148.651551 0.348256 0.394796 76.391362 83.425772 83.425772 3636678.828751 1426.993484
339.863554 81.964947 0.477299 0.397712 78.283626 81.048206 81.048206 792392.225227 3329.832504
205.018583 273.756111 0.657562 0.496961 69.221649 71.112854 71.112854 827022.254683 7359.555089
336.696513 300.570531 0.844285 0.033054 68.171725 -1.000000 67.982663 5810.634190 -161945.586087
399.586004 407.310884 1.401597 0.187430 54.711418 55.169613 55.169613 93973.666944 20890.953824
111.432378 96.996034 0.188118 0.163935 87.696929 94.964248 94.964248 3166383.141250 1958.553401
171.363515 448.103343 1.248868 0.270265 56.958657 57.281508 57.281508 91169.987767 39807.310664
278.608318 393.598312 1.125262 0.249329 60.862798 -1.000000 60.785085 4330.389630 -275525.421770
102.360668 512.673456 1.575172 0.159752 21.748240 34.589572 34.589572 31368933.647607 649.528270
103.875758 308.354472 0.695573 0.287174 36.752584 48.303380 48.303380 17784362.752117 923.284398
228.990284 173.701003 0.392338 0.178734 80.182632 84.548308 84.548308 1780673.717195 2183.518007
350.191152 215.394109 0.631058 0.040091 75.808911 -1.000000 75.601347 6281.979459 -158867.427236
86.462206 323.105835 0.691990 0.156601 49.070440 53.342649 53.342649 6092901.767954 4156.351748
125.581551 131.075027 0.266027 0.298669 92.869476 94.258057 94.258057 270016.425726 13660.329730
405.528002 17.023783 0.554298 0.324583 74.360175 77.160795 77.160795 944440.025214 3115.779155
294.937501 102.871667 0.446342 0.519415 84.790670 -1.000000 84.569951 8729.372657 -147589.151624
451.561275 217.396089 0.907571 0.318257 57.435593 62.941233 62.941233 4705885.649482 908.948046
152.781763 177.800196 0.429608 0.537237 49.115219 69.862940 69.862940 19812020.985785 154.911303
221.283766 386.320403 1.025286 0.285943 61.854565 62.290270 62.290270 97226.953204 29315.734904
557.122536 141.269508 1.031951 0.289903 61.917513 62.505803 62.505803 108317.632655 17241.159378
151.309419 443.364401 1.245797 0.299759 44.564319 49.075456 49.075456 7610455.407430 2059.161426
594.280707 133.328770 1.147814 0.376570 57.905985 59.246856 59.246856 508631.704348 7031.920682
190.150348 161.464566 0.355346 0.302558 88.842040 89.647024 89.647024 96899.449204 20353.985619
367.666771 279.574056 0.895581 0.382754 61.395830 64.084994 64.084994 1513274.761967 2588.656294
594.664466 89.053516 1.086928 0.335658 61.747934 -1.000000 61.646588 5145.157295 -226121.730502
209.698095 304.442106 0.737218 0.477000 71.764052 71.801215 71.801215 958.329727 450409.896024
365.972958 169.391883 0.629359 0.342745 67.108869 72.329456 72.329456 3176217.259649 1355.239216
331.652758 197.917885 0.618649 0.322518 67.335114 72.525234 72.525234 3207613.761022 1465.378615
97.332033 225.128071 0.420777 0.248229 70.818817 72.741996 72.741996 1425911.094039 10896.343242
203.540286 287.000010 0.680483 0.488208 73.712217 73.781313 73.781313 2714.607014 246334.874328
494.981743 368.225496 1.481855 0.253610 49.748616 52.415802 52.415802 2095453.471628 2260.089446
171.672685 393.992489 1.039198 0.415241 56.084070 57.877803 57.877803 1539306.284487 6606.776623
112.611964 363.589878 0.870277 0.190431 31.560176 47.049990 47.049990 27924985.133636 358.354131
150.334581 492.877847 1.464656 0.273647 51.812865 52.329826 52.329826 303467.562148 24004.038082
535.387635 114.512920 0.922993 0.174146 55.728842 62.925490 62.925490 6755143.227423 508.784753
82.388128 212.129681 0.487232 0.480837 14.414167 40.546418 40.546418 21264542.800922 1072.186293
117.026549 271.446645 0.494655 0.089853 81.364752 81.604550 81.604550 21985.303792 76891.653770
108.704740 290.459342 0.649188 0.395719 53.898279 57.271485 57.271485 4118486.205475 5025.750625
231.373182 496.784823 1.554722 0.155002 50.043765 51.460606 51.460606 880914.974608 5817.916085
284.096063 376.729509 1.059915 0.127601 48.168587 57.891453 57.891453 13002255.549909 301.551245
215.641905 1.441772 0.221367 0.182270 102.530490 -1.000000 102.280052 7030.958104 -156652.013552
105.233040 275.661218 0.587352 0.256472 27.937104 50.261922 50.261922 30401712.657497 183.720006
111.002779 422.341743 1.144087 0.365667 45.733711 47.078891 47.078891 2272274.235896 17215.353046
224.811634 447.717250 1.295568 0.229752 57.503347 -1.000000 57.456649 2267.568605 -418821.190874
313.063587 363.200405 1.055879 0.185455 57.366855 60.049031 60.049031 1723337.650762 3048.191544
154.278228 188.628228 0.409485 0.481671 85.630781 86.032019 86.032019 40920.513556 46289.128658
332.940340 45.992640 0.399364 0.202699 85.556883 86.861312 86.861312 193783.136046 9289.381070
204.381489 190.828436 0.416109 0.282778 84.807673 85.585381 85.585381 106110.486708 20450.198578
260.292977 137.289572 0.411756 0.382362 87.275852 -1.000000 87.193188 1616.468528 -378627.804771
153.783574 374.961561 0.939488 0.429776 61.788680 62.374379 62.374379 278082.811337 25307.638234
87.208387 235.092048 0.472115 0.274025 45.497639 54.132347 54.132347 10131450.787635 6454.844340
269.430760 63.542503 0.337373 0.313504 92.315294 -1.000000 92.150894 4346.877158 -211272.396411
77.987072 37.543687 0.191815 0.328168 81.990022 85.781012 85.781012 1524749.707020 6314.700834
463.664145 55.216532 0.691559 0.298341 71.676140 72.562224 72.562224 156979.965237 12719.195038
99.826170 189.926592 0.359317 0.226487 34.357209 61.695197 61.695197 27892327.519818 192.585616
368.966985 145.839505 0.615211 0.515633 76.623416 76.675226 76.675226 885.587793 313092.757921
104.627566 376.628485 0.914153 0.210239 45.801249 50.184180 50.184180 7174783.333518 2956.135828
143.310823 190.762537 0.375906 0.299450 80.017584 82.982548 82.982548 1278689.499118 5048.783255
128.406099 503.366394 1.541463 0.195060 19.610275 37.871151 37.871151 44845242.418217 2206.142075
101.909281 342.232707 0.822880 0.281620 16.717125 40.166682 40.166682 35264313.883376 387.271038
491.939469 140.464452 0.836130 0.210030 68.347942 -1.000000 68.205573 7384.977384 -182348.600440
65.665309 293.228508 0.649853 0.271651 23.485291 33.732759 33.732759 12447611.910762 5053.025375
583.552423 23.702773 1.032663 0.395728 54.430609 60.011469 60.011469 5142316.975386 814.452631
187.173335 472.771073 1.382967 0.236608 54.656968 55.015570 55.015570 101675.412516 33014.374655
348.586362 495.551716 1.734794 0.157166 46.183718 48.849794 48.849794 2368849.130447 2074.740014
114.857071 201.161105 0.412635 0.372340 64.549245 70.474772 70.474772 4908679.157054 2355.641923
170.172497 471.410460 1.356617 0.179972 53.770146 54.560613 54.560613 389493.774103 13955.755979
425.758715 501.202902 1.912365 0.027932 48.445631 -1.000000 47.961467 49200.690338 -55358.947505
624.037522 246.051210 1.446746 0.100216 50.315129 53.614691 53.614691 2276415.951497 1089.693011
444.218636 72.696944 0.675263 0.390485 70.019622 72.212871 72.212871 739448.231622 4052.356811
134.067721 446.269167 1.200783 0.197157 58.000797 58.200136 58.200136 52179.594463 71334.751878
107.133621 334.519604 0.703033 0.110460 68.693644 69.449284 69.449284 313276.080036 21847.004987
135.252771 512.254856 1.545711 0.153934 50.283260 50.986190 50.986190 452916.971927 16498.087359
157.523557 215.169333 0.459662 0.330601 53.522450 69.627731 69.627731 17344634.753801 311.158459
227.537682 277.661695 0.623382 0.132470 74.632623 75.275682 75.275682 97823.196423 21121.291144
287.839592 229.615446 0.564001 0.061299 67.156326 76.352416 76.352416 5808768.986335 167.120227
159.135060 375.717548 0.959525 0.374775 52.908742 56.501884 56.501884 4377637.845234 3040.075185
198.556052 383.885542 1.022167 0.313848 46.490833 54.605096 54.605096 12594928.778845 727.283706
209.053265 91.164978 0.299426 0.341217 89.502732 92.435912 92.435912 631853.560160 4020.159923
392.221472 178.735324 0.678242 0.267031 71.857157 72.872780 72.872780 206272.182239 11122.380517
109.134919 246.591749 0.522044 0.409201 62.303741 65.116864 65.116864 2592940.415823 6478.987023
366.314778 269.385783 0.814672 0.102432 69.037852 -1.000000 68.892984 6816.258954 -183562.034542
86.138072 398.371709 0.958768 0.074268 39.219837 48.583352 48.583352 15698926.693803 985.396873
325.224912 96.042892 0.461479 0.399076 83.519140 83.876505 83.876505 21387.860164 41923.990788
254.844634 45.397876 0.275176 0.164605 90.275071 94.622337 94.622337 1174064.227137 2072.973716
79.948060 424.589685 1.048275 0.033353 54.538890 57.617691 57.617691 2236404.144168 3362.052143
122.921348 276.483298 0.642292 0.511188 49.819113 56.489257 56.489257 8341287.307234 1851.801937
128.380075 364.104053 0.858119 0.291476 64.142994 64.524330 64.524330 170933.990078 44040.682851
168.546150 119.497867 0.246224 0.165052 92.371107 96.044256 96.044256 993298.422399 3467.524353
49.391463 1.548390 0.066772 0.039247 88.276506 101.437730 101.437730 4309216.753355 1315.003937
309.596160 235.362493 0.693675 0.453637 60.286750 67.997797 67.997797 6776692.317239 736.014542
