204.011232 220.797649 0.525663 0.523168 77.472544 78.557325 78.557325 234715.564512 13266.886936
309.863109 341.893087 0.992578 0.367440 60.662678 62.123527 62.123527 640017.407771 6890.441049
541.392588 334.789423 1.455749 0.038100 54.905409 -1.000000 54.862013 654.614449 -530130.319737
192.008372 347.004749 0.872225 0.333067 51.779164 58.734932 58.734932 9038700.171648 1101.781564
108.276937 402.820817 1.037135 0.221970 37.579020 44.883122 44.883122 14088950.949485 1575.323759
78.727255 478.398871 1.420665 0.265433 27.475304 30.688030 30.688030 7405226.935676 17107.296319
380.511289 84.192786 0.493981 0.120739 82.649635 -1.000000 82.626353 165.857483 -1217585.003764
527.459732 117.484537 0.918374 0.262921 56.502422 62.834272 62.834272 5717946.079786 768.918296
262.576078 100.096268 0.330286 0.170674 77.184380 87.950075 87.950075 6172140.895444 387.626233
117.284219 435.473067 1.228150 0.316664 21.170005 36.991328 36.991328 33466204.175506 427.848928
114.747295 424.791320 1.116319 0.204828 48.181882 50.786509 50.786509 3913690.771611 5128.852132
284.566975 131.249502 0.404992 0.226250 86.011657 86.794525 86.794525 85543.691445 18084.010829
359.519262 327.246002 0.982651 0.056182 64.181730 -1.000000 63.975260 11346.311290 -129619.145546
75.909265 191.449416 0.320047 0.136952 55.921759 64.994863 64.994863 8634120.682132 1870.025067
88.224252 248.233750 0.531889 0.367706 45.349953 51.397330 51.397330 7328165.913089 3585.339041
115.723846 24.281388 0.241920 0.513619 89.745601 93.465794 93.465794 815069.631027 4127.588872
158.958241 436.632351 1.185436 0.236466 55.893958 56.830816 56.830816 563324.699221 13007.139825
347.533253 280.370359 0.823171 0.188695 68.898826 -1.000000 68.833946 1973.950169 -382596.494111
277.449385 394.772614 1.168418 0.373758 46.953693 54.117793 54.117793 10370375.606333 754.545284
148.395050 222.448338 0.483598 0.397351 58.149671 68.596646 68.596646 10333400.198933 779.064374
209.894570 44.878213 0.311069 0.530807 93.713596 94.115290 94.115290 15408.769177 39976.476813
433.864486 78.942403 0.678943 0.478385 59.946420 69.655594 69.655594 8513552.389574 14776.166550
162.704760 314.335531 0.745118 0.451244 61.380754 64.209443 64.209443 2351482.213572 4420.133497
330.938200 59.917121 0.448783 0.420614 82.961473 83.958873 83.958873 123433.646008 12610.838086
448.979880 362.728005 1.355370 0.286807 43.222701 52.318551 52.318551 14488431.126335 375.124593
137.326304 267.171535 0.588763 0.524242 72.212023 72.978848 72.978848 305092.926278 23009.787038
591.263378 85.745843 1.081355 0.391274 60.828145 61.370703 61.370703 98177.652513 18823.805193
154.645616 470.047755 1.380521 0.287451 41.330894 46.567444 46.567444 9875106.643640 1524.561460
340.994010 188.312503 0.601060 0.269064 73.140582 75.167734 75.167734 636796.014804 5096.253613
93.852447 228.999103 0.432789 0.242381 65.486118 68.316170 68.316170 2524201.962312 7096.178219
200.649882 408.224891 1.089909 0.194428 57.263555 58.952361 58.952361 1037502.927580 6163.940153
119.435552 338.392970 0.802125 0.346195 49.937730 54.180318 54.180318 6052968.894078 3120.691215
133.149226 213.399233 0.434485 0.338813 68.011272 73.628851 73.628851 4300648.609693 2250.548949
114.110472 391.144184 0.928665 0.119739 63.346129 63.741231 63.741231 128755.068510 38881.086424
221.190882 281.914307 0.680921 0.349136 62.511405 67.749896 67.749896 4310565.268027 1632.308564
645.633927 284.817667 1.647313 0.178129 42.027877 49.468492 49.468492 10981384.498378 323.350623
257.712575 244.723285 0.619593 0.379980 71.985962 73.825452 73.825452 630513.159986 6419.647253
291.534177 388.802859 1.123072 0.138047 48.856162 56.764564 56.764564 10028774.185974 493.457195
105.113039 254.488387 0.550615 0.412279 55.288125 59.478833 59.478833 4640154.908273 4072.187909
123.595199 340.043853 0.792526 0.265713 48.723492 54.901467 54.901467 9109274.045221 1773.757813
254.930869 227.211630 0.555216 0.316799 79.394335 79.432345 79.432345 591.289031 470776.754670
119.632930 274.184218 0.566998 0.370375 74.261141 74.570340 74.570340 107577.178976 66847.107342
230.709018 221.832818 0.545619 0.463522 76.402016 77.659094 77.659094 294512.501937 10677.186079
95.631220 227.080521 0.514384 0.468306 28.503725 47.197108 47.197108 20217442.750429 745.529127
99.561666 466.363002 1.321770 0.162187 30.802904 39.121410 39.121410 18585373.991104 1327.041396
207.273457 457.660302 1.309527 0.071842 55.315745 56.276869 56.276869 300937.135445 9138.960244
348.642383 325.679986 0.996766 0.345508 61.980370 62.829159 62.829159 236280.278322 12651.034263
88.081547 127.961064 0.323970 0.487194 48.045148 61.659749 61.659749 9982900.946939 1176.871392
98.510567 22.723887 0.223494 0.446830 81.654976 88.105556 88.105556 2296806.732272 2394.371272
301.478022 166.904394 0.481291 0.220422 25.904490 -1.000000 83.428643 75836772.282293 -155.231169
566.319664 126.351109 1.046091 0.353618 61.550174 62.143609 62.143609 112269.786862 17108.031122
72.409681 291.107433 0.712349 0.497089 5.885172 28.115145 28.115145 18012140.739451 3404.709562
216.639156 400.920146 1.089487 0.367016 60.962660 61.178728 61.178728 32314.957063 61515.877085
401.328123 323.505632 1.112164 0.389301 51.840081 57.385872 57.385872 5944881.824284 935.432430
118.275436 311.873265 0.748283 0.409574 25.462817 45.565728 45.565728 30707917.579868 278.632889
385.146400 188.935802 0.700026 0.392466 73.191727 -1.000000 73.138416 1175.505031 -484353.584188
139.319757 449.538329 1.230773 0.142522 47.463520 51.640482 51.640482 5870683.418696 2097.626367
142.371601 572.356461 1.901859 0.078300 42.235571 45.286868 45.286868 3771225.028715 2247.702045
95.562454 130.693835 0.330966 0.477547 25.146153 59.264421 59.264421 24539464.090921 264.521032
204.806281 499.223598 1.536152 0.089750 34.676466 48.601825 48.601825 27963305.285513 29.565543
192.295150 406.681143 1.077554 0.196908 55.904850 58.279411 58.279411 1871804.144779 4071.352837
138.928242 379.120159 0.951729 0.371820 56.488375 58.036790 58.036790 1511592.373483 9019.630069
166.357183 273.839290 0.644461 0.515006 59.237743 65.004219 65.004219 5580451.960642 1779.985739
267.954694 250.755678 0.601810 0.128088 73.395386 75.263706 75.263706 556528.590844 5913.221518
290.010859 487.484940 1.594798 0.196690 48.092131 50.397961 50.397961 1966513.649003 3065.342135
239.246830 515.081804 1.676070 0.149763 38.632999 46.738122 46.738122 15061511.727750 391.076092
110.756486 479.771358 1.427157 0.232121 12.692233 33.819330 33.819330 44359749.380571 433.675776
431.890724 129.539774 0.692693 0.324354 71.990158 72.668623 72.668623 100319.330255 17471.207992
255.128161 335.446383 0.860776 0.153247 58.517693 63.602903 63.602903 4331583.587330 1347.930743
410.762396 431.595237 1.555562 0.232771 41.930726 49.529570 49.529570 12215320.613348 437.471736
241.034148 248.758720 0.631159 0.421212 57.310296 67.963623 67.963623 11077716.793760 488.068518
502.902400 222.233465 1.016780 0.133725 61.330134 62.545710 62.545710 344842.439020 6818.323443
163.320929 323.103032 0.755024 0.335540 60.517054 63.871972 63.871972 2999076.052338 3449.027461
493.880935 459.053992 1.861209 0.021310 49.148114 -1.000000 48.728288 26237.587186 -72034.053931
98.701747 141.805312 0.308850 0.451727 85.447330 86.226037 86.226037 234393.075886 29952.525550
295.746588 373.978632 1.055788 0.128838 62.590898 -1.000000 62.546596 1200.622547 -528173.394961
104.265621 289.086076 0.612446 0.289611 59.058046 61.464542 61.464542 2621658.926185 7653.036896
101.189291 259.561164 0.530531 0.292580 58.690711 62.292396 62.292396 3874657.792849 4890.105463
418.985189 142.080772 0.718191 0.494161 63.241842 68.908191 68.908191 3850734.326143 877.221564
210.693494 489.098611 1.520465 0.216426 29.664205 45.521322 45.521322 37880449.392451 97.413170
205.199090 389.607919 1.059415 0.327439 41.382462 52.735898 52.735898 20226375.068150 442.941309
188.440977 332.017259 0.776092 0.264418 70.267839 -1.000000 70.201209 3241.067821 -357137.739745
120.443985 156.135252 0.316985 0.355611 83.702600 86.121531 86.121531 893839.752492 7280.695528
472.556693 238.780282 1.002873 0.313413 61.289271 62.552810 62.552810 424393.604155 7597.743880
276.195842 257.508405 0.684729 0.473578 73.685081 73.745782 73.745782 1628.883060 265966.699147
75.127753 410.191968 1.112715 0.322523 23.731361 29.641624 29.641624 10915123.701974 9135.173204
579.184682 270.562606 1.383457 0.184158 45.859209 53.174963 53.174963 9549681.057094 393.854248
111.507123 296.860505 0.593304 0.125604 61.085526 66.171621 66.171621 5116216.802770 2403.122480
206.285743 346.368578 0.868561 0.334883 61.777598 63.792319 63.792319 1236687.199146 5646.930871
262.400342 427.612391 1.247467 0.201513 58.055799 58.213946 58.213946 15735.266053 76689.382960
82.746286 146.955713 0.365581 0.505966 12.944338 48.191509 48.191509 21873536.351262 627.013235
382.596521 52.049260 0.556549 0.521290 74.142727 77.013875 77.013875 914323.517565 2926.014161
200.285871 304.909861 0.726981 0.360624 64.442662 67.289835 67.289835 1866964.330021 3841.523870
598.185125 25.046870 1.021138 0.024158 63.235416 -1.000000 62.849587 15462.130901 -91240.737835
252.505665 465.709544 1.433750 0.220098 48.119934 51.571296 51.571296 3813291.320617 2092.973737
153.089133 380.632177 0.967382 0.321237 51.756437 55.741863 55.741863 5179221.850822 2596.297838
296.207868 300.917191 0.840460 0.474594 67.599590 67.873207 67.873207 29334.841522 49596.488496
120.930738 350.853103 0.826137 0.254612 50.116110 54.966090 54.966090 6980627.693839 2439.453422
137.371828 483.796482 1.383164 0.081085 51.623951 53.262634 53.262634 1125537.620835 5445.122236
152.701451 360.853683 0.864267 0.312543 64.567913 65.139782 65.139782 215125.842976 26085.984997
291.604125 254.559039 0.669533 0.236211 68.619818 71.435812 71.435812 1319532.079600 3371.711273
330.302974 215.827998 0.644285 0.267059 67.096367 71.728711 71.728711 2788888.845548 1796.493771
104.673221 489.278903 1.434600 0.206200 43.484768 44.840605 44.840605 2385732.023555 13197.886817
132.865477 374.865000 0.924823 0.455225 63.155102 63.246706 63.246706 33953.577721 227073.932238
290.295553 291.292201 0.779169 0.240229 60.543569 65.919364 65.919364 4432753.260860 1210.527774
105.467280 463.503475 1.329575 0.226025 30.264682 38.210504 38.210504 18098215.938047 1244.506984
108.551617 161.368350 0.253080 0.117228 88.011035 91.632144 91.632144 1439668.469953 4609.195460
389.868890 24.906972 0.502773 0.228485 79.855151 80.931265 80.931265 166769.770753 12175.841059
342.383845 92.647818 0.480068 0.315270 67.623026 78.383077 78.383077 7830033.855738 345.412455
581.848536 318.867468 1.528803 0.078562 51.303750 52.933982 52.933982 650479.057186 12057.905643
77.024743 499.648834 1.484902 0.129306 28.286087 33.570571 33.570571 12235861.446726 4472.967145
356.371512 52.524830 0.488873 0.410488 77.232253 80.317817 80.317817 959122.946074 2815.232447
167.156861 135.580647 0.364611 0.545835 73.611864 81.845008 81.845008 4215050.452635 1045.706399
525.157548 70.879153 0.864365 0.329718 67.491002 -1.000000 67.357532 6921.005831 -190457.360916
79.744010 348.205044 0.784732 0.131214 30.734401 42.835863 42.835863 19625510.660821 1166.860616
134.648124 343.157906 0.843746 0.445029 50.437518 54.748779 54.748779 5960019.213021 2786.563807
130.654812 163.987584 0.340010 0.327978 65.786072 76.778658 76.778658 8442660.351727 847.312932
87.727107 311.800497 0.653733 0.170832 54.215670 56.920604 56.920604 3464756.531476 7628.574463
454.713861 262.298839 1.022813 0.369599 63.465609 -1.000000 63.446247 266.604408 -1095618.288477
89.095720 367.159520 0.901490 0.223592 13.812335 35.785574 35.785574 32645369.982940 569.734221
133.416979 444.835417 1.213799 0.326917 56.562878 56.752098 56.752098 87165.971453 83279.915946
398.603262 232.633777 0.780307 0.094038 70.188651 -1.000000 70.046035 6019.502587 -191633.570144
95.505312 157.874016 0.317886 0.333566 68.397266 73.611331 73.611331 3684165.395273 3371.193475
179.448463 408.055480 1.083441 0.335057 59.188501 59.842662 59.842662 270569.565599 19648.066700
288.730216 381.314861 1.104498 0.208425 41.523099 55.242048 55.242048 23751101.331278 166.487588
129.640938 299.829206 0.616229 0.201917 72.558135 73.293215 73.293215 255919.560272 22804.994582
103.235577 185.108386 0.404226 0.433616 49.422289 61.469465 61.469465 11444261.523808 1040.308485
499.086102 18.452544 0.735726 0.106192 70.727742 71.361067 71.361067 77571.311384 16259.046760
157.156662 350.324729 0.868517 0.402923 53.081866 57.573024 57.573024 5600218.359671 2316.457427
83.873458 143.618722 0.328059 0.391323 26.114760 53.855582 53.855582 20583145.425055 558.414831
63.261664 184.687208 0.337818 0.187860 14.425582 43.566598 43.566598 20550947.323828 1154.663002
262.045934 302.132829 0.816247 0.463788 55.072014 62.544591 62.544591 8143389.556029 861.195230
150.815796 476.121461 1.373322 0.295588 54.952558 55.125470 55.125470 46655.660336 78139.420264
147.357672 287.580014 0.637470 0.504541 74.682428 74.795071 74.795071 11361.557463 163502.637788
164.652088 397.667821 1.004611 0.133902 54.962878 58.664100 58.664100 3580608.432236 2498.243627
107.506293 332.703244 0.807800 0.392042 36.246509 45.138585 45.138585 14674287.325361 1490.057275
149.994806 376.306726 0.911347 0.201543 60.515641 62.076595 62.076595 1038509.588656 8172.866730
145.359945 232.352413 0.496563 0.491220 78.989106 79.573532 79.573532 124628.941397 30728.482880
181.524470 358.424561 0.904414 0.371274 56.359355 59.850847 59.850847 3505214.783382 2998.094996
132.430700 295.463773 0.677548 0.502733 62.618532 64.484760 64.484760 1547768.769987 8596.837635
106.669828 188.047162 0.318087 0.144771 68.933396 77.894443 77.894443 7168353.543638 1322.769075
114.536369 342.389031 0.807031 0.350297 54.712182 56.617996 56.617996 2345602.747644 9163.564133
139.083805 454.417609 1.299392 0.339148 44.225590 47.497828 47.497828 5633711.584051 3336.597756
152.468121 358.427766 0.863138 0.380474 65.243901 65.616242 65.616242 113871.138337 41891.451343
197.498236 54.614292 0.295903 0.477224 89.443267 92.706451 92.706451 625284.251651 3258.872146
178.116805 290.356074 0.656976 0.416739 73.683118 73.935184 73.935184 30694.044805 65511.473605
391.802930 266.058949 0.904644 0.459805 66.515240 -1.000000 66.476119 897.211909 -595261.276758
133.023606 244.582901 0.434945 0.090258 80.048843 82.111347 82.111347 686967.466992 6969.245876
104.394598 143.493419 0.337423 0.548766 81.287478 82.715545 82.715545 499861.668556 15074.179386
126.784912 303.765677 0.674813 0.303714 53.976055 59.662559 59.662559 7114028.007992 2044.036454
130.375829 307.083467 0.710734 0.425077 55.129529 59.226098 59.226098 4836974.566257 3185.533965
307.776346 436.809947 1.360809 0.174067 54.529271 55.360961 55.360961 283084.058514 11127.341866
419.313076 189.875490 0.800367 0.482555 59.682243 65.785715 65.785715 4911432.524207 980.530161
134.321249 79.058310 0.255879 0.449743 96.863536 97.582136 97.582136 55864.782974 26465.321096
57.755967 55.828111 0.229721 0.389065 49.267781 56.626332 56.626332 3991080.589200 8134.018369
123.228628 218.107465 0.467985 0.453642 65.027714 69.649002 69.649002 3710441.613231 3132.550093
185.399021 553.456164 1.825992 0.122085 45.708423 47.428768 47.428768 1453460.921461 4809.039700
131.760219 191.391941 0.440338 0.502749 47.081226 64.956906 64.956906 17899108.819873 300.864162
149.433366 392.115770 1.042242 0.399781 42.507659 49.532318 49.532318 12398486.977563 1285.899300
148.454719 399.828402 1.059731 0.306998 38.365448 48.391700 48.391700 19207491.482645 619.073310
218.920774 275.172076 0.639841 0.230151 57.367397 67.661996 67.661996 11242692.968632 549.440850
408.042896 315.207837 1.063501 0.200353 59.560807 60.987878 60.987878 547126.241037 6173.525071
54.889912 250.847362 0.443882 0.088538 39.875742 47.783124 47.783124 8780359.138075 4308.445657
105.249180 263.481189 0.517240 0.232374 66.832756 69.053123 69.053123 1854790.606196 7989.816667
110.117207 380.923916 0.960866 0.321709 45.545208 48.782380 48.782380 5379782.333724 4991.537863
72.500436 477.290329 1.383830 0.171654 27.255891 31.375797 31.375797 9202803.156204 10615.808312
174.614998 291.317253 0.638518 0.252411 68.738562 71.048576 71.048576 1257891.701501 5404.218788
554.957960 302.561141 1.416893 0.273792 49.813414 53.208303 53.208303 2977597.132366 1604.684723
220.750890 297.167934 0.739837 0.452843 63.982788 67.010452 67.010452 1958725.352799 3524.808218
179.585214 178.760404 0.412817 0.484348 85.262701 85.837933 85.837933 62406.177956 29380.655785
119.515285 384.742105 0.916045 0.211042 64.973507 65.055740 65.055740 14968.327185 209682.490235
208.421136 371.161222 1.002483 0.422149 44.561977 54.200735 54.200735 15626883.371471 553.576822
470.961285 248.427951 1.026586 0.380790 63.278801 63.321808 63.321808 1077.662643 315086.703053
499.802480 308.112548 1.272143 0.211988 49.785522 55.137322 55.137322 5679755.037216 821.699741
144.824526 469.139440 1.342438 0.191433 46.154767 49.653071 49.653071 5171954.064984 2609.081448
221.520872 35.470960 0.206518 0.092491 104.679768 -1.000000 104.619263 480.989187 -631016.418161
103.672490 440.522075 1.219511 0.251060 34.404129 40.263244 40.263244 12527618.499518 2983.778549
109.426272 294.976255 0.600560 0.210619 67.752214 69.049648 69.049648 917274.991596 13819.075315
278.317953 108.144893 0.410599 0.378872 69.734936 81.785840 81.785840 8032700.809765 286.519293
104.458293 592.085987 1.989042 0.017444 47.540935 -1.000000 47.171972 29554.608761 -64867.550718
148.006053 333.686408 0.826768 0.420853 38.028765 51.430024 51.430024 22444887.456684 432.774749
177.971207 348.474374 0.844222 0.382108 67.094683 67.331880 67.331880 37350.263644 64437.144719
99.284351 261.602051 0.611943 0.472653 11.285697 41.635794 41.635794 30824628.823224 504.288386
326.005315 445.787722 1.448807 0.221408 48.055790 51.840978 51.840978 4048966.806245 1669.776631
318.987370 275.324967 0.748517 0.126124 70.560479 70.952208 70.952208 40342.210682 31736.102082
286.276140 354.715520 1.022686 0.354322 41.295090 55.867118 55.867118 25168333.664537 198.361607
84.568177 121.040025 0.185585 0.103045 76.443602 86.981631 86.981631 6466911.588307 1083.040481
287.999803 438.644939 1.364924 0.276263 45.428413 51.524340 51.524340 8850691.084134 855.719588
179.868091 209.876528 0.441416 0.278523 72.195556 78.077290 78.077290 3743718.011529 1854.902368
114.803874 338.731591 0.808439 0.393845 52.026581 54.534251 54.534251 3365589.369148 6730.289855
151.226047 77.436137 0.235942 0.313320 90.380622 95.294733 95.294733 1413577.826240 2493.407140
77.078871 98.511445 0.300004 0.551427 57.948829 64.331717 64.331717 3776795.971427 4544.442361
170.239602 436.752901 1.193480 0.213680 55.271916 56.545068 56.545068 833254.538153 8816.469758
206.134152 328.628441 0.780575 0.221848 67.724325 68.579258 68.579258 241988.913847 15327.108087
163.261465 279.459659 0.632665 0.370401 57.476144 64.721746 64.721746 7839532.327318 1253.182848
574.894237 296.959168 1.428773 0.048336 55.141773 -1.000000 54.948977 11081.094830 -127876.338211
106.678606 205.951068 0.447064 0.539087 71.181362 72.431657 72.431657 747925.257702 18005.595803
189.402846 334.787413 0.843715 0.359780 33.545049 55.122601 55.122601 37952812.185100 86.155784
329.118428 80.308836 0.392016 0.096779 81.491859 86.208722 86.208722 1608435.909899 1349.945173
219.333820 291.696440 0.704119 0.348762 64.902233 68.252926 68.252926 2198559.689024 3120.268107
326.683794 305.808311 0.917996 0.450095 56.791636 61.754221 61.754221 4441878.979036 1374.758348
221.936468 93.728868 0.338439 0.424673 76.914100 86.619240 86.619240 4693138.747520 564.482503
168.834621 249.367429 0.528784 0.350615 77.287885 78.155046 78.155046 209993.934005 18355.046882
349.857007 338.679661 1.035465 0.195722 51.293188 58.813052 58.813052 8850952.036067 576.771958
235.265899 397.444198 1.074071 0.195339 3.380544 -1.000000 62.319540 104389248.848809 -140.324293
64.946758 108.872541 0.177264 0.107538 35.498446 66.585154 66.585154 20839157.927313 284.026699
171.419132 506.895769 1.558496 0.179277 44.942280 48.274192 48.274192 4590408.764240 2404.988208
260.914971 47.177543 0.365692 0.508978 82.894597 87.332331 87.332331 1218121.336472 1763.729967
380.471495 327.150832 1.043709 0.153932 55.852546 60.123341 60.123341 3357879.492456 1372.439676
430.942869 119.205522 0.658519 0.188692 68.731679 72.342449 72.342449 1702921.700533 2038.600348
309.839148 169.445945 0.542357 0.437816 78.222796 78.967301 78.967301 97848.234201 17698.992885
142.192981 290.490468 0.643750 0.478325 72.318264 72.701712 72.701712 103343.990436 46197.748060
379.964432 323.063146 1.020485 0.152372 63.449782 -1.000000 63.403249 1212.243081 -493122.392439
170.493121 383.762429 0.990044 0.409963 58.997260 60.222869 60.222869 799098.545057 10460.352036
110.732472 121.368193 0.224450 0.188301 80.865189 88.779212 88.779212 4266882.211224 1705.273853
651.019892 165.796057 1.375635 0.205513 49.365058 53.885815 53.885815 4364801.520669 903.432852
113.808961 195.696046 0.351913 0.195064 68.816201 76.282677 76.282677 5968334.078510 1708.382287
92.955787 439.985897 1.150301 0.083492 43.984923 48.824922 48.824922 7798128.168758 2229.126161
67.878844 355.476130 0.823381 0.168595 37.577072 40.380607 40.380607 4677473.456210 20141.044655
212.278184 307.924544 0.738842 0.289635 62.484269 66.440513 66.440513 3050980.655744 2460.235173
151.293798 386.766745 0.987964 0.360927 56.109083 57.948636 57.948636 1747204.353705 6954.748443
150.325289 475.969150 1.386304 0.290994 50.499526 51.667382 51.667382 1115237.045809 10168.307952
316.840290 380.269536 1.130459 0.189287 56.668913 58.758849 58.758849 1197658.006950 3883.353401
108.377368 40.806316 0.240798 0.514229 94.587119 96.085331 96.085331 205769.680541 12880.585178
190.732479 173.246612 0.354971 0.202477 85.387124 87.818913 87.818913 673225.172064 5535.342267
110.106828 331.147873 0.740157 0.209101 50.122030 55.709769 55.709769 7940421.405260 2221.327067
101.321795 424.999607 1.130549 0.226096 41.185204 44.673978 44.673978 6632287.870137 4632.835745
483.279593 391.032324 1.542314 0.228965 48.734556 51.499478 51.499478 2278324.445632 2183.990430
481.717077 389.900964 1.543065 0.249169 40.915487 49.805458 49.805458 15047142.116013 14635.764798
452.382112 149.055656 0.750948 0.191935 67.107550 69.474379 69.474379 923814.367282 3336.203682
251.442301 21.567637 0.293349 0.288913 93.309272 94.665584 94.665584 153668.750749 9751.957254
151.002284 279.612115 0.623790 0.419105 65.384386 68.263616 68.263616 2136510.871547 4655.394202
252.182956 286.727702 0.716871 0.342377 71.030376 71.547681 71.547681 83756.950289 26655.165491
311.273949 88.474262 0.425211 0.317004 70.615584 81.466214 81.466214 7149489.577188 337.099307
270.785558 135.566509 0.406350 0.299465 87.427656 -1.000000 87.270788 5179.443072 -206642.692949
238.671385 427.620199 1.265937 0.326327 32.974566 49.314490 49.314490 35112186.484576 116.001381
477.457453 132.471423 0.830694 0.421842 57.675509 64.849217 64.849217 6474373.092244 596.248533
156.161024 233.950918 0.416434 0.065474 85.468441 86.101613 86.101613 62650.403925 24031.382259
559.972984 110.166734 1.012237 0.371203 60.569666 62.171069 62.171069 620415.290079 4275.938140
175.739115 440.407819 1.258715 0.316444 40.114956 48.187567 48.187567 15552712.157259 758.018685
104.540033 142.077367 0.295439 0.299728 49.524317 69.977196 69.977196 17272639.303788 333.925072
153.726824 341.541381 0.806907 0.237219 48.283665 57.448756 57.448756 13501402.119271 846.022851
105.783479 378.006484 0.927341 0.203886 37.190534 46.197786 46.197786 16503906.639383 1150.178650
95.408497 324.183971 0.673662 0.134263 64.603474 65.727010 65.727010 884211.228450 16761.502967
285.763043 46.916957 0.338730 0.243545 84.356826 89.128579 89.128579 1573328.612311 1755.315220
73.139759 477.867018 1.398950 0.190110 21.205673 28.339181 28.339181 15156971.948132 5374.413648
354.726958 133.188243 0.532990 0.235924 65.832564 75.749711 75.749711 7751365.913761 424.413313
136.256596 270.069345 0.493306 0.036050 75.248702 79.890600 79.890600 1597097.840844 1313.683826
263.754909 324.449723 0.863329 0.353875 62.000960 64.438211 64.438211 1434724.354512 4136.977248
586.084347 22.563595 1.008818 0.245120 63.709563 -1.000000 63.646011 2010.802064 -364614.269050
140.360655 285.152737 0.625003 0.439093 71.093211 71.871951 71.871951 316746.973998 21819.838559
213.371562 400.851909 1.094113 0.363688 57.739304 59.008401 59.008401 707317.004487 8780.068648
174.380560 326.739400 0.771516 0.422276 68.957019 69.287739 69.287739 63078.183830 47174.774617
204.247682 10.201229 0.250236 0.303240 78.696977 93.623334 93.623334 7463478.840919 192.822131
159.285103 298.125782 0.676815 0.365186 62.407364 66.017340 66.017340 3092189.993210 3307.240794
252.083595 242.250096 0.574182 0.166441 58.048840 71.737337 71.737337 14531272.055079 149.136979
143.237175 275.124964 0.554260 0.191047 70.712159 73.347221 73.347221 1560751.943356 5195.816814
176.311873 454.452997 1.298167 0.290758 52.181408 53.743307 53.743307 1342786.071928 6856.122497
152.164325 411.847324 1.078320 0.398293 61.068028 61.175764 61.175764 18976.304532 141600.171103
367.568639 23.851160 0.513422 0.512805 79.542574 80.468251 80.468251 116755.958302 12740.976233
124.349895 160.512655 0.322313 0.368567 89.403764 90.194432 90.194432 140206.096439 25285.065722
109.278750 251.400048 0.487562 0.176381 42.849610 60.494717 60.494717 22562138.871270 293.459134
108.396801 156.037256 0.340156 0.507536 87.106274 87.573815 87.573815 91917.728447 48869.941111
313.558144 448.472733 1.434529 0.279682 54.614798 54.824003 54.824003 28725.470698 52722.631372
204.500894 287.935257 0.691297 0.478348 69.645423 70.820403 70.820403 397987.657772 11403.424183
169.698851 246.783298 0.518723 0.297900 73.546581 76.074005 76.074005 1217265.544048 5327.056350
124.057333 319.565909 0.706997 0.334605 66.946499 67.550666 67.550666 334182.693938 29949.786621
103.524482 525.371715 1.596756 0.062754 40.060553 45.354567 45.354567 8776807.267115 1459.063746
48.380905 38.993245 0.137815 0.147401 57.451087 64.421035 64.421035 3813806.649331 7378.270078
220.828281 417.868132 1.175648 0.337906 55.377094 56.969389 56.969389 1064971.078873 6435.127944
384.399147 165.966638 0.640741 0.262350 71.312965 73.503818 73.503818 744937.759559 4348.353236
342.536877 438.677859 1.418047 0.076685 55.540759 -1.000000 55.524211 198.971324 -1236123.885203
95.038346 214.301380 0.454974 0.452130 62.385193 64.439305 64.439305 1774891.503711 13137.542972
150.376989 407.091302 1.045913 0.155506 48.260490 54.425356 54.425356 8904430.931804 1295.558345
192.210364 381.923453 0.967874 0.201749 61.260070 62.429813 62.429813 524245.765242 10109.596020
115.513326 246.792567 0.552608 0.473994 50.105853 58.096259 58.096259 9260872.125509 1496.241635
180.944603 272.207557 0.640814 0.421248 51.065304 63.223192 63.223192 15154932.519002 478.345560
274.040484 28.370070 0.367697 0.498085 90.082911 90.234565 90.234565 3239.627968 110905.493172
229.090244 439.856060 1.275154 0.194791 48.743340 53.362830 53.362830 5627517.812396 1451.422578
483.395535 420.442526 1.657585 0.113134 48.767320 50.702518 50.702518 1106724.225850 2730.332398
69.398954 513.274658 1.544968 0.098812 30.299962 33.876084 33.876084 8145358.833734 8923.839243
60.234583 35.524754 0.216145 0.361400 30.087574 52.695232 52.695232 10912824.327127 1681.621600
191.124337 520.916599 1.627156 0.053210 52.273129 -1.000000 52.217409 2041.666046 -346018.665616
124.401151 48.984756 0.152846 0.166220 111.013321 -1.000000 110.952061 624.535345 -620475.591473
375.011759 297.955878 0.965241 0.311620 50.371224 59.786927 59.786927 12068271.306986 410.903948
193.129421 345.453817 0.840500 0.267639 62.724023 64.675301 64.675301 1156837.198831 5918.938556
122.132728 390.275188 1.052507 0.421392 21.916613 39.112855 39.112855 32560716.243130 499.791577
155.424320 327.748955 0.778343 0.366615 55.682895 60.403690 60.403690 5416620.465183 2269.416611
522.363950 308.250211 1.331266 0.181869 48.017495 54.126202 54.126202 7056625.298754 625.300164
356.196835 218.400635 0.726224 0.399349 54.585115 66.499896 66.499896 13374028.407297 213.491997
236.647409 268.972286 0.672843 0.395529 59.792444 67.245514 67.245514 7044250.577793 974.487241
412.949936 221.474790 0.849777 0.472854 61.345033 65.066659 65.066659 2351300.852882 1760.709272
514.975371 13.178303 0.778255 0.107371 70.212236 -1.000000 70.034076 8752.360630 -156672.571866
52.715849 119.556761 0.294098 0.372471 4.007298 35.732303 35.732303 11653900.791609 3142.476233
98.397228 292.769205 0.637802 0.268641 38.986453 49.603958 49.603958 15465439.032196 1104.912242
366.883144 26.487531 0.483021 0.336107 77.553603 80.657489 80.657489 987207.546407 12309.487571
173.260772 442.948219 1.278427 0.334535 35.203972 46.135279 46.135279 23344125.545029 490.908741
537.749823 24.763718 0.887833 0.403717 65.675176 66.283737 66.283737 100501.931902 17854.065781
184.769856 288.773901 0.661599 0.264703 44.294755 62.439352 62.439352 26375049.403286 171.453371
426.390736 233.152082 0.893595 0.366819 58.481354 63.374513 63.374513 3886690.756906 1227.657560
171.060247 250.553434 0.524624 0.291504 75.909310 77.396894 77.396894 507357.485019 9892.435681
90.543155 65.902428 0.177216 0.265125 105.400663 105.651203 105.651203 17094.098604 104893.721363
94.477285 321.825632 0.710786 0.250031 53.807798 55.590527 55.590527 2326753.730562 12771.729551
126.178875 121.509623 0.298232 0.418656 70.963511 81.076679 81.076679 5964178.095635 1004.321074
301.033711 245.279348 0.639076 0.136746 71.954655 73.795290 73.795290 554840.493809 5503.481109
170.276442 453.115281 1.273822 0.243222 54.851755 55.665059 55.665059 437469.073809 14403.779539
94.159886 463.586085 1.281897 0.145095 45.871936 47.223659 47.223659 2152036.548057 13930.607736
140.869180 307.706872 0.713931 0.414519 56.085747 60.613623 60.613623 5156606.748839 2677.900624
83.319691 479.991624 1.329932 0.070920 53.362409 53.613857 53.613857 148673.152097 71756.959271
166.696630 361.545016 0.886430 0.273887 56.957913 60.340030 60.340030 3363367.295324 3188.284326
426.518181 329.249805 1.187710 0.378915 49.166540 55.648884 55.648884 7932376.731638 714.705950
185.459730 306.036553 0.678271 0.136596 58.727456 66.886967 66.886967 8338031.677214 861.005633
410.873460 316.496604 1.089287 0.320647 59.188956 60.405787 60.405787 450047.071378 7649.149057
141.299632 370.192464 0.881679 0.198003 60.264435 62.037922 62.037922 1328163.756564 7287.219226
468.102957 283.286674 1.138827 0.389418 47.877844 56.405165 56.405165 11456923.099946 -12.246983
135.167798 167.906225 0.374233 0.532873 86.963426 87.490725 87.490725 67704.468028 36769.662642
225.750406 281.138572 0.646205 0.164883 64.423656 70.150166 70.150166 4392449.867502 1343.863602
144.466323 407.701895 1.060939 0.235814 49.349987 53.537987 53.537987 5926228.655133 2371.513517
144.733965 417.967792 1.133275 0.301625 40.446475 47.915768 47.915768 14171640.307845 1107.037216
598.987468 268.344384 1.435778 0.149963 42.970801 52.451446 52.451446 14144246.257530 142.950001
67.004006 71.866893 0.266309 0.481077 42.246067 55.696568 55.696568 7542271.239187 2528.417772
457.210987 280.961416 1.062734 0.195530 62.491831 -1.000000 62.466166 429.135027 -863583.215015
616.979501 184.714727 1.270541 0.058456 58.105878 -1.000000 58.060900 817.220432 -515638.651722
114.245576 367.286615 0.894962 0.276785 47.348308 51.546444 51.546444 6589324.903064 3201.757556
76.396703 376.672417 0.975958 0.330309 16.281137 28.810307 28.810307 18501763.601051 3525.914749
139.334780 332.541633 0.770581 0.397173 65.197063 65.979191 65.979191 425152.862096 20620.764821
100.266563 435.228209 1.182070 0.214907 35.584569 41.296626 41.296626 11887086.630383 2587.362367
243.584758 182.430390 0.458947 0.293026 63.241010 76.928987 76.928987 12062741.635207 261.509446
88.324631 129.910234 0.246580 0.217846 59.339160 72.781427 72.781427 10306129.733924 822.076481
78.567450 184.889398 0.270183 0.075222 83.038227 86.223823 86.223823 1602980.594178 6312.280277
375.045534 201.844414 0.663476 0.119563 74.339198 -1.000000 74.138263 10664.723044 -143924.626153
182.381748 429.801905 1.206563 0.367281 49.997563 53.114820 53.114820 3837380.542477 3052.765189
80.671916 66.815407 0.210504 0.291607 27.530673 66.305946 66.305946 22823746.397205 187.677303
550.079594 226.358201 1.165162 0.188023 60.180182 -1.000000 60.139065 1016.993006 -523437.385450
79.094181 164.853826 0.372803 0.466779 51.396721 56.999362 56.999362 4660459.767272 5581.601186
203.816560 33.894350 0.275597 0.415860 96.793163 97.174089 97.174089 14029.074375 44673.279336
581.276783 177.409428 1.172277 0.253228 51.264835 57.059361 57.059361 5993543.384860 703.731456
76.462584 554.533533 1.797351 0.116766 25.928092 31.093540 31.093540 13124498.185287 4791.562379
156.127446 330.009220 0.772685 0.267239 50.361976 58.776020 58.776020 11677796.924738 884.788553
197.243651 347.860021 0.887351 0.388279 53.576991 59.173332 59.173332 6634335.653548 1551.302091
83.830478 191.206363 0.291248 0.099674 85.343996 87.018623 87.018623 717687.690435 12829.735436
498.524611 40.469324 0.761525 0.214069 66.978667 69.217185 69.217185 840399.598821 3961.682691
456.867125 116.270120 0.741394 0.384515 71.436037 -1.000000 71.280554 8050.072264 -173387.010666
243.274819 247.188145 0.619485 0.358282 53.853922 67.900633 67.900633 16351615.327842 293.968925
445.088205 145.021530 0.716018 0.146577 72.416303 -1.000000 72.264966 6857.858408 -182686.975030
497.255281 264.254175 1.124030 0.183580 53.657797 58.397822 58.397822 4120604.537782 1089.500942
444.187387 199.931156 0.823871 0.176890 64.922146 67.139364 67.139364 892762.563782 3962.055294
145.001607 158.511065 0.373329 0.465185 60.335770 74.830587 74.830587 11514515.392666 442.357717
168.435588 188.987785 0.435728 0.434687 54.452182 72.176711 72.176711 17258067.825843 166.524001
67.937200 511.150352 1.495784 0.047405 44.994217 46.134050 46.134050 1427011.239619 17411.227594
104.613818 373.642298 0.930108 0.247225 27.572316 41.699595 41.699595 25899697.976056 482.464805
345.917381 221.212721 0.719493 0.427727 53.738209 66.471274 66.471274 14630414.465643 205.048307
115.867777 339.911479 0.813915 0.305261 34.503747 47.094540 47.094540 21505422.895933 657.483082
417.938115 47.603501 0.597421 0.330016 62.871574 73.020271 73.020271 8451613.038504 341.345675
414.315512 76.549527 0.626403 0.500722 75.801056 -1.000000 75.598532 10515.793519 -143541.113209
196.508406 210.883848 0.507018 0.528987 72.225238 76.112870 76.112870 1938499.973564 2876.089964
64.034976 49.550944 0.130770 0.119402 52.495122 74.935699 74.935699 13204967.961344 469.444486
69.492597 114.041957 0.194391 0.142233 64.489656 74.114160 74.114160 6664754.005458 1594.149736
203.729648 277.002739 0.631828 0.265012 63.902884 69.400111 69.400111 4488708.453742 1540.581128
233.694450 460.120083 1.376141 0.156374 44.334359 51.169527 51.169527 10306370.048151 755.700424
187.090975 481.690138 1.435826 0.289430 53.437678 53.862998 53.862998 152625.270461 27353.363344
325.018190 352.081441 1.058530 0.338799 55.323582 58.988648 58.988648 3104801.149487 2076.370611
264.863758 340.467161 0.898645 0.262893 65.983625 66.218806 66.218806 24780.429712 57370.985421
146.067192 470.013799 1.346138 0.316332 54.025339 54.388669 54.388669 185120.225628 37131.710955
135.620530 144.282884 0.316999 0.388247 82.369307 86.138273 86.138273 1466767.521136 3942.402477
102.156658 368.253564 0.952048 0.389219 23.538748 37.161037 37.161037 23668773.807233 1105.485512
89.525487 130.471525 0.307170 0.465087 72.869418 75.679946 75.679946 1528387.446726 8482.143747
119.660240 571.998865 1.879216 0.087862 47.094693 47.590163 47.590163 240858.468489 21556.546574
128.659368 260.479262 0.574032 0.465422 62.955372 66.242068 66.242068 2865969.512211 4486.051032
138.654772 249.613100 0.495849 0.298444 79.191730 79.766697 79.766697 129692.821737 31398.319938
655.103294 65.085857 1.247270 0.121639 58.345323 -1.000000 58.195047 9546.958558 -155086.545870
229.267168 232.152713 0.594251 0.504903 55.060205 68.431442 68.431442 14261562.775277 279.467857
52.410356 74.534991 0.213191 0.272983 24.197136 45.836307 45.836307 10468556.353281 2740.421960
83.854061 45.228395 0.243378 0.469028 54.707832 70.570747 70.570747 8638226.061402 831.720883
100.448881 416.084664 1.038444 0.134323 58.090587 58.485027 58.485027 265131.291522 45339.847531
220.385995 176.147307 0.376336 0.144485 84.568848 87.010059 87.010059 640166.868483 4939.217801
168.592577 387.874238 0.965534 0.216303 64.299300 64.419091 64.419091 11556.874356 123831.757434
466.782458 351.626398 1.333497 0.167277 51.143401 54.701744 54.701744 2933446.191943 1520.932512
113.937817 464.181898 1.273567 0.126002 53.831987 54.553331 54.553331 490343.016426 18614.577966
271.078964 73.334118 0.339157 0.287117 92.545199 -1.000000 92.508004 306.613887 -897557.987007
229.092780 247.598130 0.616809 0.439688 59.535711 68.643929 68.643929 8730324.016834 694.641463
164.490984 430.408126 1.164929 0.304348 58.027438 58.446102 58.446102 150235.823706 31795.057898
96.251275 502.941149 1.514436 0.175129 33.836715 38.120334 38.120334 9952506.091331 3290.671026
108.970232 352.650797 0.891127 0.436189 36.462912 43.684643 43.684643 12560504.640179 2154.688132
161.891268 451.817318 1.290596 0.296703 45.317941 49.560473 49.560473 6792139.378957 2060.166394
121.905924 278.186646 0.597510 0.360088 62.713007 65.486983 65.486983 2543300.959295 5578.482685
89.760155 379.332798 0.967945 0.313612 33.101125 38.738373 38.738373 10462416.529223 4559.496915
200.239875 329.115416 0.834071 0.465955 56.263999 61.182504 61.182504 5121306.559032 1832.023166
99.780164 217.351636 0.391359 0.174014 60.557550 68.909784 68.909784 8226804.908450 1554.687780
111.628081 353.931775 0.821402 0.252590 57.494344 58.938889 58.938889 1555278.685719 11957.712037
108.076725 65.485973 0.236051 0.392953 66.779062 82.138830 82.138830 8538813.684935 643.346791
332.695208 7.735690 0.391346 0.222308 88.459207 -1.000000 88.286093 5474.612720 -194220.862641
187.845497 289.104225 0.629203 0.153486 62.431656 69.278106 69.278106 6109970.359823 1211.567898
115.999470 242.460990 0.469283 0.245403 68.753382 72.162985 72.162985 2653759.025350 4538.614947
119.192506 217.236747 0.388249 0.208051 84.181648 85.012595 85.012595 217142.687061 23286.275581
100.394276 381.592459 0.889071 0.068468 37.308713 52.682650 52.682650 25158675.234111 344.190813
217.956376 302.806792 0.736895 0.319413 60.173935 65.526908 65.526908 4851507.069174 1559.462619
80.274012 306.510212 0.715462 0.346066 22.273050 35.723206 35.723206 17743872.551493 2328.562920
115.538615 444.746943 1.209211 0.187887 45.449991 48.661509 48.661509 5292909.287396 3748.150858
462.310750 54.381216 0.677362 0.242692 73.794182 -1.000000 73.608688 9950.155987 -152626.106642
549.855439 247.268326 1.233997 0.242580 51.849111 56.184471 56.184471 3921279.750257 1067.165993
379.125113 76.640604 0.541933 0.357261 64.929916 75.388919 75.388919 8132169.010385 329.371674
83.960891 41.872956 0.263043 0.540196 36.472798 64.649180 64.649180 15074372.537911 323.111149
143.977727 412.929922 1.082998 0.216613 46.810291 52.176846 52.176846 8395235.158242 1698.833130
192.761182 354.756206 0.895828 0.345980 56.880122 60.582123 60.582123 3593110.554338 2697.238380
85.805176 529.678147 1.641259 0.097207 26.447998 35.158118 35.158118 20894372.650222 1345.363619
87.798512 185.245489 0.397935 0.435652 56.900841 61.426452 61.426452 3966619.665652 4935.498936
210.361988 478.741265 1.437955 0.152079 48.661996 51.691475 51.691475 3080548.313263 2516.622093
78.609090 311.441900 0.740345 0.357664 8.049176 31.588268 31.588268 23741603.293510 1845.923793
100.003225 415.428663 1.077295 0.222057 46.718118 48.442722 48.442722 2824697.292126 12243.878657
401.555416 475.598519 1.726192 0.077949 47.428814 49.827087 49.827087 1498120.645626 1828.591600
135.119475 254.452496 0.556603 0.478138 67.974332 70.285961 70.285961 1549947.956871 6726.273584
536.675093 53.627063 0.891096 0.362592 65.622157 66.212295 66.212295 95859.788378 18501.136699
80.024728 181.353118 0.429671 0.531017 29.681299 45.545694 45.545694 13422034.259933 1772.318848
75.928326 114.669863 0.320345 0.521512 34.162600 52.615324 52.615324 11978194.725763 1368.381873
573.904565 177.174635 1.131738 0.194714 60.740297 -1.000000 60.626079 6224.497967 -201083.872525
540.668665 91.016925 0.917327 0.202063 55.112006 62.842680 62.842680 7668255.252908 431.085838
131.998842 249.112794 0.551983 0.468385 59.757078 65.167693 65.167693 5231345.790780 2479.117897
96.301478 259.664733 0.531446 0.243964 40.159635 53.058506 53.058506 16857807.637583 823.438661
132.737097 217.616823 0.441541 0.362551 74.243894 76.975168 76.975168 1509040.739467 5763.481198
179.547438 357.173314 0.837379 0.107797 68.239057 -1.000000 68.131877 6111.310156 -225247.527275
226.708875 418.638878 1.177738 0.301756 56.805627 57.850739 57.850739 501132.975759 10462.416436
105.872976 198.681880 0.373073 0.258378 68.193081 73.398650 73.398650 4139741.858432 2894.870337
260.344005 327.394260 0.862487 0.401823 4.331744 -1.000000 67.909339 100357382.431731 -140.499338
89.788950 370.616324 0.940990 0.310927 21.972560 34.965951 34.965951 21806319.348090 1645.452001
200.471728 271.771688 0.590279 0.183535 71.575952 74.104066 74.104066 1153433.793272 4606.784015
88.325788 229.045848 0.399080 0.162069 75.383346 76.498468 76.498468 703043.866021 21446.369099
56.081327 576.736292 1.876911 0.025399 38.349319 41.143590 41.143590 3624479.517999 5540.746586
539.164695 42.813436 0.895353 0.392735 66.564698 -1.000000 66.424925 7749.410762 -179883.546365
237.382344 365.470237 0.975852 0.332831 59.263431 61.328142 61.328142 1302723.853290 5004.916233
207.737707 372.938649 1.005147 0.417890 46.974107 54.903951 54.903951 11986771.208012 759.523102
112.258394 322.750851 0.716012 0.284708 60.324874 61.857196 61.857196 1518458.117524 12845.059587
232.908885 268.966308 0.639030 0.342704 75.313205 75.420388 75.420388 4782.503094 153551.598008
138.810307 302.890073 0.677904 0.426672 68.046124 68.947920 68.947920 460065.326190 18344.712832
101.295717 342.874448 0.796028 0.219449 36.083457 46.761434 46.761434 18058375.255077 996.988519
416.153133 125.486603 0.659304 0.312209 64.060696 70.913900 70.913900 5025853.555822 759.747981
78.481558 222.925430 0.342899 0.072107 90.734354 90.834547 90.834547 8439.895295 240315.830822
268.846586 495.379985 1.598253 0.117998 44.062634 49.453665 49.453665 7048307.290059 794.543006
115.074342 34.951429 0.129384 0.118016 103.598094 108.027833 108.027833 979982.050959 3490.237033
263.778245 273.106821 0.710338 0.320087 47.244599 64.553141 64.553141 24142674.095682 102.466910
500.924111 190.716923 0.968356 0.281499 56.643676 61.695819 61.695819 4217159.618196 1349.971957
42.484542 165.873999 0.203928 0.026904 83.788553 87.539833 87.539833 1350187.318538 7294.760859
105.732139 190.928504 0.321394 0.204963 92.271544 92.419317 92.419317 12685.091571 157153.261295
328.465549 123.076226 0.446109 0.136638 79.995565 82.986346 82.986346 892501.775682 3006.496472
330.211990 51.149880 0.460721 0.511429 81.964423 83.137701 83.137701 158049.987310 9956.956161
195.029520 377.094449 0.936575 0.097336 59.435736 62.454370 62.454370 1945861.902987 2773.131153
407.771397 352.063751 1.214185 0.329619 55.077811 57.104344 57.104344 1205807.005130 4219.409147
252.873375 404.440948 1.153985 0.239349 47.582473 54.662278 54.662278 9980587.686968 774.422322
138.520024 240.581458 0.507096 0.380312 67.550106 71.498514 71.498514 2951434.085097 3541.297282
208.198188 232.502988 0.537793 0.453610 80.051689 80.122013 80.122013 1973.143079 257896.782350
119.342432 518.940641 1.624433 0.190751 21.221196 35.990197 35.990197 37441975.378979 290.271626
170.560868 299.013447 0.652426 0.228025 69.474401 71.238950 71.238950 827399.306850 7475.817150
181.414597 266.122673 0.607784 0.384394 61.510690 67.980776 67.980776 5954042.462172 1461.239338
174.442907 276.608808 0.604314 0.226772 52.402195 65.616234 65.616234 16579825.697029 416.292989
82.755835 58.358764 0.259775 0.484747 24.724561 61.793994 61.793994 19665444.779806 458.794694
137.272539 200.314432 0.417352 0.470423 85.078911 85.372668 85.372668 31922.978824 67482.203847
131.915496 295.954940 0.617074 0.266339 72.962474 73.505784 73.505784 170272.515054 32084.667547
181.410144 195.145226 0.430245 0.433559 86.269672 86.291425 86.291425 201.731309 927091.751903
184.433186 345.726857 0.860816 0.419362 60.693932 62.836865 62.836865 1544235.525962 5542.913930
134.187096 179.924155 0.350818 0.313195 84.077620 85.961584 85.961584 607736.111226 9092.225906
407.601597 122.257009 0.664111 0.459121 60.930088 70.112374 70.112374 7793553.689057 421.995516
96.620619 296.593134 0.663148 0.315489 39.001282 47.847134 47.847134 12979653.134428 1692.037284
166.491923 414.944398 1.107942 0.368947 58.239727 58.869070 58.869070 301673.214098 21145.477231
144.334981 125.010572 0.288947 0.390981 95.289502 95.588522 95.588522 15530.336613 67847.291493
205.876275 161.638609 0.426419 0.525023 74.809571 80.529748 80.529748 2697305.254860 1549.427539
107.726353 381.082876 0.949945 0.284665 46.928759 49.830949 49.830949 4672551.164852 5877.987646
72.645007 230.164005 0.367331 0.059225 65.707043 72.581449 72.581449 5653073.255916 2242.063468
287.409670 388.844033 1.139056 0.327794 55.485809 57.809902 57.809902 1644486.235305 3703.384911
139.001030 280.322661 0.592136 0.250592 59.244379 65.653446 65.653446 6828433.593081 1721.538504
191.208995 364.473417 0.905260 0.261366 63.217869 64.195274 64.195274 390053.556548 12843.797274
505.885667 131.525337 0.867575 0.205585 58.713714 64.537625 64.537625 4694649.366533 816.880540
539.191166 219.883687 1.137090 0.265196 53.142881 57.930590 57.930590 4361335.858932 987.714195
139.848289 203.515827 0.435019 0.512009 83.053357 83.526377 83.526377 73367.658988 40163.297025
455.600153 191.115366 0.839195 0.192589 59.425234 65.259433 65.259433 4644404.035155 864.311295
171.706239 174.651798 0.362583 0.304518 87.188446 88.293657 88.293657 190547.946752 14793.003127
137.415759 557.134024 1.812352 0.104093 40.814769 44.600649 44.600649 6011428.031439 1930.312571
114.372077 235.200558 0.504626 0.409663 54.959791 62.062270 62.062270 7576052.848969 1881.418880
205.087972 390.381168 1.034238 0.370807 61.748680 62.086302 62.086302 71439.990927 40060.528919
166.736830 426.376121 1.158964 0.237424 49.137618 53.271534 53.271534 5568422.587022 2165.186970
504.454776 57.545330 0.794185 0.257912 65.036501 67.793775 67.793775 1262803.598079 3250.979002
194.583024 452.508209 1.267598 0.060725 57.125866 57.574670 57.574670 72050.572025 21513.955162
112.103697 270.437859 0.550492 0.276538 65.453542 67.797430 67.797430 2007677.884005 7204.081296
117.563204 326.297991 0.737647 0.242497 47.454965 54.860536 54.860536 10991474.302870 1430.785170
118.729189 182.249965 0.363392 0.409987 86.993465 87.431937 87.431937 74544.406512 48331.030904
154.898512 306.960747 0.726769 0.479712 58.878414 62.625379 62.625379 3675948.047881 3175.736527
150.879047 354.143579 0.854398 0.452561 66.080346 66.304330 66.304330 53436.832473 72849.787009
244.180316 69.744854 0.341336 0.429524 84.978169 88.996347 88.996347 1058842.778187 2246.178342
79.486902 285.336119 0.627554 0.294792 30.838125 41.089411 41.089411 13753039.423617 2550.433334
121.111296 141.292174 0.236502 0.155422 96.620031 97.894973 97.894973 221339.161248 15217.375902
127.826712 396.849049 1.017785 0.256178 44.761231 50.302153 50.302153 9391373.820563 1866.600564
358.081167 194.709830 0.660228 0.362820 71.403223 72.978668 72.978668 442769.336402 6776.062760
114.523587 401.235915 1.004825 0.147534 42.420836 49.960060 49.960060 13158647.432235 1229.211470
