m/T>10 :
75.326296 87.917455 0.295154 0.522489 5.420539 50.919878 50.919878 19308122.953262 741.130793
411.617360 412.533749 1.478174 0.273994 39.097496 49.934545 49.934545 20252701.937122 167.266868
81.658848 279.949101 0.647295 0.389649 4.938369 34.351324 34.351324 25295452.365675 1219.184036
130.386878 462.551205 1.353644 0.275593 10.090085 37.623185 37.623185 55789835.806918 64.610827    Xf=3.15e+01 Omega=3.17e-05
116.377331 474.694078 1.407612 0.251052 10.449471 34.560270 34.560270 48836417.554910 315.114745   Xf=3.10e+01 Omega=4.79e-05   lam2=1.407612  lam3=0  lam4=0.251052  lam5=2.328998  mu3sq=-15933.412171

m/T<10 :
472.597265 325.832243 1.251277 0.176832 55.643476 57.137887 57.137887 638088.535646 4929.272743   干爆了CPU
60.562741 395.477530 1.076419 0.387669 11.717728 21.211155 21.211155 11829304.809057 13445.507227  Xf=3.26e+01 Omega=9.88e-06   lam2=1.076419  lam3=0  lam4=0.387669  lam5=1.679576  mu3sq=-25023.338768
