657.109001 159.561303 1.379508 0.163479 50.924919 54.310817 54.310817 2588168.564521 1352.225719
377.484991 192.586643 0.683061 0.298081 69.804426 71.829728 71.829728 699696.472523 4784.965984
360.315516 376.148010 1.194870 0.236462 57.914441 58.613657 58.613657 187575.839265 14270.029066
327.554354 193.418467 0.607872 0.399603 75.219149 75.940296 75.940296 105754.072477 18043.049389
390.587597 81.251701 0.563159 0.389136 78.696231 -1.000000 78.513805 8175.074459 -163793.659888
165.020532 143.714462 0.352077 0.448792 75.973814 83.034862 83.034862 3549452.715867 1368.777636
173.427284 146.387906 0.308519 0.221599 73.505806 85.487350 85.487350 7932135.044429 571.378653
340.829783 213.043849 0.689587 0.460121 65.722199 69.977137 69.977137 2493970.866423 1893.514092
329.313725 203.451401 0.605056 0.232462 72.867752 74.945463 74.945463 675532.862703 5039.288315
85.410096 294.519679 0.641054 0.243119 27.768774 42.717172 42.717172 20659660.941414 1034.342729
391.196004 179.238763 0.693938 0.357878 69.829859 71.599869 71.599869 553878.787218 5659.285637
244.258470 362.756958 0.985885 0.376826 56.129241 59.683978 59.683978 3186475.323134 2451.112555
619.177340 179.209274 1.288973 0.223097 54.854361 56.441988 56.441988 714455.397967 4715.812910
318.428086 377.439188 1.139147 0.274353 52.466789 56.893294 56.893294 4445873.174186 1530.250340
368.664319 447.940368 1.530327 0.164055 48.053351 51.356515 51.356515 3055491.778383 1674.338603
113.163388 434.919402 1.203313 0.348894 43.250515 45.389259 45.389259 3915916.104475 8452.925398
252.476413 83.213460 0.357466 0.398592 75.480486 85.737689 85.737689 5354122.545403 412.046816
546.923789 349.349139 1.550877 0.191720 45.387948 50.817750 50.817750 6589589.520404 709.093547
129.541607 171.197876 0.386115 0.543081 80.260349 82.173817 82.173817 653194.555896 8997.354921
173.461225 251.482744 0.570353 0.431702 63.898244 69.624927 69.624927 4735746.006674 1958.091251
155.924740 367.339282 0.930076 0.443917 56.162320 58.452132 58.452132 2296900.139992 5485.425625
253.717859 209.341544 0.551566 0.474743 73.634288 76.262109 76.262109 976514.524184 4162.727255
184.113516 287.134929 0.624142 0.255693 76.106200 -1.000000 76.049765 1922.850847 -453466.062693
460.182769 90.621251 0.725849 0.381296 68.542179 70.468105 70.468105 635485.591683 4944.269478
102.307088 135.656690 0.273328 0.352677 92.803568 93.324387 93.324387 90582.320596 45100.706936
384.201865 151.570898 0.665382 0.496727 59.400609 69.658277 69.658277 9292879.049275 331.979703
140.229387 538.062821 1.697889 0.121813 45.777083 47.623349 47.623349 1972497.407958 5018.382530
525.482886 323.690418 1.388029 0.154883 49.318778 53.729862 53.729862 4153086.220625 1051.042912
112.834173 396.570713 1.035557 0.305609 36.375897 43.715402 43.715402 14262648.706272 1555.455858
141.156504 124.868626 0.293678 0.349987 68.331837 82.344613 82.344613 9334413.524646 472.088330
139.808088 448.277286 1.246267 0.249973 47.807677 50.650564 50.650564 4073814.105199 3825.792475
151.125150 319.227507 0.732803 0.439563 69.271028 69.670190 69.670190 110754.625642 41356.068144
152.265410 454.178545 1.273957 0.145886 33.912553 47.371299 47.371299 28348165.815525 207.978113
167.781186 122.004107 0.271444 0.242443 88.348702 92.658507 92.658507 1388359.096531 2858.355126
446.490069 2.722837 0.604146 0.116004 72.129741 75.260445 75.260445 1127229.900382 -14145.418356
659.419044 26.886795 1.262429 0.246882 54.266534 56.573313 56.573313 1339561.046847 3115.382295
243.363928 143.219103 0.387994 0.326795 88.622865 -1.000000 88.469334 4948.121687 -212563.240396
131.362917 290.889603 0.674557 0.469128 52.630064 58.415018 58.415018 7116423.577421 2024.910604
539.457942 167.221969 1.033687 0.389213 62.921857 -1.000000 62.789331 8203.137652 -178283.165395
468.212919 346.957753 1.336313 0.313349 52.298715 54.750211 54.750211 1732352.218827 2746.047119
68.625085 408.465545 1.061498 0.205797 31.090705 33.904201 33.904201 5406159.862222 25548.227935
305.925547 301.635722 0.834954 0.267383 64.276441 66.241088 66.241088 879238.647140 5004.400119
463.833057 67.206314 0.707458 0.360249 72.719170 -1.000000 72.579702 6244.259935 -195955.326447
651.690529 266.542377 1.607284 0.168544 49.717183 51.424337 51.424337 915663.459765 3794.787868
110.260482 8.646024 0.230176 0.466420 81.475828 89.469148 89.469148 2813717.751800 1520.530827
84.406500 393.419708 0.965314 0.158634 44.812721 47.066573 47.066573 3805839.969717 11326.179500
96.987226 235.870919 0.511264 0.446417 54.850883 58.563361 58.563361 3914045.585291 5970.409248
354.482820 108.516792 0.517178 0.368527 81.154053 -1.000000 81.047721 2930.160772 -279917.190911
60.538002 283.165161 0.583843 0.188873 34.923799 39.743423 39.743423 6266437.063479 13124.479822
225.964100 272.160525 0.600146 0.101540 74.769928 75.891107 75.891107 230885.242203 10875.277420
318.709716 135.241057 0.487079 0.346637 81.189847 81.927739 81.927739 86564.080134 18309.703536
597.385267 17.183302 1.069561 0.329643 46.797982 58.283014 58.283014 16322194.245321 106.282441
240.984615 272.701334 0.714324 0.488688 44.245574 62.827920 62.827920 26292425.945467 137.172718
370.536735 219.989591 0.747368 0.361191 59.290905 66.838538 66.838538 6811174.593337 657.905046
216.487931 8.900309 0.204445 0.118225 101.149806 103.067455 103.067455 228644.045168 6700.622644
659.576732 211.771518 1.503028 0.250431 50.134689 52.479866 52.479866 1604899.388146 2563.285217
104.523384 107.232678 0.263369 0.446248 95.772628 96.119839 96.119839 32351.449556 67146.206649
92.823021 214.690552 0.370520 0.201276 83.468669 83.689530 83.689530 76710.270829 131547.336099
276.490167 464.309999 1.451134 0.126194 38.677972 50.369731 50.369731 21417524.105783 130.209967
152.705026 197.446373 0.440547 0.529644 79.412109 80.990459 80.990459 472375.798910 10117.208170
278.376037 405.615490 1.201217 0.309000 50.465836 54.978578 54.978578 5122122.169021 1620.459776
412.881340 261.663112 0.894417 0.103099 60.958779 64.738826 64.738826 2136060.902326 1413.782054
112.026385 265.251487 0.491191 0.176147 82.104226 82.158966 82.158966 3133.239881 382417.515202
201.240013 274.271570 0.646061 0.458681 71.111158 72.417397 72.417397 444734.798864 10320.821564
579.592146 274.517937 1.396450 0.261139 54.483510 55.132149 55.132149 166108.233094 13568.311447
317.190847 430.530704 1.334979 0.081836 56.696090 -1.000000 56.554201 9517.412614 -158583.388712
196.235685 370.089822 0.948485 0.298204 56.767316 60.000099 60.000099 2961962.709345 3142.731438
595.155760 160.777831 1.181116 0.240166 54.529685 57.727477 57.727477 2238791.011708 1834.887168
263.690909 116.316238 0.414454 0.472573 81.152946 84.259514 84.259514 843962.326588 3179.880284
499.050300 343.139445 1.392394 0.255717 53.492276 54.698816 54.698816 509555.602059 12790.619031
441.418989 221.333006 0.859561 0.122966 59.004752 65.067106 65.067106 4690616.424972 556.311703
442.332809 160.789621 0.790127 0.485569 67.177263 68.546952 68.546952 383501.550805 7255.093668
261.049376 365.404934 0.980644 0.190125 62.288757 63.141700 63.141700 246465.439518 13091.138983
499.463795 37.514729 0.781746 0.303127 61.056144 66.976132 66.976132 4491354.193959 818.747755
203.354298 357.041882 0.923301 0.428162 58.649051 61.173163 61.173163 1977290.982883 4467.779131
490.344223 159.945495 0.906297 0.426566 56.031532 62.721479 62.721479 6274122.374655 525.372374
120.309720 367.933346 0.967116 0.437402 14.860973 39.004768 39.004768 39435655.504706 294.719829
125.356870 329.213041 0.750477 0.323423 60.257962 62.124573 62.124573 1766812.377429 8257.308403
506.758913 3.406417 0.793643 0.332938 65.867015 68.049959 68.049959 849113.168902 4537.218688
375.065805 208.491731 0.713080 0.274807 63.201970 68.891764 68.891764 4140413.386061 1115.593983
131.117599 305.186850 0.681433 0.478519 70.775416 70.969980 70.969980 57088.318524 99928.687826
107.180225 77.935582 0.261705 0.540821 97.299777 97.535414 97.535414 11246.853589 96799.271372
502.884208 157.828457 0.910420 0.299618 62.386758 64.510596 64.510596 930120.241695 4864.887603
431.665038 432.581350 1.591257 0.141029 46.310675 50.546354 50.546354 4406509.004188 1001.848972
254.173736 212.938542 0.573323 0.473460 52.782956 70.140150 70.140150 19336336.362970 117.330814
476.869568 265.202183 1.095362 0.375267 57.682492 59.747428 59.747428 1084792.936059 3867.450305
121.019725 481.110261 1.370881 0.129866 49.504692 51.165138 51.165138 1768116.939086 6775.701535
236.931779 86.512192 0.240775 0.036384 100.451949 -1.000000 99.881480 16958.337813 -83618.276706
422.772683 142.407213 0.685522 0.244901 63.224214 70.012883 70.012883 5135163.856110 668.502802
221.443084 163.926133 0.409510 0.360599 78.474366 82.846865 82.846865 1792485.906982 2296.995627
112.526588 396.178114 1.065267 0.356891 9.878807 35.997177 35.997177 41934211.270928 497.469996
59.311641 271.871390 0.601168 0.308781 6.913910 27.755627 27.755627 15350777.571561 4435.652491
162.822128 504.447380 1.531030 0.165070 47.709228 49.807086 49.807086 2206379.521821 4425.459272
149.676056 229.264493 0.517203 0.473012 56.591172 66.613674 66.613674 10128424.343806 860.432155
446.601386 264.619420 1.005319 0.236279 54.858009 60.485099 60.485099 5253091.573981 964.091260
116.243027 281.023972 0.607506 0.408997 65.727241 66.858020 66.858020 866263.846732 17472.965587
419.670445 9.262056 0.602981 0.458803 75.350228 76.213173 76.213173 125952.286571 13409.187646
169.796156 272.861296 0.613604 0.483101 74.272330 74.780850 74.780850 102672.236588 32438.651276
247.491221 348.416235 0.913923 0.308451 63.986205 64.764957 64.764957 222254.911631 15664.139521
53.901834 247.110829 0.505304 0.235651 13.222098 30.109720 30.109720 13156129.081841 5100.224670
65.384783 191.357211 0.379712 0.272602 28.913486 43.471186 43.471186 12683637.556063 2416.785404
109.279231 387.516286 1.013498 0.344342 30.467952 40.538755 40.538755 19450589.151113 1053.115952
214.267975 166.599843 0.409410 0.357429 72.896066 80.772773 80.772773 4708718.483980 971.406733
142.110095 450.703825 1.255396 0.348876 54.578848 55.046251 55.046251 302781.102030 30317.234676
292.322632 427.558134 1.321599 0.254026 38.783451 50.936333 50.936333 23279337.962871 145.449932
390.869969 64.822516 0.542682 0.287716 65.139358 75.489926 75.489926 8144614.967403 315.532707
264.593809 182.146609 0.504467 0.384431 60.797737 74.766287 74.766287 12798339.994541 269.742803
115.588162 123.783470 0.223834 0.202115 98.315059 99.302354 99.302354 145759.811151 21114.043743
114.164274 200.755002 0.343313 0.150572 77.642355 81.958829 81.958829 2552778.059406 3530.381283
658.440653 106.206835 1.323005 0.299538 52.678972 55.258200 55.258200 1726572.791996 2393.058345
137.889592 360.895307 0.853282 0.234702 59.149566 61.309148 61.309148 1928519.144977 6082.521649
141.151088 515.288924 1.557442 0.087127 50.323713 51.338120 51.338120 560052.304760 9601.830238
477.181244 184.088315 0.896451 0.317387 60.647084 64.131368 64.131368 2158199.429991 1992.147262
246.110729 367.290464 1.018511 0.365764 43.920183 55.259492 55.259492 18600329.195757 339.038245
114.679370 206.963052 0.435521 0.506010 77.841643 78.595625 78.595625 290770.698397 28284.109196
434.328737 53.972112 0.647936 0.410869 67.056219 72.044379 72.044379 2832894.905682 1228.951543
346.649859 397.598274 1.262242 0.185183 48.468164 54.516781 54.516781 7315896.579036 786.849303
269.321276 212.134746 0.532048 0.196617 57.758910 73.698658 73.698658 16924364.339510 76.257184
71.629122 117.297649 0.202338 0.148944 60.955560 72.509332 72.509332 8300964.425291 1506.102421
398.492313 467.338797 1.681420 0.123965 49.064414 50.461630 50.461630 688807.105138 4982.382966
218.027430 255.028937 0.555340 0.154638 74.483222 76.611480 76.611480 748309.130314 5624.764501
388.864433 254.269882 0.853780 0.365296 68.024138 68.056283 68.056283 567.258872 468375.233562
306.307167 273.787794 0.746866 0.276621 70.373090 70.799892 70.799892 54952.447972 30828.875860
366.491846 334.625971 1.085606 0.403438 49.758166 57.058810 57.058810 9193205.774347 702.656553
657.266543 35.699037 1.254424 0.204519 52.438716 56.255557 56.255557 3048123.292770 1330.543889
136.061387 219.441980 0.480192 0.475274 65.634775 70.781822 70.781822 3989535.967482 2523.658887
222.397741 180.536797 0.445852 0.428362 83.147849 83.889033 83.889033 92551.286265 20591.048182
295.548333 218.020020 0.600907 0.316480 70.161086 73.759608 73.759608 1781888.297739 2634.478579
112.726305 252.497252 0.513203 0.258848 50.788474 60.959231 60.959231 12363472.825553 1016.333515
562.615805 206.148406 1.153768 0.157815 59.347514 59.883662 59.883662 91981.612259 17340.964558
167.010242 203.461586 0.443834 0.345771 53.884894 71.538436 71.538436 18422342.900611 320.461342
375.369328 156.447868 0.602985 0.215004 64.664223 72.935519 72.935519 6415449.301181 481.562721
299.153432 485.357075 1.592995 0.217053 51.757927 52.155605 52.155605 94808.992869 33727.926985
423.765120 216.288065 0.859760 0.412997 52.586831 62.937355 62.937355 12161262.657038 286.724138
418.058712 466.382958 1.714608 0.074938 48.737347 50.289857 50.289857 684493.078205 3463.602346
456.897133 65.140930 0.682734 0.280317 68.144567 71.426987 71.426987 1505213.629473 2379.415994
444.717758 339.809286 1.254098 0.275104 47.691802 54.595955 54.595955 8901500.592590 535.106874
68.725918 333.950116 0.717921 0.106194 35.888219 44.002654 44.002654 12321480.883065 2757.045294
176.772426 489.041091 1.460098 0.133317 44.194111 49.381239 49.381239 7698131.903646 1211.042827
404.556878 165.625373 0.673749 0.194529 64.411097 70.692047 70.692047 4443592.271360 790.972805
148.480533 306.828295 0.687868 0.367502 67.010541 68.420470 68.420470 799367.266464 10609.452661
120.260604 233.642549 0.499235 0.480538 69.873215 71.728609 71.728609 1186287.141101 9752.590395
85.641562 82.643128 0.235037 0.371577 73.051838 79.113408 79.113408 3122821.600341 3155.219834
125.755492 435.634413 1.187770 0.266711 45.863202 48.974756 48.974756 5109424.897355 3842.109711
346.029163 74.106552 0.492907 0.447057 75.113135 79.479018 79.479018 1720653.677295 1673.540685
215.053846 448.521409 1.307211 0.312121 53.605340 54.863525 54.863525 794693.934615 8326.101552
91.744144 175.560705 0.271668 0.132332 91.122032 92.055084 92.055084 259142.091075 24198.215673
88.012882 381.251778 0.987332 0.325634 24.472838 34.398949 34.398949 17578404.767001 2402.307520
289.872932 28.128105 0.360044 0.339276 82.793237 87.589295 87.589295 1562352.023936 1602.407714
89.423585 29.311889 0.231162 0.458078 68.042130 78.926057 78.926057 5175489.800909 1355.473620
357.158174 319.888722 1.001079 0.317900 53.684010 59.643961 59.643961 6230629.542967 -461.958567
492.414440 136.897513 0.857587 0.342254 62.790006 65.619455 65.619455 1443702.119030 2853.877646
128.618694 337.230304 0.809359 0.406685 52.614208 56.175076 56.175076 4632229.187974 3794.076249
163.612731 208.678974 0.465878 0.403781 54.481173 69.923272 69.923272 15890181.936781 323.515420
145.001287 161.063035 0.341353 0.355291 78.820440 83.654962 83.654962 2317474.048672 2726.352085
294.296987 178.891380 0.505060 0.229618 66.943012 76.493542 76.493542 7330214.312967 524.604288
331.830814 28.036885 0.343707 0.015820 92.264197 -1.000000 92.162328 225.201706 -537377.489733
85.349819 447.426853 1.229485 0.144875 11.030254 32.638317 32.638317 37458053.681221 508.815035
646.688675 104.866074 1.273265 0.205243 46.305326 54.960805 54.960805 11657795.882893 248.605887
129.470691 455.116237 1.299654 0.261918 33.762464 42.472377 42.472377 19257276.157274 864.423486
110.579067 126.878120 0.329366 0.537932 65.169670 74.367132 74.367132 5722403.759657 1344.751160
586.019536 234.052699 1.303223 0.178376 48.562556 54.788411 54.788411 6991422.319728 526.325537
202.657426 305.066487 0.754655 0.397087 48.330309 60.490401 60.490401 16930569.297566 427.303347
98.979382 186.721854 0.347158 0.295171 79.281797 80.625749 80.625749 676410.657005 16710.303509
176.100248 533.775049 1.698582 0.112908 47.224987 48.939881 48.939881 1371115.476193 4986.922689
106.694471 436.639711 1.225768 0.355544 36.254561 40.232180 40.232180 8375601.038639 4644.288180
300.660018 224.479974 0.588825 0.144653 72.680052 75.396709 75.396709 1017989.538722 3533.766426
77.469604 41.312503 0.210289 0.368891 68.652977 76.565205 76.565205 3959472.755275 2449.690920
200.502311 276.537657 0.645386 0.464750 74.532961 74.736130 74.736130 17509.057682 80451.234893
186.623742 296.209423 0.621535 0.065298 76.289158 -1.000000 76.209481 2044.595021 -349143.405817
55.691165 255.224412 0.419307 0.041524 67.803137 70.337168 70.337168 1807794.159655 10063.181442
351.987494 172.509231 0.628816 0.468013 69.497817 73.017544 73.017544 1605255.386343 2365.732273
156.140723 287.257327 0.604250 0.282526 76.895465 76.946506 76.946506 1886.466883 365179.957118
350.303430 369.274509 1.165879 0.343365 56.114952 57.983313 57.983313 1070544.357432 4867.121058
86.020635 187.489270 0.378603 0.381716 68.010820 68.992626 68.992626 725326.950938 49992.422084
221.992061 316.406625 0.787238 0.363616 63.108794 65.850129 65.850129 1769492.919440 3878.817605
97.744576 225.310082 0.466846 0.334986 45.210092 56.233230 56.233230 12555906.247748 1110.799474
184.910533 388.955685 1.033999 0.415222 54.449343 57.223639 57.223639 2795125.844940 3817.260652
167.273789 478.653846 1.433074 0.237159 32.056126 44.224970 44.224970 28132627.963323 318.058942
304.195859 464.278929 1.485773 0.126988 51.564456 52.989678 52.989678 709223.053653 5274.023028
141.642810 253.439861 0.565077 0.489645 64.444880 68.236548 68.236548 3042837.129162 3575.471899
317.120552 139.373714 0.494580 0.380560 82.296235 82.404136 82.404136 2841.859428 154354.495076
429.698147 62.771091 0.638533 0.368718 62.558074 71.435576 71.435576 7201637.384298 449.071413
109.338503 540.507028 1.712448 0.175231 42.322831 43.627102 43.627102 2174649.425580 10598.118655
598.500014 191.575858 1.245755 0.200187 52.971613 56.458490 56.458490 2636440.082920 1227.274756
124.467920 481.588533 1.384814 0.245388 52.748385 53.014192 53.014192 169073.472653 57745.083020
209.160745 489.400847 1.517516 0.257553 42.596155 47.921352 47.921352 8885221.397054 1173.564734
438.186674 191.846852 0.772111 0.067800 70.498290 -1.000000 70.350541 5352.353603 -192986.385946
481.080552 285.844123 1.162827 0.377563 58.458115 59.249872 59.249872 217729.213663 12452.017099
90.847606 379.360914 0.913187 0.147685 34.583777 44.191519 44.191519 17390974.172995 1265.831132
411.076946 151.973291 0.690177 0.373848 70.537956 72.017099 72.017099 395208.882698 6951.592697
103.860724 85.087320 0.272561 0.545988 89.224235 90.818936 90.818936 331136.353673 12717.379118
118.393405 361.934058 0.824567 0.113640 55.160117 59.773469 59.773469 5270970.226496 2308.872324
370.559105 25.915307 0.483457 0.317402 80.495660 81.771594 81.771594 213532.615260 9035.511827
346.762766 452.168798 1.509790 0.188481 49.861385 52.031223 52.031223 1570172.607013 7574.765765
330.596066 136.503933 0.459010 0.101334 81.565858 83.169269 83.169269 290445.842202 6435.934589
127.412300 424.652335 1.088000 0.103590 56.191723 57.872612 57.872612 1216895.131589 6827.458767
183.465093 301.220321 0.662470 0.144413 59.485835 67.363263 67.363263 7892589.540527 963.231355
131.930402 315.558441 0.720579 0.417191 63.380707 64.728269 64.728269 1027470.601683 12176.124280
93.228691 412.134137 1.096662 0.277511 33.840179 38.932295 38.932295 10274499.996002 4053.164182
214.415363 172.686463 0.454388 0.527654 71.797520 78.420943 78.420943 3640518.659408 1245.777990
215.559242 64.783801 0.328439 0.546916 93.362299 93.397689 93.397689 214.518451 565617.217423
341.978900 399.335490 1.271751 0.283951 51.632328 54.972621 54.972621 3028928.476105 1998.987771
150.474732 349.934064 0.836092 0.335631 60.882451 62.650206 62.650206 1365745.878607 7612.075529
111.087101 420.474575 1.119639 0.244921 39.511774 44.874542 44.874542 10434978.773686 2319.516490
221.454695 300.305098 0.708168 0.165180 43.127042 64.396459 64.396459 31998819.275404 67.619078
114.558038 500.390696 1.495686 0.221195 44.922969 46.187589 46.187589 1975302.761662 11509.242386
376.984400 185.519216 0.689303 0.367908 57.802184 68.450737 68.450737 10661564.529102 325.071779
126.485984 434.662747 1.169531 0.358263 56.468557 56.550484 56.550484 48959.574009 303721.711415
260.354971 386.717637 1.107526 0.387397 51.770320 56.344615 56.344615 5127071.278715 1626.545044
443.758127 121.642568 0.685761 0.176053 71.840390 72.796796 72.796796 174154.989460 11303.870987
296.909665 199.227826 0.520557 0.120914 76.170735 78.872096 78.872096 872805.952998 3434.028148
542.737894 68.482103 0.926078 0.373176 60.237568 63.520458 63.520458 1951560.482775 1912.217054
140.758145 379.984189 0.950897 0.376017 58.729863 59.747243 59.747243 788262.725954 14406.777516
61.866743 540.656194 1.703045 0.098385 29.467598 31.043432 31.043432 3746376.458481 51990.067736
85.193532 308.057648 0.584237 0.049957 76.067226 76.423560 76.423560 54191.650466 50267.329849
123.224197 329.932650 0.744099 0.264039 57.862323 60.813754 60.813754 3229749.580168 4860.681950
300.139979 195.403458 0.578767 0.372315 54.484191 71.404432 71.404432 18774205.633946 82.583527
401.837638 326.859314 1.092141 0.194130 56.811890 59.538854 59.538854 1700061.346243 2612.256858
105.350915 244.593924 0.554355 0.448707 27.135658 48.501223 48.501223 25242997.670266 487.782287
320.028117 436.782765 1.397527 0.190644 39.592454 50.847621 50.847621 20625754.407805 213.446159
88.067459 213.784088 0.358106 0.134175 73.744163 76.673142 76.673142 2076029.581351 6731.416256
361.179407 207.344994 0.693652 0.312826 59.096472 68.408374 68.408374 8907331.110880 457.354426
82.396792 195.956025 0.302791 0.107136 84.713348 85.978334 85.978334 549084.291355 18073.528754
460.776713 297.792651 1.108914 0.054715 61.131841 -1.000000 60.882539 16216.638338 -129854.676724
155.474323 321.230337 0.716165 0.285192 70.622903 71.000898 71.000898 79787.902926 42955.155695
270.188172 379.054776 1.085236 0.392925 55.117400 58.113641 58.113641 2514008.411174 2866.097035
95.064051 299.126150 0.667499 0.347398 50.053103 52.788842 52.788842 3689055.493623 9531.340220
567.112581 274.626177 1.362003 0.321897 56.269022 -1.000000 56.166450 6607.900055 -205120.670986
147.787302 177.759138 0.398911 0.472136 73.750690 78.794200 78.794200 2757352.215755 2474.015029
325.262540 288.779900 0.849169 0.421421 64.324397 65.993926 65.993926 670516.745088 5953.678806
213.760857 343.825362 0.822263 0.086738 65.852366 67.312062 67.312062 460948.688391 6977.848825
157.833044 513.642067 1.556816 0.063347 51.616625 52.313807 52.313807 217004.976183 12959.787472
139.815227 178.746880 0.370051 0.385172 81.764162 84.029299 84.029299 801989.425030 7122.636549
146.445327 113.756183 0.286028 0.369439 75.110764 85.641154 85.641154 5743718.136587 819.580373
425.990646 150.234271 0.703641 0.292771 72.781907 -1.000000 72.608461 9501.987620 -158063.893612
234.467496 201.858007 0.516488 0.488747 74.776075 77.621040 77.621040 1067087.784718 3869.962127
326.392992 365.695810 1.084314 0.173535 58.877738 60.338239 60.338239 606645.341684 6126.163872
120.006539 372.926503 0.968978 0.413351 33.694044 43.448509 43.448509 18206541.753138 1021.597360
199.254648 301.329253 0.746525 0.462500 54.192131 62.104670 62.104670 9243651.326275 942.596455
536.117046 20.459339 0.904606 0.460938 51.132260 62.230740 62.230740 13468602.513197 14056.503726
89.270740 306.131342 0.667157 0.203888 21.554245 43.086196 43.086196 29647331.977132 488.413899
283.597688 135.388035 0.439723 0.384941 28.517754 -1.000000 85.855146 67490103.273422 -157.359045
137.728689 325.382080 0.743599 0.309862 59.098698 62.214937 62.214937 3145705.272785 4187.320052
112.656592 207.402259 0.386636 0.204124 53.355819 68.102715 68.102715 15540641.590143 514.603641
475.272542 99.038571 0.764115 0.321218 65.041542 68.388347 68.388347 1724523.481709 2117.655187
505.848557 185.080594 0.981881 0.374754 58.044029 61.732644 61.732644 2560326.324824 1764.733551
430.901972 121.115085 0.700801 0.409135 65.244889 69.952309 69.952309 2817588.910628 1805.639272
363.002629 136.511205 0.503212 0.029456 81.572895 -1.000000 80.986223 24425.457468 -71794.450674
326.526908 364.119282 1.092306 0.321070 61.054516 61.307806 61.307806 31378.192121 48555.048920
248.053637 261.806051 0.607076 0.153192 75.718784 76.214149 76.214149 59545.949689 27902.508532
116.857507 410.306136 1.037629 0.206736 56.526010 57.347696 57.347696 703666.260928 18813.789143
53.987193 66.688064 0.137427 0.127218 81.482288 82.270751 82.270751 393220.221757 153537.821845
373.839329 10.489312 0.525571 0.532911 79.304162 80.030946 80.030946 77199.694409 16810.549851
479.427535 114.400299 0.802259 0.349022 55.552625 65.322396 65.322396 10270319.957053 21881.222475
146.445566 513.926717 1.579491 0.134803 36.557577 44.520294 44.520294 16639624.833299 677.698548
148.885386 297.261665 0.714952 0.475905 41.004132 54.838196 54.838196 20521277.075945 413.694554
666.270418 47.111793 1.302225 0.287627 51.755183 55.282215 55.282215 2868658.247677 1556.561455
479.048235 258.585720 1.049845 0.139965 59.649297 61.397837 61.397837 683410.964820 4203.378530
246.280999 465.217317 1.423345 0.246842 50.187543 52.423807 52.423807 1938248.820355 3654.561189
44.432606 121.296945 0.224700 0.168272 19.530822 39.656333 39.656333 10181964.365412 3898.938941
135.287868 388.449572 0.988636 0.255803 42.696906 50.428634 50.428634 13561592.850213 1069.814345
146.396909 151.855326 0.353841 0.512362 88.026350 88.833028 88.833028 108702.772121 22313.466047
416.199637 292.257831 1.028379 0.315352 55.783010 60.053744 60.053744 3561978.590543 1530.587607
671.970715 66.171599 1.325424 0.255144 55.135446 56.139178 56.139178 330186.316395 7941.243642
625.993423 159.229037 1.287705 0.293936 51.882376 55.460598 55.460598 2947601.441138 1385.226889
407.108831 258.949355 0.899383 0.270594 62.439747 64.604074 64.604074 1001292.362774 11609.064271
476.190927 239.133331 0.996766 0.159096 55.298283 61.158716 61.158716 5196955.667711 560.426514
341.456061 212.826269 0.674416 0.435036 74.065871 74.143810 74.143810 2221.059094 198411.663128
244.622524 180.139381 0.436243 0.253420 82.568309 83.932884 83.932884 265499.650581 9803.689426
432.675263 30.609879 0.632752 0.388238 63.250562 71.788835 71.788835 6652573.765165 462.389294
175.988628 10.716142 0.151335 0.079802 108.287386 109.855153 109.855153 126876.908560 8868.719412
97.061180 318.941785 0.785848 0.440660 13.520559 36.294702 36.294702 28850208.333039 760.936345
271.184347 415.999420 1.216558 0.208272 54.008360 56.394245 56.394245 1737046.401945 3421.106483
612.029626 195.189115 1.287483 0.157787 56.752397 57.266993 57.266993 92197.316992 17444.573747
83.723235 13.113124 0.238439 0.509368 70.375918 78.174072 78.174072 3363660.751324 2302.834933
152.580062 243.878589 0.461139 0.143308 78.195067 80.310002 80.310002 791096.671890 6704.977487
525.006940 330.664081 1.393803 0.040339 55.612564 -1.000000 55.296638 23613.751701 -84499.640940
132.389114 219.618944 0.369270 0.075921 82.917715 85.919224 85.919224 1027805.676395 4374.263665
295.245703 324.342111 0.903556 0.403904 66.577677 66.600473 66.600473 375.208149 673986.787460
483.243918 97.229859 0.787920 0.375139 66.562531 68.389605 68.389605 626653.343076 4978.207868
586.116683 48.096139 1.037525 0.409898 63.119910 -1.000000 63.103329 193.050350 -1351581.596528
147.812668 354.655458 0.852273 0.364235 62.254746 63.335098 63.335098 678542.696043 13467.058532
138.970402 216.136853 0.413740 0.255757 78.974540 81.217289 81.217289 957517.403323 7107.226394
62.922368 430.326488 1.195782 0.265996 12.942612 22.805004 22.805004 14693849.359449 8644.695657
352.086959 241.578175 0.721984 0.146772 66.829112 69.966549 69.966549 1486073.020355 2647.039681
107.552383 140.182478 0.232842 0.175620 97.804482 98.540618 98.540618 106889.156778 29870.676612
191.255077 198.278730 0.472290 0.465042 64.599303 74.322696 74.322696 7667314.143908 710.777340
484.933054 78.095788 0.787176 0.466645 67.282781 68.694143 68.694143 392683.841728 6923.296410
104.782737 112.306319 0.199219 0.148970 78.376473 89.318235 89.318235 6387567.215546 1134.870895
141.400354 301.018232 0.657762 0.340631 69.023631 70.106330 70.106330 532722.575239 14685.463659
275.463455 330.064088 0.903690 0.379414 60.562614 63.178125 63.178125 1658617.366139 4269.014728
598.833893 103.766623 1.102511 0.193466 58.636132 60.245675 60.245675 629567.114218 5903.336745
133.822050 202.015461 0.455479 0.520641 62.918890 70.000136 70.000136 5723651.993608 1642.676739
104.185937 224.051921 0.365079 0.088986 85.532609 86.692023 86.692023 299290.444804 15920.824265
352.065899 111.202673 0.498842 0.281347 82.226405 82.288188 82.288188 1052.845215 277103.123544
63.744210 454.959716 1.196935 0.033464 35.252535 44.876665 44.876665 14868644.914090 1281.945086
274.411992 199.879513 0.517829 0.235705 68.905897 76.101082 76.101082 4919145.413733 909.052468
100.499177 200.379962 0.369059 0.202561 49.968430 65.232305 65.232305 15976466.612114 587.707866
181.082372 391.356154 0.999879 0.182535 56.353687 59.337962 59.337962 2599680.882874 3403.527434
127.419736 268.542703 0.557164 0.267906 59.301512 65.423960 65.423960 6508290.994044 1939.795146
107.717663 152.127259 0.270265 0.193752 73.144939 81.707863 81.707863 5845624.075623 1546.229819
223.614213 186.019576 0.442530 0.350329 82.441356 83.569034 83.569034 198831.964115 12665.272823
76.604301 140.330628 0.174781 0.039720 100.846826 103.454973 103.454973 454547.234592 6767.499519
154.081823 411.382455 1.070614 0.262680 57.906756 58.875789 58.875789 592788.060990 13338.779934
160.753053 387.218858 0.983583 0.394036 62.442345 62.747260 62.747260 85212.602247 48558.292131
123.353204 222.622480 0.446102 0.324628 68.237423 72.609199 72.609199 3363577.214461 3269.393525
103.804130 149.196672 0.333704 0.391322 41.885844 64.520840 64.520840 19421687.528867 277.589456
134.431253 280.238656 0.652680 0.447294 39.246779 54.323223 54.323223 21423094.397397 401.324387
634.075156 218.904784 1.423643 0.163362 45.315683 52.773963 52.773963 9741306.428679 306.727936
523.121719 345.704276 1.478828 0.272726 46.070884 51.496166 51.496166 6720988.103925 806.621160
240.284454 236.337508 0.538969 0.206140 79.959958 -1.000000 79.848783 4207.864940 -257734.488495
158.351103 513.242566 1.608508 0.209385 29.567204 41.684250 41.684250 30076374.331264 304.652071
136.026596 196.062157 0.399790 0.387995 80.266819 82.107867 82.107867 674095.545111 9128.503196
179.790950 442.894156 1.262823 0.290282 44.129714 50.023754 50.023754 9893922.162295 1281.441593
57.775623 153.787829 0.378226 0.496828 10.745845 33.752035 33.752035 11331054.239440 4300.323893
405.979391 330.985228 1.146068 0.394331 53.418294 57.343896 57.343896 3490091.884956 1754.798205
354.059836 237.779615 0.715117 0.147882 68.422052 70.687759 70.687759 843832.390979 3916.262325
118.917712 305.381247 0.625842 0.148768 65.240889 68.076406 68.076406 2255021.382096 4953.302937
105.206517 354.395619 0.811589 0.181834 52.893408 56.165353 56.165353 4347976.420730 4456.363346
438.003863 274.658258 1.002895 0.208808 61.690564 62.761623 62.761623 310682.969239 8567.760220
101.328672 243.641134 0.466182 0.255032 70.951362 72.366949 72.366949 1002160.352814 14393.381796
459.746641 54.855078 0.687775 0.350981 73.613482 -1.000000 73.535704 2131.077400 -346574.831326
396.820196 293.047292 0.968252 0.249343 64.763418 -1.000000 64.715059 1340.843648 -470294.218796
112.335169 302.565124 0.670717 0.288606 46.400138 54.346744 54.346744 11419962.127341 1354.974123
396.652278 235.702401 0.834812 0.443984 68.303245 -1.000000 68.155416 8866.149399 -170754.420576
185.157304 351.700512 0.897577 0.414325 51.995106 57.811802 57.811802 7413862.435390 1501.890485
108.584220 267.156632 0.497773 0.127629 70.249260 73.268259 73.268259 2127975.902699 5006.832772
346.743975 262.315488 0.782628 0.236479 65.772138 68.011842 68.011842 971057.523649 4164.705101
123.032377 430.183557 1.133929 0.224795 54.805432 55.638887 55.638887 725597.828578 17534.926441
456.592440 1.588656 0.644049 0.193650 69.638977 73.078542 73.078542 1517888.433986 -2586.565162
308.344177 222.102624 0.632799 0.361045 73.095767 74.281579 74.281579 275580.392170 9981.917491
127.005737 236.073948 0.502058 0.362211 52.062889 63.120443 63.120443 12525062.377249 835.684231
106.186305 305.558609 0.654934 0.289618 63.591104 64.421896 64.421896 723590.097298 26800.465311
200.513697 413.633101 1.131463 0.310566 55.935120 57.562347 57.562347 1133268.531004 6129.302303
79.837116 304.344966 0.647187 0.201333 45.382597 49.374780 49.374780 5747003.619021 6576.797819
367.877867 235.642662 0.766650 0.328442 66.451287 68.592542 68.592542 876311.502759 4471.383443
148.666870 367.613593 0.895437 0.287519 58.651498 60.658591 60.658591 1738530.856499 6344.575175
120.526521 230.256061 0.426758 0.268188 85.463487 85.562053 85.562053 7106.016787 216315.925408
498.788415 101.840286 0.804574 0.166344 59.784919 66.485309 66.485309 5400121.513001 641.092824
458.051232 176.171384 0.813781 0.181944 60.149331 66.096794 66.096794 4628731.618143 827.528211
573.169770 229.551460 1.272483 0.351980 51.580112 55.452935 55.452935 3428284.964904 1391.132279
180.968016 197.612627 0.404266 0.236583 77.368508 81.896999 81.896999 2251255.601396 2476.983800
102.297323 356.189797 0.863267 0.297616 41.564100 46.870983 46.870983 9026236.001594 3046.394125
360.849328 187.024711 0.634553 0.302392 75.961118 75.969949 75.969949 41.157359 1997808.761248
656.641104 178.657411 1.409362 0.158638 53.600446 54.734244 54.734244 396717.050395 6536.902280
277.958264 401.598865 1.156176 0.125029 44.609301 55.610324 55.610324 16657717.087225 235.151793
139.720772 247.445135 0.534214 0.490044 74.160436 75.251514 75.251514 431139.730977 15675.931245
110.107243 76.807540 0.259512 0.466418 75.092550 83.819099 83.819099 4013936.967842 1413.052283
196.790324 99.122228 0.335141 0.507894 83.420836 88.173405 88.173405 1411070.042996 1957.840850
96.270753 98.466824 0.276492 0.503420 82.433126 84.937864 84.937864 876485.657597 8218.403736
575.908773 73.505503 1.042442 0.414699 45.465371 58.614001 58.614001 19567451.726924 85.224876
160.051797 319.150545 0.686569 0.106015 67.061148 69.763643 69.763643 1469015.936425 4034.170518
352.218308 435.486917 1.457263 0.245594 41.117835 50.153059 50.153059 15684963.439760 322.597676
303.987440 290.716845 0.815067 0.397262 66.210880 67.428429 67.428429 384829.673464 9154.140706
120.190506 370.416548 0.939598 0.315293 26.511932 43.199747 43.199747 30835280.250367 501.401491
404.073441 255.713217 0.882932 0.309845 67.024358 -1.000000 66.939998 3402.326698 -288511.218959
102.998093 407.604971 1.070458 0.324715 45.588960 46.907331 46.907331 2245932.945771 21394.867152
140.141136 307.364217 0.648303 0.183977 68.523788 70.314432 70.314432 991343.574988 7909.938228
339.147260 263.257519 0.789006 0.337885 64.607792 67.296734 67.296734 1370328.223076 3396.606488
120.777848 429.175962 1.117698 0.251315 59.780769 59.821553 59.821553 10230.058294 448008.055844
307.629771 276.291598 0.747786 0.161802 58.034113 66.696624 66.696624 8519626.444313 547.598247
255.516348 470.152714 1.459741 0.231916 49.163138 51.739453 51.739453 2419503.366683 2956.534592
505.358187 293.030715 1.236990 0.257709 56.350902 57.530731 57.530731 440102.731674 7638.743052
288.483505 525.572972 1.788399 0.133595 50.175249 -1.000000 50.125753 2331.441594 -361534.324104
80.199714 87.704464 0.215083 0.325669 90.492239 91.070592 91.070592 175299.574401 62652.794504
253.323507 163.770019 0.431737 0.304758 80.515044 83.149760 83.149760 782757.447062 4377.004287
144.871118 444.281261 1.194703 0.090391 50.032087 54.312775 54.312775 4821167.995119 1851.985497
135.345972 482.023315 1.421254 0.287999 45.339824 47.505602 47.505602 3379051.335713 5357.296003
477.337784 124.712034 0.789723 0.278699 67.080222 68.584393 68.584393 450447.497965 6694.218403
115.764711 305.205261 0.670002 0.360936 64.299367 65.206098 65.206098 718563.355412 21821.025624
567.623628 24.470681 0.946927 0.197552 65.142173 -1.000000 64.990387 8865.889613 -164560.875177
459.631425 59.769773 0.725671 0.479407 54.734870 67.642749 67.642749 13931158.984665 87.148527
465.861957 94.181590 0.744044 0.381206 67.014877 69.491612 69.491612 1002142.993914 6203.256984
521.318067 177.466642 0.982438 0.186272 57.654435 61.926450 61.926450 3076249.285119 1255.959261
148.080803 393.485560 0.994688 0.302376 59.619392 60.457242 60.457242 494775.669515 16637.992117
547.390979 148.311115 1.009791 0.187232 49.254578 60.158558 60.158558 14040504.831922 139.138789
148.766519 367.537580 0.863717 0.173788 65.494353 65.993257 65.993257 137352.717622 29006.442792
320.404567 191.669842 0.604086 0.429277 70.543706 73.932190 73.932190 1517328.057211 2590.628015
513.618373 192.609507 1.010404 0.309338 56.032606 60.727284 60.727284 3884041.726158 1148.846827
90.640234 386.025248 0.907979 0.129980 58.399841 58.773969 58.773969 334884.568173 70505.674326
534.939256 323.120273 1.414898 0.170466 49.601681 53.397348 53.397348 3340152.159251 1191.633823
199.051455 271.169767 0.595359 0.238600 73.527422 74.911147 74.911147 439134.303810 9810.721707
249.956376 319.003821 0.798238 0.222002 68.358721 68.848243 68.848243 81345.351995 26712.840372
144.886449 68.666385 0.176230 0.154166 101.855309 104.434096 104.434096 432163.335861 6022.055400
540.259143 109.138259 0.940409 0.235917 56.153791 62.373972 62.373972 5604113.893636 661.087413
182.941345 348.157376 0.845334 0.250806 57.829617 61.927458 61.927458 3959765.096546 2373.585670
180.500389 381.414663 0.970400 0.267279 58.205471 60.337806 60.337806 1628201.335384 5168.999891
85.767427 202.987596 0.335195 0.108535 51.151916 67.150096 67.150096 16169825.990429 508.291730
76.743828 278.499188 0.571945 0.235009 51.911505 53.127328 53.127328 1542939.533526 58418.876137
260.600041 191.529337 0.530564 0.499516 73.323014 76.835008 76.835008 1462429.721353 2929.489275
546.047946 328.476619 1.464395 0.161033 50.016152 52.952073 52.952073 2196711.927095 1764.850994
207.431089 328.112216 0.803430 0.230066 44.376892 59.807211 59.807211 24032539.745870 128.005039
299.909919 146.616736 0.476659 0.359522 81.698050 82.447982 82.447982 88733.433117 18169.041925
65.609280 252.106532 0.588884 0.469822 11.922585 29.618267 29.618267 14080093.806481 4594.275226
528.094584 285.523956 1.270923 0.158053 48.151390 55.222553 55.222553 8369629.031429 430.754205
267.501930 202.800356 0.556493 0.504644 76.777407 77.774930 77.774930 178334.527640 13051.592723
209.993076 370.793063 0.971216 0.393492 60.444162 61.779666 61.779666 702396.239339 8797.973821
546.387671 65.570038 0.935484 0.377007 59.633553 63.162833 63.162833 2221539.588978 -23633.940219
545.828419 51.801909 0.924735 0.428603 64.747523 65.296080 65.296080 86847.629548 19862.848379
134.066541 296.682039 0.690736 0.473101 54.620863 59.419253 59.419253 5636144.845499 2576.503540
120.792099 425.400994 1.173973 0.380724 40.766281 44.692222 44.692222 7554082.231346 3514.666946
428.154831 294.326184 1.073606 0.345682 45.502258 57.157739 57.157739 17658460.776930 183.048227
582.682533 155.175509 1.150773 0.372194 53.750053 57.811974 57.811974 3382766.055341 1418.409978
95.059605 201.083934 0.436336 0.419861 42.092412 54.956376 54.956376 13202026.638666 1139.243521
382.873474 305.171499 0.979688 0.240848 62.944068 63.611123 63.611123 141270.741112 16264.981458
115.882709 279.221527 0.569339 0.246161 65.400768 67.973800 67.973800 2186846.117003 6139.942822
186.394427 277.805135 0.673457 0.474721 48.218480 61.641078 61.641078 17648233.248957 296.494760
87.309912 113.136426 0.218587 0.275635 100.095076 100.155498 100.155498 6122.409429 537582.391406
305.228952 464.475901 1.498513 0.229466 52.197301 53.022198 53.022198 325457.551452 11126.448366
102.337523 145.248299 0.209377 0.068326 80.067146 92.258285 92.258285 6838792.486762 734.135937
483.105008 105.575984 0.778480 0.228592 60.950340 67.114794 67.114794 4770575.065000 962.132383
672.100302 45.043172 1.293079 0.074550 53.801984 56.634352 56.634352 1422732.432108 1072.827589
194.007269 175.944672 0.339715 0.120023 89.866490 90.899020 90.899020 135913.077616 14688.631691
317.570624 327.545769 0.959724 0.316875 51.782672 59.623259 59.623259 9520727.165623 687.951922
182.858573 332.627212 0.764602 0.127794 57.515074 64.421907 64.421907 7052522.161132 1059.275283
86.903333 201.525696 0.463113 0.497673 28.446057 46.274068 46.274068 16802552.545636 1155.481773
104.972658 373.261618 0.856467 0.112817 59.993228 61.548836 61.548836 1251729.548125 9449.124456
154.731521 277.522273 0.626000 0.447088 65.076542 68.131325 68.131325 2280083.275803 4286.370083
223.292054 351.096511 0.913599 0.412652 61.904107 63.366301 63.366301 731460.351022 7977.308345
132.695037 177.298465 0.365628 0.387608 80.403207 83.005966 83.005966 1055773.741254 6207.182702
173.947176 447.019189 1.277542 0.297673 44.970097 49.975744 49.975744 8108202.773614 1713.084545
96.397023 115.749017 0.230158 0.218726 60.345382 77.099313 77.099313 12311408.760937 552.631863
558.176114 133.407294 1.032982 0.315590 57.821364 60.904122 60.904122 1932391.209279 2205.199553
570.434762 113.041463 1.032075 0.261650 60.735863 61.993900 61.993900 405760.870489 8017.203558
201.608443 229.590450 0.543036 0.436002 63.062580 71.371577 71.371577 7064177.990169 921.167498
509.688555 397.367704 1.639866 0.199953 45.076157 49.663216 49.663216 5346153.462831 944.760639
160.562453 435.422495 1.202211 0.367035 54.512847 55.526655 55.526655 765630.750918 12338.549647
481.648962 303.656803 1.227363 0.366934 52.841069 56.252830 56.252830 2806609.520273 1803.817973
119.435868 271.421969 0.595869 0.466558 64.670376 66.287442 66.287442 1298631.599089 11564.014781
55.749502 546.100690 1.708310 0.049538 30.833244 33.723361 33.723361 5985110.287995 13209.900132
332.274190 297.426340 0.882679 0.347047 59.660739 63.545311 63.545311 2854169.918012 1922.939789
105.363278 320.973239 0.773190 0.390094 26.946433 42.322727 42.322727 23856985.172801 709.104045
91.917555 195.289142 0.394529 0.310804 41.647452 56.851940 56.851940 15528272.598100 747.638515
368.076094 398.229031 1.322610 0.275091 44.287877 52.500542 52.500542 12663169.936264 424.636268
126.576769 332.914388 0.782177 0.468789 62.878614 63.419979 63.419979 382696.548073 36467.949797
618.334044 26.084039 1.123523 0.328086 61.013201 -1.000000 60.949266 2297.750787 -348264.367758
446.909832 357.255193 1.320402 0.283179 51.896436 54.789255 54.789255 2268761.234489 2277.637014
200.752877 269.755328 0.624656 0.342179 63.109462 68.961644 68.961644 4956683.729691 1239.542214
401.844207 247.640111 0.858762 0.311293 66.581333 67.120246 67.120246 85899.088840 21788.577180
313.009661 197.124336 0.541094 0.111597 73.286110 77.378920 77.378920 1764192.882713 1661.557525
82.761064 152.881833 0.336308 0.444112 67.408245 69.192282 69.192282 1186451.071007 23620.050657
258.487760 381.672179 1.060346 0.228059 51.583765 57.426032 57.426032 6845515.922710 1132.347028
102.789723 172.468451 0.308095 0.178590 34.350475 68.458292 68.458292 33005516.493091 12.857158
430.495936 247.301227 0.934831 0.429677 65.476164 -1.000000 65.361632 6169.367818 -210418.178368
115.434245 342.132834 0.784930 0.247480 54.272150 57.516064 57.516064 4108724.205479 4362.946881
143.673830 505.853547 1.540262 0.190118 41.540223 45.776091 45.776091 7606776.502727 1976.403261
133.160227 413.493453 1.037558 0.099169 59.176343 60.314684 60.314684 566005.485686 10608.656433
210.583363 375.605662 0.985816 0.264984 51.634831 57.628767 57.628767 7499352.853442 1254.432830
247.099404 407.159928 1.130007 0.125154 56.694397 58.733093 58.733093 1140735.792076 4114.792389
192.325073 359.947141 0.915458 0.302907 51.081315 57.859422 57.859422 9001309.285745 1118.965962
236.413218 263.033355 0.666281 0.441979 58.156557 66.871661 66.871661 8742604.157551 717.790642
215.465165 445.332573 1.299453 0.340880 52.395146 54.194916 54.194916 1461259.343851 5304.374291
77.760537 332.677334 0.721658 0.129786 40.124291 47.206070 47.206070 10994141.855918 2592.415636
345.038431 46.187990 0.418098 0.182808 81.022531 84.457622 84.457622 1073770.745003 2530.083565
393.398615 153.947924 0.662701 0.434386 74.400855 -1.000000 74.251738 6867.512109 -186711.298874
288.569959 261.812153 0.688611 0.297738 72.639337 73.005858 73.005858 39910.454440 38493.193013
244.687862 485.078204 1.509853 0.120548 45.615326 50.534447 50.534447 6070994.844035 1062.118991
113.214605 363.175662 0.900911 0.357075 45.230122 49.340338 49.340338 6706017.193983 3804.485059
496.122240 113.384396 0.831904 0.306890 62.467934 66.091630 66.091630 2121590.847680 1782.562585
92.616757 212.901763 0.467202 0.404455 16.288809 46.845336 46.845336 27743122.300300 394.514565
145.945647 363.515702 0.873850 0.369296 65.601534 65.815940 65.815940 50747.955436 75496.003994
666.189700 84.865272 1.319784 0.204859 49.893227 54.784362 54.784362 4784221.229628 808.272367
321.776031 277.438273 0.780724 0.219796 64.344020 67.439552 67.439552 1708554.216487 2777.737492
138.742026 406.780079 1.057071 0.375235 57.848667 58.402918 58.402918 367707.469229 27497.822857
152.298184 286.004137 0.640742 0.365212 59.595493 64.886319 64.886319 5343223.976448 2071.068799
215.285979 110.131799 0.311148 0.302344 93.323140 93.835434 93.835434 32824.994608 32611.850622
328.176054 304.432662 0.897967 0.292595 48.626416 60.629286 60.629286 16737287.496563 252.822029
138.030169 400.658127 1.074457 0.348157 32.319281 44.720020 44.720020 25099602.071713 426.183333
362.102889 300.195147 0.943598 0.279605 47.224963 59.830793 59.830793 18273235.986367 165.526983
487.725047 135.561918 0.841816 0.298232 57.291573 64.621975 64.621975 6824700.478609 498.679745
295.029603 126.539749 0.377774 0.072845 89.675551 -1.000000 89.602674 939.030516 -457957.785789
442.655558 182.960597 0.833591 0.428876 55.254544 64.147674 64.147674 9260436.023819 373.357930
105.258387 101.784351 0.193134 0.198916 102.153047 102.903783 102.903783 88794.355507 30175.518872
239.481882 216.388429 0.504518 0.249405 77.242675 79.255969 79.255969 618050.769859 6126.791120
382.970495 84.749015 0.565431 0.464704 77.372131 78.065189 78.065189 81320.173411 17860.594375
147.910738 311.601381 0.750605 0.407250 32.481454 52.417483 52.417483 32148659.787073 124.821532
117.439875 205.393759 0.429209 0.427241 69.429616 72.946530 72.946530 2436503.039715 4640.809358
456.482866 245.652460 0.976653 0.261051 59.865376 62.417069 62.417069 1382832.463425 3047.771694
316.278007 302.066527 0.888821 0.435957 55.639547 61.901114 61.901114 6291354.933900 990.888862
116.625766 401.788098 1.024852 0.227542 46.516021 50.473112 50.473112 6425731.842714 3103.164236
334.694109 310.775290 0.917485 0.343992 65.914325 -1.000000 65.798363 6892.907899 -205419.650868
247.210934 409.581449 1.151920 0.255388 59.620865 59.881293 59.881293 39161.089502 47327.462320
217.588419 418.951820 1.184670 0.343302 52.102216 55.116518 55.116518 3082688.867903 3045.665851
399.605955 73.548664 0.601347 0.500043 70.097098 74.303568 74.303568 1924583.981714 3330.950304
398.227257 91.495581 0.560978 0.239046 78.028958 78.523571 78.523571 47137.770735 26753.182017
179.646215 310.013542 0.703284 0.208748 58.100699 64.984657 64.984657 7301646.530983 1204.224127
87.845808 519.413598 1.575287 0.084474 28.584294 37.640921 37.640921 20789264.307442 830.251011
320.932721 379.013421 1.133874 0.206778 57.201524 58.919748 58.919748 870639.753063 5492.864058
0.252625 204.491314 1.727309 0.079645 0.087891 -1.000000 nan 0.000004 nan
90.781768 287.819816 0.681295 0.428175 4.777742 36.262544 36.262544 29229838.412045 873.432211
391.631325 297.902844 1.001725 0.348187 53.100502 59.662898 59.662898 7080187.049680 1111.500825
90.481756 511.321251 1.571961 0.197541 30.363308 34.602118 34.602118 10410487.987652 4879.549393
108.415908 89.193163 0.273437 0.462660 61.006702 76.919544 76.919544 9736924.463674 462.203061
101.732276 391.260074 0.952660 0.195592 55.566936 56.260645 56.260645 755969.019601 28342.985863
257.657808 328.002392 0.821804 0.097433 66.509849 67.698385 67.698385 309294.693513 8226.256655
406.516403 92.584831 0.612367 0.401289 71.984416 74.549110 74.549110 885484.919639 3452.423462
514.345168 237.883280 1.111236 0.296538 57.206786 59.444326 59.444326 1217603.526738 3098.897246
209.023642 318.810007 0.802150 0.362984 42.877627 58.634903 58.634903 24780251.163453 204.791540
141.515097 267.006263 0.532459 0.155024 56.230986 67.848114 67.848114 13286086.226395 647.073672
