239.420754 82.535209 0.343404 0.406236 76.678572 86.668289 86.668289 4936098.966532 470.284365
274.439835 377.771028 1.094065 0.346342 42.734131 54.416698 54.416698 19844095.872954 22.388840
150.873563 278.309877 0.617108 0.295331 37.935855 59.352846 59.352846 31246614.377678 134.608474
104.402513 183.334202 0.312651 0.215975 90.180328 90.677460 90.677460 99407.123894 45160.993414
436.642094 319.465780 1.128971 0.098990 59.186279 60.157635 60.157635 239032.343369 8168.031234
399.379935 104.894252 0.608170 0.374597 69.218589 73.767629 73.767629 2349724.359918 1475.353935
91.274495 196.068138 0.446027 0.475462 27.055955 48.639379 48.639379 20090062.573830 726.458451
66.704882 447.910878 1.265612 0.220465 7.695698 23.170791 23.170791 21345757.921540 4163.170139
196.774490 168.403594 0.423526 0.461972 61.163602 76.607952 76.607952 12902512.988704 224.855382
110.861609 125.188944 0.203342 0.131453 97.215532 99.433694 99.433694 521398.399430 8442.519843
190.128904 333.865052 0.835174 0.393424 51.867074 59.147832 59.147832 9399675.371288 1060.652272
136.686971 8.255657 0.265313 0.560229 72.572112 87.940008 87.940008 6649679.600810 335.497221
285.774066 216.199245 0.535322 0.084334 63.372713 76.428417 76.428417 10951701.303366 125.666564
191.972234 449.926380 1.303539 0.221329 31.785337 47.631581 47.631581 34997324.909679 142.241543
181.003732 96.289327 0.208888 0.100231 103.793273 -1.000000 103.513524 8813.239186 -142157.959676
522.895391 155.267525 0.977703 0.417420 59.981710 62.455636 62.455636 1285632.821446 4119.307581
607.037055 21.646989 1.074469 0.231989 62.080449 -1.000000 61.994290 3644.796088 -269499.628990
100.535258 56.426130 0.256873 0.512487 70.026251 80.512077 80.512077 4945919.579756 1186.557670
641.535769 17.726907 1.197188 0.265142 57.176191 58.403139 58.403139 434352.160924 6562.330433
155.538481 283.837338 0.662751 0.473846 55.591879 62.262177 62.262177 7474795.852306 1473.066041
587.201661 326.087450 1.583027 0.147927 45.856915 50.815716 50.815716 5418714.181274 650.132551
213.042400 66.219705 0.244810 0.177832 81.219801 94.413332 94.413332 6863723.749041 287.459656
255.853219 19.924380 0.233747 0.055539 101.286295 -1.000000 100.912277 10572.407641 -115126.638266
462.491733 338.995401 1.264743 0.117780 56.479775 57.395037 57.395037 247220.050256 8825.942498
191.617182 304.099647 0.687023 0.155325 47.628256 64.169026 64.169026 23197065.971698 211.146743
347.087341 310.880725 0.931038 0.190498 54.660995 61.630113 61.630113 7191634.772141 711.220297
125.490512 244.521987 0.496952 0.324216 68.395314 71.586237 71.586237 2384504.003567 4766.040389
157.016325 242.976220 0.563853 0.474181 40.265243 61.441400 61.441400 27070695.698651 131.961504
443.070614 416.880585 1.546503 0.237439 53.479556 -1.000000 53.447333 940.041767 -575530.675433
576.850370 68.224116 1.024991 0.329358 54.097601 60.134960 60.134960 5800600.950227 655.611428
402.100373 147.774765 0.601651 0.029216 77.086926 -1.000000 76.816631 6925.301640 -137340.827252
411.336942 97.260277 0.628313 0.382552 65.822163 72.302236 72.302236 4305083.071800 686.312301
306.294803 401.889158 1.208409 0.247722 57.134327 58.007117 58.007117 302146.201302 11134.463580
327.010842 172.419750 0.590141 0.503447 72.933864 75.306207 75.306207 773028.845941 4176.442030
204.626037 275.467854 0.664038 0.495414 67.687547 70.124528 70.124528 1275971.869516 4907.287050
129.957364 166.488251 0.291091 0.204073 95.214006 95.446558 95.446558 13807.069383 92224.038651
189.639094 317.932967 0.770019 0.366717 56.957988 62.606752 62.606752 6007528.074602 1583.080066
76.238661 501.354399 1.511198 0.182207 31.028509 33.098368 33.098368 4916782.882530 26855.171674
223.080802 368.944834 0.999484 0.415580 50.775899 56.835244 56.835244 7795332.031113 1201.785271
162.424379 535.568012 1.697119 0.073688 37.416858 46.347365 46.347365 16186353.018902 322.971717
487.381951 24.013826 0.715090 0.164261 72.401708 -1.000000 72.223466 9182.518099 -157466.872765
277.237878 380.274880 1.091453 0.274997 48.426177 56.051705 56.051705 10499462.777261 693.513424
247.969281 227.635076 0.558425 0.320539 71.450738 75.096106 75.096106 1832028.024071 2770.819653
494.495803 216.552913 1.010134 0.329119 59.412612 61.710310 61.710310 1187145.133565 3701.205447
561.514853 285.343864 1.359015 0.117708 54.223599 55.545127 55.545127 477458.110367 5640.492853
65.655205 184.230846 0.326825 0.165183 17.309553 47.090430 47.090430 22508265.105715 631.743087
114.674305 41.877537 0.232321 0.473744 98.435467 99.223703 99.223703 63745.928137 25640.734891
69.004984 279.757237 0.645867 0.402112 24.705924 33.640512 33.640512 10470332.987120 6921.138450
115.959392 420.274785 1.112443 0.250584 45.241576 48.565682 48.565682 5651738.517216 3877.456682
313.743162 485.456206 1.621545 0.149984 42.828369 48.933601 48.933601 8837192.201306 619.791189
233.122386 417.532709 1.187339 0.374604 57.391495 58.106272 58.106272 268313.548683 16002.298245
296.916739 291.730445 0.811742 0.423059 65.883714 67.284358 67.284358 493566.071278 7845.529543
489.902696 450.914969 1.814560 0.072567 48.527397 49.399680 49.399680 246806.236587 6635.599859
97.442292 233.818656 0.449469 0.261167 65.824098 68.495478 68.495478 2345400.176129 7347.280529
191.769205 323.450856 0.791559 0.383064 57.826106 62.608245 62.608245 4775910.543158 1996.641902
482.914579 158.975683 0.870370 0.394075 65.554431 66.464053 66.464053 206562.617391 12855.011664
75.900259 248.233480 0.401990 0.055101 85.488072 85.772198 85.772198 41209.445082 77513.755360
119.742991 521.270175 1.615848 0.142343 29.407316 39.585998 39.585998 24919179.031005 528.626486
94.721293 71.592923 0.202164 0.299527 87.836729 91.788770 91.788770 1413240.176876 4825.865302
384.779177 205.667761 0.724181 0.260846 62.306463 68.433045 68.433045 4696705.878470 957.228365
126.715577 188.633757 0.365920 0.325930 82.545396 84.245273 84.245273 598458.949896 10504.516612
378.088261 319.911878 1.047740 0.415722 58.278305 60.446574 60.446574 1221528.379321 3280.921123
211.825741 270.491301 0.621198 0.320604 72.935898 74.092348 74.092348 329455.048010 11811.799203
328.852027 286.801881 0.827988 0.278035 64.947391 66.724313 66.724313 713733.464058 5691.693009
410.259443 371.363514 1.290152 0.253780 50.440805 54.672087 54.672087 4210186.871578 1368.682082
105.721951 374.465694 0.870291 0.177594 62.514674 62.840930 62.840930 192997.417794 63510.621173
184.183419 321.930240 0.769864 0.354134 61.200417 64.542548 64.542548 2739553.517120 3743.825543
125.774168 266.853812 0.584114 0.348073 44.730744 57.540995 57.540995 17049718.833845 662.261957
383.521658 172.355364 0.664212 0.360965 72.605678 73.497841 73.497841 160911.315361 13125.827951
343.197323 239.547193 0.684811 0.080805 73.545603 -1.000000 73.353362 9046.503865 -151584.694416
186.255269 537.585807 1.722303 0.094035 50.990559 -1.000000 50.946951 2010.256375 -406626.156566
265.977815 515.415383 1.692108 0.074390 51.234492 -1.000000 51.091712 11909.899146 -141589.226881
591.259015 13.428253 1.046577 0.386583 59.588522 61.294391 61.294391 706813.627728 5042.998810
346.156794 86.659844 0.496075 0.428434 79.135267 80.750444 80.750444 321269.244520 6853.989144
279.136813 157.172180 0.412719 0.110227 78.209881 83.922439 83.922439 2520439.173453 1115.100273
114.277796 328.234477 0.763120 0.445424 61.192603 61.397593 61.397593 178102.871631 252034.858045
354.329379 404.993181 1.307613 0.289067 57.256248 -1.000000 57.181825 4179.574615 -273645.931018
229.414106 329.065892 0.804506 0.184596 65.898711 67.356502 67.356502 556450.441688 7895.893525
218.424306 361.672826 0.931414 0.281228 60.018421 62.217455 62.217455 1429088.101080 4789.229309
363.928072 308.437889 0.958509 0.247526 60.156238 62.644301 62.644301 1386923.517644 2999.710156
270.885039 131.284533 0.421194 0.339956 64.851150 80.281713 80.281713 12446459.278647 85.282345
191.832042 138.791741 0.259120 0.055968 90.684647 96.483716 96.483716 1571238.791189 1016.922576
623.169803 30.089091 1.144691 0.336855 59.120702 59.832899 59.832899 164881.179658 13395.992539
531.962670 92.820584 0.908887 0.296799 56.349895 62.973518 62.973518 6113210.272659 721.431321
78.771035 150.392652 0.234750 0.149953 89.183454 90.025804 90.025804 334734.210185 33995.411348
125.889967 436.108109 1.195651 0.239240 38.513690 45.414302 45.414302 13848199.438661 1067.347520
294.318616 383.628463 1.119140 0.318960 59.527340 60.120725 60.120725 152294.311290 18850.943180
89.985056 13.661441 0.187083 0.321570 81.446897 88.632971 88.632971 2927172.537259 2311.666787
83.234425 333.807902 0.809530 0.403127 40.021700 41.904691 41.904691 3015630.649858 38968.892495
335.773519 273.452879 0.795817 0.262661 67.463911 68.489366 68.489366 261435.923075 10840.856313
108.813010 481.154848 1.400734 0.183473 35.920923 41.447576 41.447576 12099697.207169 1902.918633
99.890982 390.147023 1.022885 0.403440 41.447776 43.506637 43.506637 3738134.225092 16044.657897
239.259534 390.115825 1.099287 0.348674 43.839826 53.678570 53.678570 16375807.285389 445.571178
668.784475 139.675849 1.412731 0.300008 41.140822 52.017933 52.017933 18477243.127882 130.168402
67.213420 435.892341 1.134452 0.072055 19.267231 34.942509 34.942509 27056608.545724 1002.960267
102.192455 142.693034 0.270826 0.239222 68.118205 77.940898 77.940898 7095185.730230 1390.797042
56.187381 166.113807 0.237687 0.068278 54.694066 66.018504 66.018504 8925985.227041 1767.028194
492.392579 389.182784 1.554190 0.199383 49.328711 51.636993 51.636993 1640203.010522 2804.847185
73.636277 62.847706 0.268079 0.546712 62.359175 68.090443 68.090443 2885486.574603 5357.458906
508.049088 279.440541 1.211554 0.342616 57.156761 58.130821 58.130821 318322.680417 9314.562319
160.969455 415.692932 1.113689 0.201891 33.897993 49.104869 49.104869 30926079.210656 232.370332
99.724612 126.670364 0.318815 0.464272 43.679313 65.003585 65.003585 16228815.387196 363.683562
231.565522 288.995538 0.716482 0.456711 70.709641 71.281984 71.281984 107050.922159 24666.070475
452.942189 230.480076 0.934806 0.242696 45.404372 60.971650 60.971650 23459182.684269 33.598580
193.150847 346.993849 0.834645 0.142070 48.729675 60.539707 60.539707 16603780.264737 376.673451
424.068461 139.418153 0.645593 0.071431 75.191551 -1.000000 75.017429 6376.606201 -174413.971189
66.009322 301.986797 0.613436 0.126378 42.580968 47.075129 47.075129 6272451.639667 7460.056004
408.966097 185.885312 0.720208 0.220291 69.862196 71.132030 71.132030 315722.830462 8195.616968
159.631948 71.177166 0.171924 0.110884 108.764756 108.800267 108.800267 192.899114 668723.709119
179.381342 314.762729 0.724221 0.240590 59.135802 64.701581 64.701581 5553233.616650 1661.333093
115.075595 112.946713 0.292630 0.517787 90.926179 91.887830 91.887830 150261.435692 20985.301124
369.726331 353.896430 1.130972 0.274766 58.911272 59.769190 59.769190 258968.379953 11636.446812
183.770391 303.978492 0.680919 0.287711 73.729036 73.790487 73.790487 2377.791734 279927.900361
418.611065 47.411316 0.618225 0.465848 69.938588 73.757817 73.757817 1696221.339174 2846.861035
587.510032 152.739537 1.140315 0.194540 49.717583 57.600670 57.600670 9278049.479561 351.980213
188.446130 270.208581 0.601778 0.373544 75.963034 76.273134 76.273134 36260.517853 52750.921211
152.036606 212.617447 0.397552 0.185599 80.501601 83.175662 83.175662 1067064.218264 5364.405397
131.449613 475.403634 1.352925 0.093141 30.929357 46.242238 46.242238 32679039.773530 132.590005
122.401798 261.228464 0.544942 0.381288 70.393225 71.733484 71.733484 809786.862775 13406.020304
310.027468 39.882240 0.424650 0.519668 86.070113 86.303056 86.303056 8099.388551 66122.913245
134.221355 148.572476 0.295024 0.299240 90.203580 91.723084 91.723084 332555.660242 11810.878355
69.042875 86.565956 0.180537 0.196924 80.170889 82.921342 82.921342 1414893.042132 11166.357327
95.322779 423.565534 1.145888 0.283416 36.635673 40.207681 40.207681 7279397.836697 6430.501656
436.679719 6.780885 0.626033 0.357376 71.515006 74.057408 74.057408 887744.274946 3450.111835
147.623399 492.622804 1.459668 0.229443 50.624547 51.533119 51.533119 715830.512207 12851.081512
80.056737 26.859921 0.244402 0.523698 69.288554 76.040347 76.040347 2954740.891234 3120.110820
130.125044 126.488433 0.270514 0.295028 80.140719 87.065852 87.065852 3439245.950574 1848.498232
147.379750 256.681311 0.579422 0.426867 50.155275 61.948843 61.948843 14337225.464892 618.863550
130.841625 327.816483 0.744150 0.442349 70.073011 70.128158 70.128158 9595.552470 357029.921385
437.212750 131.172549 0.680798 0.154485 70.570928 72.426780 72.426780 542404.870458 4884.576714
541.958697 213.338547 1.112043 0.204891 61.342411 -1.000000 61.307159 755.476543 -616721.883735
268.683168 59.466101 0.313974 0.203785 78.562025 89.396719 89.396719 5826389.925439 363.685562
547.342065 172.771349 1.060203 0.305680 60.007589 61.264835 61.264835 425143.909764 9181.598608
95.070737 376.000259 0.980636 0.353591 8.732007 32.514152 32.514152 32638605.766858 817.588063
118.324132 231.783558 0.497091 0.437997 61.510861 66.252935 66.252935 4332511.419856 2948.937639
257.099645 276.568987 0.713466 0.445115 69.296498 70.567749 70.567749 392321.887123 9595.206085
123.808453 175.413342 0.352772 0.422022 90.776259 90.855234 90.855234 3128.969645 281969.416075
238.534330 221.125900 0.518371 0.282170 78.454310 79.504950 79.504950 207869.799654 13095.874199
304.825805 228.509094 0.652882 0.338880 54.131595 68.312802 68.312802 16418967.699777 212.470411
479.317145 137.850568 0.846852 0.460171 59.528334 64.843966 64.843966 4047710.043362 1133.153416
479.097694 57.917195 0.743417 0.391542 71.419643 -1.000000 71.285514 6067.521296 -200303.001907
413.720661 392.675646 1.384303 0.246099 49.611568 53.301575 53.301575 3540930.636231 1648.226012
90.295849 60.773064 0.224021 0.408278 85.473673 88.679769 88.679769 1071412.857109 6427.963782
451.321966 190.382920 0.839714 0.294178 64.059416 66.385656 66.385656 1032906.392538 2669.940879
99.397358 345.959670 0.873303 0.399074 11.948871 35.429569 35.429569 32004506.803805 636.777052
423.466607 233.275421 0.877045 0.366601 66.018136 66.568296 66.568296 89725.680648 24372.387003
386.544606 180.030943 0.677991 0.333474 73.177127 73.547722 73.547722 34911.785679 35704.795418
574.077768 174.825886 1.147094 0.295353 55.403099 58.397785 58.397785 2005606.667759 2205.458452
186.836354 448.382228 1.248000 0.149283 58.404635 -1.000000 58.360331 2001.294832 -449226.596266
59.858319 94.852456 0.300941 0.512364 16.207787 41.423430 41.423430 11324449.001944 2802.392608
552.748609 86.440631 0.964200 0.382062 63.603933 64.194716 64.194716 103298.092821 17890.883364
88.333441 228.304272 0.472468 0.397432 62.486015 63.018883 63.018883 483566.684081 179173.181970
285.686605 324.433837 0.896746 0.330161 57.114672 62.065690 62.065690 4544102.371347 1473.478971
345.623856 356.902490 1.117087 0.309239 46.802200 55.900429 55.900429 13212404.165168 412.757955
599.316666 149.282563 1.179995 0.234152 45.295163 56.260667 56.260667 16166613.624200 124.955358
162.687628 329.877245 0.758215 0.214761 57.112430 62.703226 62.703226 6100329.898370 1708.992930
430.468434 282.215296 1.011537 0.194136 56.109905 60.751522 60.751522 3796442.701622 1073.738044
270.430260 419.106723 1.245971 0.300536 51.327258 54.720476 54.720476 3383712.583099 2230.112338
563.643940 74.354745 0.975856 0.299572 63.165385 63.839081 63.839081 130250.260410 15030.420114
346.859056 109.851890 0.538261 0.477253 60.221161 74.953999 74.953999 13129530.801092 197.573549
212.142026 474.657302 1.422461 0.270626 54.193767 54.529028 54.529028 85223.301875 34573.328377
166.073087 348.687610 0.841050 0.303913 59.012512 61.959437 61.959437 2647529.151552 3897.998852
498.974923 280.003648 1.183296 0.218241 47.855870 56.190707 56.190707 10874991.600943 332.564294
112.222073 272.279581 0.599211 0.480048 64.133392 65.146505 65.146505 836803.407437 22613.144198
248.752548 223.301959 0.585808 0.468167 60.367100 70.563627 70.563627 9326703.419098 512.676245
236.379447 498.942569 1.567852 0.082875 42.368859 49.786493 49.786493 10622811.161513 375.402801
525.916956 303.380917 1.322197 0.197795 53.859393 55.668029 55.668029 927753.501986 3848.718492
500.054404 307.916423 1.258085 0.144121 55.449950 57.066876 57.066876 691673.672081 4322.826831
480.944226 204.719122 0.942257 0.344256 65.486207 65.520376 65.520376 648.845571 418670.323747
96.461902 84.344516 0.228388 0.371097 90.827702 92.770667 92.770667 519229.380681 11052.426869
187.860510 383.311449 0.996084 0.301120 54.719632 58.175164 58.175164 3562099.539532 2835.015061
652.462862 253.037033 1.571843 0.138199 44.631225 50.945505 50.945505 7750117.716381 355.631813
176.341632 259.123398 0.609361 0.485808 57.125498 65.706305 65.706305 8925840.638816 915.819151
439.410838 162.554045 0.780667 0.368837 53.148661 65.460798 65.460798 14413354.153036 178.877081
124.682306 57.925800 0.136658 0.100745 110.238568 111.338622 111.338622 86746.128999 17556.740207
157.376942 116.593460 0.241566 0.204124 98.879949 99.536500 99.536500 52399.236782 28594.774195
109.714696 191.543186 0.409492 0.403764 51.313572 63.543111 63.543111 11913215.862117 812.365484
308.517224 344.992804 0.987372 0.187762 46.823063 58.736487 58.736487 17457412.447427 210.765933
79.893296 281.944064 0.530853 0.089633 50.962440 59.234794 59.234794 10096588.846584 1590.083471
221.897262 382.105106 1.035749 0.312444 48.535213 55.785943 55.785943 10300258.667273 851.594072
144.627625 41.875154 0.146243 0.108793 104.180699 107.984306 107.984306 694616.983222 3481.064823
375.258027 193.733476 0.718178 0.479852 61.576233 68.218552 68.218552 5178322.674390 894.429891
159.532298 382.895867 1.008482 0.357145 35.576473 48.960976 48.960976 25663046.633311 427.781025
119.597178 211.353563 0.454272 0.400830 48.166428 62.311595 62.311595 15246597.438119 550.331343
127.200667 49.381891 0.187265 0.252428 94.975705 99.630981 99.630981 1225657.170410 3130.413225
575.070184 51.419752 1.004759 0.394467 63.725439 -1.000000 63.630352 4302.735469 -247770.096384
173.261994 379.357374 0.938849 0.231707 64.167593 64.493559 64.493559 65042.488350 43411.186775
330.742343 266.343915 0.808489 0.480251 61.465821 65.587193 65.587193 2853662.697519 1827.017754
424.720401 202.732874 0.821707 0.428147 66.025861 67.439977 67.439977 434809.525376 7014.424344
459.100024 183.732555 0.838027 0.278465 67.506991 67.942097 67.942097 54515.645068 27246.567693
392.391789 228.940081 0.794209 0.267726 60.955910 66.278273 66.278273 4055336.453440 1177.361481
438.364003 58.622854 0.675377 0.486928 61.185931 70.011284 70.011284 7239711.721270 411.535360
475.859738 66.388128 0.746964 0.415608 69.488042 70.441041 70.441041 189397.113189 11361.614828
280.006955 240.614437 0.646976 0.448963 73.572623 74.205196 74.205196 97500.059995 21264.551050
125.925288 360.597807 0.864002 0.401110 62.943301 63.160174 63.160174 120079.087384 94884.558244
483.569950 20.383666 0.736208 0.338281 67.910379 70.030082 70.030082 756426.596522 3996.322233
154.788787 362.724395 0.894585 0.432959 62.510189 63.236414 63.236414 366574.992134 20245.499298
128.953101 473.962709 1.341446 0.270521 55.998227 56.033895 56.033895 6363.871064 432020.952184
299.911983 540.603478 1.891577 0.076333 47.464063 48.316422 48.316422 286286.317792 7585.051959
523.436090 209.406632 1.090075 0.382228 45.727101 57.371507 57.371507 17266376.075300 97.081122
509.372402 242.672579 1.131455 0.382367 46.629175 56.566208 56.566208 14143252.235246 242.204318
195.664281 354.901532 0.865521 0.233256 65.916374 66.409421 66.409421 108508.727866 27514.402229
49.383924 481.065196 1.348901 0.057317 29.459446 32.234952 32.234952 5259703.489544 25815.408142
158.626407 391.781945 1.022987 0.358411 51.287590 54.918642 54.918642 4697109.531427 2917.944855
111.410262 476.827074 1.329201 0.099912 54.786486 55.164255 55.164255 148484.663473 35267.059618
318.204319 295.512320 0.804735 0.072560 57.079560 66.693296 66.693296 8594114.655422 150.823663
220.598733 141.034341 0.358713 0.301481 84.372448 87.467131 87.467131 889416.361743 3734.288861
184.323312 235.536674 0.542070 0.501052 73.221956 75.448055 75.448055 925743.801336 5982.187875
160.953382 384.014790 0.975631 0.314879 56.543616 58.755773 58.755773 2037638.839991 5272.632186
309.175926 342.162411 0.985695 0.332124 61.806207 62.815688 62.815688 333178.420175 11535.795491
288.704062 272.342133 0.763231 0.457122 55.195752 64.421718 64.421718 10080345.953689 578.919672
532.003472 294.074336 1.292391 0.071332 56.086198 57.085655 57.085655 234560.508707 4564.197779
169.465012 359.528516 0.894342 0.434852 62.548295 63.466960 63.466960 454619.111534 15053.365473
251.749652 142.153175 0.423601 0.459620 86.425740 -1.000000 86.315899 2696.559951 -283830.177577
203.557748 205.396464 0.477828 0.451160 81.211584 81.893140 81.893140 94653.779804 22884.268718
214.584186 285.007135 0.635078 0.131838 68.677346 72.117912 72.117912 1839751.689649 3110.609109
209.282598 475.885555 1.436568 0.197488 43.231356 49.342043 49.342043 9905172.617505 960.257076
191.519593 372.469017 0.932378 0.165353 54.555663 59.856809 59.856809 5725298.176998 1500.195529
160.475148 390.330814 0.977472 0.292365 64.295298 64.340004 64.340004 2529.346174 350540.280885
119.879925 321.122575 0.678683 0.118670 55.248973 62.439428 62.439428 8573233.270058 1317.643313
347.831463 366.325599 1.137704 0.282948 58.887136 59.659818 59.659818 223136.120771 13389.496081
311.461833 87.098525 0.393865 0.206835 84.637299 86.640374 86.640374 414524.926722 5549.653435
93.885565 401.328290 0.994020 0.134075 43.265994 48.154021 48.154021 8401755.757983 2729.400754
567.723521 68.081387 0.993901 0.358145 60.989837 62.628379 62.628379 630968.595156 5097.403313
150.627906 386.573004 1.003275 0.303767 39.484027 49.862855 49.862855 19152701.706553 632.707545
138.318311 376.136442 0.960223 0.379956 47.626388 52.325996 52.325996 7229790.533798 2337.607375
317.568690 275.283403 0.801878 0.360705 50.916883 63.145132 63.145132 15745630.138801 220.731883
241.886822 173.508889 0.477450 0.506754 75.220777 79.230742 79.230742 1635780.424276 2389.356865
311.041192 206.872487 0.632632 0.473271 64.334887 71.000515 71.000515 4826830.024561 967.012308
509.387336 271.013984 1.151950 0.033150 60.192680 -1.000000 59.850224 19978.714032 -87461.002956
149.310293 173.436465 0.371301 0.363334 70.751608 78.799246 78.799246 5396854.819765 4445.147417
662.120056 205.634729 1.496751 0.265898 52.164247 53.243493 53.243493 420363.870128 7375.564238
149.233800 151.540384 0.325355 0.313090 68.411698 80.776054 80.776054 8893460.588156 591.745093
98.914441 26.972161 0.183969 0.300281 87.052141 93.345835 93.345835 2256474.793363 2476.821068
491.500755 298.840525 1.210054 0.184175 56.436821 57.942387 57.942387 627852.399615 5114.450485
252.109614 253.430339 0.629820 0.321456 67.101726 71.395182 71.395182 2698588.790989 19632.724858
83.019367 293.849270 0.600183 0.171999 50.077005 54.352311 54.352311 5719864.318862 4949.790437
289.781742 330.297924 0.902049 0.201263 56.601697 62.220912 62.220912 5299641.025129 1140.284823
251.744911 306.127193 0.791060 0.454277 69.177819 69.421016 69.421016 24921.095568 59284.584095
97.957953 135.859821 0.198545 0.085594 89.641207 95.343823 95.343823 2363689.969301 2668.942897
134.623226 218.017131 0.439060 0.314945 68.583376 73.984274 73.984274 4097262.145108 2363.647827
242.159603 381.944348 1.037133 0.224953 54.135308 58.486602 58.486602 4337532.974730 1710.317838
233.461522 340.315614 0.914067 0.422339 41.976380 56.490114 56.490114 24007417.241715 199.333687
423.914488 305.037156 1.080749 0.243523 48.680060 57.745072 57.745072 11979300.818853 337.032130
314.642942 302.386808 0.848674 0.286650 67.301055 67.620789 67.620789 37140.502814 40650.612752
252.116570 450.384393 1.344570 0.229018 56.205247 56.372734 56.372734 19753.856238 70625.248586
193.943899 492.008746 1.494468 0.251485 52.140323 52.738543 52.738543 260289.187380 18048.430171
201.882913 324.978650 0.754049 0.178354 69.924930 70.336158 70.336158 62688.828224 34511.251648
608.016561 232.900946 1.372439 0.261527 55.381822 55.782919 55.782919 69079.348533 23607.543217
446.890744 104.313196 0.697998 0.323826 70.502408 71.881098 71.881098 347325.017190 7527.425971
312.820012 396.332849 1.186697 0.167506 56.734585 58.144961 58.144961 621159.062251 6285.153428
295.222741 274.857965 0.788990 0.487141 47.838118 62.543208 62.543208 20093445.720313 152.687109
67.497898 355.035606 0.780640 0.070464 29.010719 43.263942 43.263942 21383397.035204 988.884493
116.296619 268.474631 0.533085 0.256841 72.106815 73.317278 73.317278 681004.291587 14959.108470
508.025529 343.462322 1.423897 0.219836 42.370687 51.793999 51.793999 15104751.426183 352.378738
179.750720 256.602933 0.558813 0.364844 76.264104 77.047800 77.047800 175431.889205 19882.294351
618.483546 133.963764 1.204469 0.167629 54.938868 57.671079 57.671079 1634257.206851 2226.838616
304.584950 324.625561 0.939447 0.349679 42.755696 58.365200 58.365199 25486889.445807 115.765709
494.641120 84.343245 0.800058 0.378748 69.572594 -1.000000 69.473662 3778.508139 -259662.840569
251.294481 345.091343 0.924280 0.370072 59.311187 62.119991 62.119991 2004117.755646 3414.782349
304.602085 74.731998 0.427132 0.435132 74.864227 82.222100 82.222100 3570021.023214 657.364846
113.204316 374.480961 0.866033 0.102530 57.160727 60.240925 60.240925 3007933.907473 3867.848611
499.979753 136.076739 0.877038 0.384773 65.674787 66.429509 66.429509 148469.196175 14102.547595
133.314160 116.828207 0.240361 0.252300 96.468578 97.756033 97.756033 195499.373307 14525.928729
276.481215 376.531526 1.039251 0.093857 52.008639 59.436513 59.436513 7843891.088453 461.500520
583.504151 314.766180 1.528331 0.196013 53.794250 -1.000000 53.774037 353.814272 -915141.429201
518.707220 241.260215 1.129314 0.318759 59.859199 60.338316 60.338316 84370.918770 21705.894394
55.882924 334.194799 0.694070 0.064413 42.141633 46.494802 46.494802 5972442.537711 7887.805994
315.336721 160.594864 0.491576 0.189736 77.723392 80.295530 80.295530 795635.291855 3857.440293
238.426320 310.757279 0.753687 0.208885 69.777735 70.292348 70.292348 85577.616863 26116.454833
301.922364 209.032415 0.585618 0.331437 77.612891 -1.000000 77.446115 8421.416098 -172290.780234
88.802161 286.622746 0.607414 0.226815 34.617930 47.207571 47.207571 17710579.909675 1083.949531
174.985825 320.274871 0.749972 0.404223 68.786837 69.357532 69.357532 154170.936672 26324.139725
135.569781 391.611911 0.967077 0.149809 50.331582 55.709110 55.709110 7324909.515614 6813.575845
573.902394 98.745702 1.038519 0.302139 54.857960 60.060974 60.060974 4602151.723374 945.614023
101.101588 419.752227 1.052359 0.126603 58.552415 58.914593 58.914593 210388.090958 47187.258929
134.053229 196.292606 0.430992 0.414191 45.778379 65.856183 65.856183 21127812.776069 210.758835
238.545905 379.221854 1.019000 0.251800 58.958485 60.763196 60.763196 1034826.960247 4810.140935
605.772430 219.257024 1.330535 0.254275 56.290599 56.607176 56.607176 43980.452618 31555.590667
521.125174 246.022430 1.156918 0.271982 45.262795 56.252135 56.252135 16469180.029678 138.045852
223.231316 103.931489 0.312039 0.298222 93.354162 93.840237 93.840237 29333.351219 34211.882230
298.946851 357.381778 0.995563 0.131886 64.042761 -1.000000 63.989098 1614.761268 -417288.787004
117.843804 265.105872 0.556483 0.460346 75.422522 75.496488 75.496488 21332.450411 387712.674927
274.067459 175.264756 0.452172 0.196094 83.660996 84.162095 84.162095 44595.193801 29785.144034
320.795632 330.198166 0.945247 0.210689 63.000430 64.043995 64.043995 314010.164742 9923.926833
390.401421 469.555391 1.676708 0.138750 49.314323 50.550866 50.550866 578499.750566 6997.628024
197.078139 554.000518 1.831416 0.054755 45.873125 48.195319 48.195319 1566327.310619 2216.870333
193.684133 220.233962 0.457892 0.184237 64.773817 76.008876 76.008876 9930451.596771 555.604242
67.021779 201.089888 0.379016 0.241064 52.243150 54.991883 54.991883 2728883.542592 21912.603820
284.059116 290.066007 0.792420 0.373885 57.163566 64.209125 64.209125 7056315.297267 869.266982
126.986718 42.529392 0.268148 0.552430 69.514278 85.157373 85.157373 7377152.085093 347.622066
118.239819 350.098814 0.850422 0.313347 38.890453 48.236306 48.236306 16101413.281332 1174.489896
512.190690 293.044396 1.275734 0.350315 49.515727 54.759713 54.759713 5765361.689122 969.457202
236.861269 441.150837 1.284578 0.279551 57.625619 -1.000000 57.558174 4412.336777 -293003.674030
143.947764 424.223529 1.131989 0.326872 56.037455 56.817972 56.817972 560350.487149 17635.214479
67.654878 11.361608 0.179791 0.276659 50.405346 67.416189 67.416189 9333608.384952 975.972721
446.159309 215.734354 0.890068 0.411992 17.256022 -1.000000 67.065765 88563192.821009 -149.203926
239.869792 427.983535 1.219413 0.183387 57.268448 57.925643 57.925643 196649.801143 16594.320289
122.432131 362.349264 0.934983 0.451873 35.164609 44.577798 44.577798 17000485.069016 1097.215693
392.188369 185.149767 0.675557 0.166259 69.461853 72.071401 72.071401 1011342.649651 3252.378485
280.190769 10.393843 0.281604 0.104931 93.396485 95.549576 95.549576 332304.533599 4992.668355
335.178416 178.917417 0.592400 0.365327 71.718044 74.791465 74.791465 1261000.350954 3006.998318
572.201575 147.382165 1.107794 0.404158 56.184074 59.159519 59.159519 1948263.142068 2419.761758
624.585948 76.253472 1.174135 0.325295 58.647648 59.283139 59.283139 137732.586873 15259.147753
44.948867 49.114674 0.166373 0.203343 53.063919 56.575886 56.575886 1916817.777708 39366.150655
267.432309 209.500840 0.519521 0.199318 71.025435 76.668664 76.668664 3355787.264844 1328.778078
102.724850 188.514974 0.396500 0.443551 69.176223 71.977652 71.977652 1923704.381888 6889.864296
598.361200 165.470124 1.197787 0.259527 57.427114 58.483738 58.483738 338473.411414 6838.619904
420.677999 195.298599 0.748392 0.131132 71.350848 -1.000000 71.250166 3402.635723 -266723.206689
417.256158 311.788276 1.062374 0.148549 62.295384 -1.000000 62.181451 6030.939453 -206555.761296
413.598939 272.320982 0.974850 0.361313 50.609824 59.832698 59.832698 11550256.676593 236.443416
207.394414 112.433503 0.265937 0.141876 94.187328 96.275663 96.275663 357745.158902 6339.664467
180.693030 492.349027 1.467337 0.128041 53.420858 53.817960 53.817960 102113.571953 27443.911419
217.177875 49.634684 0.303814 0.440040 87.839003 91.861175 91.861175 928955.672298 2302.001123
617.106069 163.305839 1.276833 0.331541 41.872901 54.026688 54.026688 20392159.881510 101.043292
114.444447 461.438827 1.333084 0.255843 26.502639 37.739183 37.739183 25820772.079637 688.409842
124.303611 314.970222 0.677236 0.152535 44.227958 57.969504 57.969504 20469259.404136 452.566096
128.301006 427.645365 1.091768 0.059950 58.389724 59.653000 59.653000 526943.387471 8319.298622
114.659419 24.124968 0.236556 0.488296 87.879205 92.620587 92.620587 1227001.926588 3053.907712
137.810300 460.263168 1.302716 0.184835 38.969544 46.427103 46.427103 14827240.852864 966.677319
235.417069 494.148781 1.549053 0.245539 52.743033 52.951983 52.951983 35522.029959 53399.661547
108.943163 271.962548 0.543104 0.288424 73.407481 73.784355 73.784355 177828.056300 60089.996502
661.508302 97.102819 1.325327 0.330242 53.962527 55.647464 55.647464 838681.528479 4463.773253
182.996741 226.928509 0.540094 0.498060 53.502892 67.711322 67.711322 15248373.347683 358.328309
63.338852 90.743344 0.207589 0.229189 46.029556 60.308538 60.308538 9255329.725351 1753.614714
222.367443 179.058260 0.423369 0.332977 84.912873 85.515258 85.515258 63533.659777 26288.506255
140.090249 398.154631 1.016854 0.422678 61.667072 61.790411 61.790411 35368.773498 134224.748811
657.632503 77.761839 1.274310 0.204903 57.949125 -1.000000 57.879770 2755.404025 -309089.979632
282.917928 62.549162 0.308005 0.105245 78.408086 90.912299 90.912299 6941701.287986 139.031683
119.000603 347.258637 0.858127 0.340234 21.539190 43.375593 43.375593 36470367.455234 200.736148
413.233390 250.628250 0.868860 0.147912 65.717101 66.628352 66.628352 195795.172334 10966.484214
524.800912 232.442515 1.110055 0.217653 61.387712 -1.000000 61.353578 724.077032 -631111.706889
76.626224 302.767929 0.672624 0.300396 44.846631 46.167694 46.167694 1897285.475228 72146.760496
190.039223 207.967414 0.489152 0.485455 70.929418 75.928063 75.928063 2893784.979372 2089.922426
72.334935 213.563963 0.311704 0.043486 91.181384 91.794492 91.794492 88176.712755 35045.079010
231.032784 337.951956 0.832748 0.157727 65.938495 67.012101 67.012101 324196.919512 10919.322680
84.231147 105.379887 0.221669 0.247215 70.247062 78.152552 78.152552 4925725.152897 2181.635752
84.789393 305.385887 0.716486 0.376292 28.259977 38.607867 38.607867 14682872.030211 2529.012126
355.098286 100.124491 0.453040 0.080168 81.726742 83.604755 83.604755 343019.536284 4694.177156
258.730660 376.191625 1.026762 0.248137 61.916773 62.394681 62.394681 99114.150543 25284.503693
137.077958 475.447482 1.346799 0.136891 53.033955 53.955954 53.955954 576003.724597 12594.654926
508.087162 10.124502 0.797245 0.368885 69.666659 -1.000000 69.566906 3787.674255 -257722.601555
149.427521 375.999075 0.922280 0.255859 58.699252 60.563000 60.563000 1525820.802136 6778.287337
107.494349 304.542597 0.711487 0.484270 53.006817 55.019303 55.019303 2510631.204330 11487.100555
199.456232 169.914212 0.426909 0.525286 81.992087 83.623043 83.623043 345725.001121 8389.255507
399.091465 54.855421 0.568720 0.409136 75.337360 77.074109 77.074109 414705.771183 5835.587734
453.219415 215.877457 0.884253 0.204984 64.398337 65.773981 65.773981 423631.953623 7107.442413
158.607352 277.944854 0.618946 0.500656 75.116711 75.330002 75.330002 26467.489416 82603.833076
261.615997 243.230595 0.640772 0.494619 70.941625 72.837266 72.837266 664859.979993 6083.121069
199.401249 329.429380 0.822787 0.427850 59.539871 63.002731 63.002731 2945839.103395 3021.465917
290.694604 310.677161 0.814832 0.095702 57.973261 65.604785 65.604785 6741485.754556 542.492837
126.087950 351.052143 0.781387 0.083331 48.910130 59.958850 59.958850 14925714.653258 477.832966
268.963278 230.460449 0.609976 0.487352 77.015731 77.023492 77.023492 34.729489 2301752.509245
46.646869 474.122244 1.272513 0.002810 52.695641 58.233958 58.345299 6208461.566094 -851.244811
495.612341 109.733617 0.805718 0.167317 58.589706 66.248996 66.248996 6728197.412744 464.012425
133.630972 100.884803 0.238623 0.284729 87.311194 92.738811 92.738811 1978921.895746 2475.812132
97.341787 344.870909 0.848707 0.416953 42.587371 45.521867 45.521867 4781713.705693 9898.238912
151.937054 369.424807 0.928310 0.381339 54.745000 57.608854 57.608854 3207371.206474 4074.720133
263.283539 353.572015 0.938600 0.171954 60.911575 63.077144 63.077144 1148422.636833 4581.877285
97.881310 388.661581 0.958075 0.214108 48.685878 50.566058 50.566058 2893754.120768 10732.861689
64.195457 374.984025 0.963103 0.307348 16.814345 25.858126 25.858126 12649465.807391 8827.789814
231.942842 461.132877 1.365485 0.174902 56.174588 -1.000000 56.096135 5372.402923 -252360.163307
406.241462 467.015187 1.695555 0.146948 51.321328 -1.000000 51.249302 3940.499876 -270706.924519
123.411076 236.374113 0.441158 0.201837 75.090490 77.678061 77.678061 1460790.204327 6140.913174
427.625666 170.379786 0.706327 0.074674 72.790321 -1.000000 72.613930 7196.952287 -166926.439237
542.313133 110.233163 0.957686 0.297128 54.929795 61.642961 61.642961 6524622.676783 631.331874
104.948501 272.899224 0.578999 0.389742 65.385537 65.973146 65.973146 480849.688793 52330.791347
250.869380 339.593243 0.851202 0.090072 67.997492 -1.000000 67.917722 2679.927761 -310920.541056
185.263499 464.751373 1.334519 0.209859 56.477833 56.581422 56.581422 10625.598143 124898.024044
195.139123 187.805269 0.384038 0.177802 77.289538 83.308650 83.308650 3206367.942524 1570.579784
122.518583 289.203571 0.586638 0.235979 73.208783 73.872389 73.872389 252980.975099 26986.418363
216.156718 280.957334 0.653702 0.296980 70.446715 72.114533 72.114533 639377.123984 7498.299158
452.475812 188.458277 0.859613 0.412046 60.655701 64.783964 64.783964 2775710.806627 1817.069770
247.223901 301.111638 0.744501 0.277479 70.080540 70.586885 70.586885 83826.704965 26879.814216
274.505071 184.304230 0.496560 0.286191 71.630393 77.626158 77.626158 3493617.895643 1224.919027
188.526455 314.373383 0.797018 0.480116 33.944472 55.646920 55.646920 35933254.962172 35.928852
476.935399 77.998290 0.737788 0.229114 57.133848 67.738526 67.738526 10796691.368931 276.143424
561.224618 148.647290 1.064048 0.332568 59.431030 60.975628 60.975628 609462.655269 6038.121942
289.158601 50.369967 0.377582 0.397087 86.016397 87.848283 87.848283 303959.000292 6789.031068
166.227864 414.331475 1.079923 0.125628 51.332821 56.243380 56.243380 5732663.148280 1638.943816
105.176342 186.436714 0.392958 0.444233 69.773543 72.825154 72.825154 2047190.168045 6219.248062
135.938405 302.077886 0.652276 0.298539 67.904024 69.299265 69.299265 818846.497881 11185.903285
268.705122 289.974890 0.749383 0.346460 70.003499 70.487676 70.487676 75059.754424 27932.336148
