141.155706 302.303094 0.677990 0.315187 55.366239 61.483026 61.483026 7288534.640716 1734.761281
179.246723 467.784309 1.384519 0.255391 38.293275 46.855733 46.855733 17401398.988809 629.402830
534.174535 222.083700 1.130082 0.255133 47.596883 57.103270 57.103270 12885457.603547 251.044107
134.191414 285.366463 0.666541 0.486159 49.746279 57.430108 57.430108 9877559.645780 1352.354139
319.077470 132.406989 0.467135 0.236667 75.363153 80.410215 80.410215 2354650.890591 11077.150917
331.057001 146.874734 0.517064 0.305959 78.842043 79.953981 79.953981 191612.492351 11057.503429
167.649903 144.556051 0.273388 0.141201 87.118005 92.353062 92.353062 1980890.565463 2139.295138
173.318223 486.714133 1.464628 0.177182 32.074964 45.285946 45.285946 30181235.468382 216.833531
166.556642 106.619677 0.259735 0.277136 94.125259 96.053431 96.053431 328931.736073 7955.969127
428.472225 313.820981 1.113976 0.321085 61.277804 -1.000000 61.242046 899.384971 -602444.844623
191.715846 207.193826 0.446958 0.329162 82.237131 83.174893 83.174893 168194.344377 16631.317193
506.351268 360.412558 1.483699 0.226107 44.376416 51.210568 51.210568 9557793.581611 462.778964
372.034740 137.853086 0.567539 0.247614 75.861172 77.297569 77.297569 319615.902546 7716.952461
149.554857 212.590024 0.454878 0.438362 75.401046 77.996747 77.996747 1206522.088793 5793.098400
411.088517 233.902776 0.857045 0.398471 66.011090 66.841035 66.841035 182269.844844 13198.326765
188.986185 259.824099 0.626275 0.492529 52.159208 64.366900 64.366900 14375939.325817 404.777781
185.836346 200.629705 0.360010 0.043807 90.846918 -1.000000 90.734469 1763.819791 -314043.943289
207.113523 214.707644 0.517059 0.503600 74.474140 77.115515 77.115515 1029594.803195 4502.321819
279.714380 369.207989 1.052380 0.384643 58.773643 60.333152 60.333152 802151.146176 6283.116192
200.062657 339.286280 0.825726 0.306102 65.980723 66.832129 66.832129 277597.205174 15440.283495
647.940966 168.180711 1.340854 0.000357 54.628776 57.848009 58.119598 28614710.783143 -2765.219644
120.563987 182.366561 0.377447 0.402628 74.471051 78.078480 78.078480 2055967.591152 4444.141397
76.833999 34.513010 0.239017 0.521238 81.818183 83.420978 83.420978 517574.409554 21233.534445
161.539592 409.202268 1.127729 0.397997 37.534167 47.456840 47.456840 19539809.749555 574.693092
243.584664 217.776130 0.546795 0.379070 66.435989 73.558947 73.558947 5222510.547785 1008.828807
453.872833 345.252823 1.299873 0.299144 46.865090 53.730829 53.730829 9116797.954884 525.810886
220.786668 291.428801 0.683971 0.233677 65.379913 69.170023 69.170023 2526776.441744 2590.621029
140.547812 103.495578 0.250582 0.302789 85.636170 91.632954 91.632954 2302169.982318 2050.640177
98.067569 454.564802 1.229924 0.078822 25.664287 43.219022 43.219022 35756521.745616 194.499279
93.122044 239.264237 0.539276 0.503496 48.144908 52.910977 52.910977 5386063.461021 5109.883761
305.671582 213.254701 0.632154 0.514280 74.482271 75.033581 75.033581 68857.385847 24379.709207
115.761121 440.510558 1.243018 0.284015 20.398508 36.969039 36.969039 35189630.644145 421.161555
90.853516 41.901374 0.218937 0.445377 94.899383 96.017389 96.017389 190903.679689 21041.642867
159.631009 331.284048 0.802172 0.323253 37.054543 54.088583 54.088583 28798438.607787 255.998953
198.922682 299.056444 0.662342 0.167211 73.532651 73.891330 73.891330 43216.400176 41728.291831
57.151801 8.056150 0.202196 0.357631 58.144666 63.098127 63.098127 2497495.941796 13028.593595
134.470691 58.202820 0.277627 0.560792 79.432541 87.979493 87.979493 3101798.511637 1046.665189
152.166753 403.333099 1.050458 0.338032 56.445338 57.773435 57.773435 1089111.325185 9798.603222
159.305289 192.827933 0.370926 0.199014 73.607653 81.174295 81.174295 5023792.099962 23709.765153
89.068677 299.625494 0.577791 0.085354 64.515601 67.524321 67.524321 2570590.959038 5308.481967
605.453681 51.851192 1.114128 0.380225 49.091616 57.583062 57.583062 10655308.195690 344.357499
187.574478 447.114046 1.274625 0.174372 29.630089 48.583834 48.583834 41744272.001372 74.877425
112.360730 234.872859 0.438022 0.247831 78.932861 79.813124 79.813124 347731.859143 22457.249539
339.882408 313.595380 0.961823 0.432337 57.162491 61.189078 61.189078 3273437.812360 1879.665132
315.659296 214.988167 0.580373 0.088726 70.079530 75.453782 75.453782 2759069.435810 1005.316299
230.929296 511.399275 1.640143 0.148648 44.347545 48.489449 48.489449 5354279.511952 1438.110806
313.925650 281.761850 0.790409 0.278101 63.851413 66.919044 66.919044 1754493.280361 2923.706551
352.154083 173.374402 0.556862 0.080103 69.665139 76.706197 76.706197 3921184.125598 502.772053
401.191549 92.153247 0.601440 0.382592 68.056306 73.696859 73.696859 3300210.974930 949.478228
537.801822 25.907691 0.883081 0.383152 67.104900 -1.000000 67.044969 1665.998035 -404095.352871
647.265437 52.987027 1.224036 0.195640 55.288458 57.461470 57.461470 1141461.593141 15007.444921
199.367691 296.120459 0.704149 0.392817 65.140344 68.009656 68.009656 1837766.460776 3862.965095
402.581579 275.573650 0.927635 0.236375 64.748072 65.232421 65.232421 74789.035010 23618.415660
334.837667 196.237827 0.644331 0.510938 73.453818 74.271844 74.271844 134831.768049 15114.331565
144.949457 319.598863 0.693799 0.218221 70.134441 70.833932 70.833932 225937.538039 22578.095260
104.250361 142.603213 0.298271 0.391531 85.708930 87.114558 87.114558 454855.787219 14996.702338
229.819154 349.740896 0.937202 0.408273 47.925852 57.197225 57.197225 13443879.753033 631.070423
312.471858 209.197818 0.605678 0.301369 69.192066 73.399228 73.399228 2279309.588550 -6299.663512
161.378553 297.971851 0.633094 0.217956 74.157758 74.557945 74.557945 66683.853018 40309.507219
632.354439 3.754098 1.182287 0.363360 52.980917 57.207028 57.207028 3640255.367693 1437.094389
135.331050 349.740818 0.809638 0.361248 68.709876 68.756164 68.756164 4540.888796 386426.837654
595.574863 182.778544 1.204810 0.138178 59.272111 -1.000000 59.181656 3951.566462 -250851.539888
95.192395 328.554588 0.822843 0.460309 19.340344 35.781067 35.781067 23308456.035269 1333.476695
93.668941 204.460142 0.406295 0.269594 23.336470 53.785302 53.785302 30057650.364440 261.239310
469.066177 379.416206 1.462971 0.239416 45.448093 51.500688 51.500688 7980889.378188 611.408159
108.562014 282.005099 0.633116 0.434776 53.820792 57.255911 57.255911 4106979.668294 4925.269369
81.938458 249.494034 0.547618 0.435316 49.731424 51.357191 51.357191 1887794.931701 45822.000686
168.691761 389.660718 1.045421 0.371723 34.947590 48.869250 48.869250 27248299.013861 309.460291
268.753558 254.557071 0.680987 0.443576 61.126982 68.003794 68.003794 5900593.832521 957.670741
280.844065 261.675194 0.684322 0.243048 51.940104 66.778600 66.778600 18696563.294086 158.381394
162.399650 293.141585 0.649774 0.376287 71.949259 72.636477 72.636477 196376.419220 23104.444179
204.428892 305.175536 0.687682 0.163798 72.342584 72.778820 72.778820 61592.402268 32891.828334
192.732043 308.349292 0.721613 0.291028 62.220792 66.293389 66.293389 3324130.755653 2661.188624
108.220216 301.476918 0.703497 0.482355 52.019184 54.613672 54.613672 3297717.460246 8067.194584
474.679573 334.235958 1.290459 0.262559 12.893903 -1.000000 57.820591 96740499.356507 -147.291447
439.291293 29.436772 0.619042 0.242790 67.220828 73.130145 73.130145 3685375.523654 1111.944925
275.132599 349.677041 0.983951 0.349663 46.939534 57.342904 57.342904 15463177.882906 407.467829
110.846185 345.707540 0.827316 0.415779 56.141110 56.690757 56.690757 626659.282219 62558.029489
106.060755 242.449985 0.477795 0.278680 65.030029 68.301664 68.301664 2916858.170019 5109.934685
392.878664 240.216049 0.810984 0.181982 55.194995 65.042093 65.042093 10623147.880312 691.246938
570.305024 228.763048 1.233411 0.168882 56.794073 57.861687 57.861687 332349.668479 6325.394714
409.021375 91.166463 0.626130 0.500336 76.162199 -1.000000 76.104451 1106.497621 -472161.637088
131.014261 492.531525 1.464105 0.185663 39.533548 44.708958 44.708958 10282507.308902 1668.871520
535.950995 316.625480 1.409081 0.264100 47.911820 52.809714 52.809714 5429169.961090 982.133292
150.132813 278.449361 0.568020 0.141659 53.915868 67.024983 67.024983 15813110.204103 481.837195
46.042004 496.387181 1.441774 0.067677 20.693427 25.554823 25.554823 8940618.471971 17780.635609
300.728239 277.973880 0.726965 0.103897 64.075322 69.149558 69.149558 3215265.860433 1187.501302
118.197437 382.182040 0.922427 0.270505 61.855658 62.075506 62.075506 117965.404216 87917.051057
195.035083 380.304408 0.989904 0.419746 62.455192 62.860717 62.860717 102327.305263 33672.684661
94.279342 162.950372 0.269319 0.187308 89.173077 90.323934 90.323934 385374.429450 19741.543278
63.389114 231.411717 0.391372 0.086257 41.033288 54.269569 54.269569 14058754.807247 1154.878965
83.420445 309.583083 0.636253 0.162422 60.265885 60.799827 60.799827 572671.698451 91859.147909
242.811304 225.116391 0.503933 0.113987 68.126067 76.955276 76.955276 6406784.391738 586.754344
493.431100 250.030891 1.072965 0.234350 61.531968 61.832228 61.832228 34359.457071 37460.641807
537.395490 247.318565 1.182207 0.186359 59.663247 -1.000000 59.547655 6676.858132 -195253.650019
639.904770 298.535958 1.648825 0.029803 51.821989 -1.000000 51.495094 21398.061287 -84420.434577
398.116067 415.274544 1.451482 0.241663 46.155220 51.540325 51.540325 6833602.855994 840.874002
394.203237 107.455795 0.553144 0.130287 70.183975 76.426857 76.426857 3535365.809284 789.449656
51.934507 159.281713 0.241409 0.100760 60.807241 63.531881 63.531881 2144522.168349 23514.483863
601.983423 75.263331 1.111850 0.330122 49.283168 57.708793 57.708793 10491385.024654 352.188077
114.320495 308.022892 0.665960 0.272640 61.145851 63.298208 63.298208 2112523.363981 7499.930106
118.336370 527.890276 1.652836 0.168558 36.660961 41.326033 41.326033 10218320.049436 1668.509796
598.481823 270.918613 1.443319 0.190649 50.392242 53.265696 53.265696 2131118.278567 1551.777850
167.921092 159.344957 0.327535 0.228290 69.094636 82.662551 82.662551 10208004.632971 209.520471
115.206231 463.807027 1.293673 0.153687 45.000537 48.261940 48.261940 5283673.164299 3427.882390
535.820316 1.447751 0.870869 0.354991 67.345834 -1.000000 67.234918 4975.323388 -226696.928787
308.812629 257.232718 0.755997 0.470959 51.972061 64.398288 64.398288 15100329.173645 211.114238
556.413129 166.479980 1.045361 0.091491 62.866060 -1.000000 62.813444 1169.355892 -454733.643956
119.903156 491.753495 1.444988 0.155187 41.089343 45.326725 45.326725 7901979.805913 2229.155207
85.878130 127.180548 0.288838 0.444023 83.118296 83.332097 83.332097 79274.664961 420297.618829
337.492883 123.345942 0.478482 0.193636 70.824959 79.091079 79.091079 5308167.000974 646.616027
396.489765 414.662857 1.441436 0.188504 38.301902 50.863592 50.863592 23669120.408665 97.795213
341.221816 170.947512 0.558253 0.221976 76.820767 77.944402 77.944402 210615.453587 10483.648327
61.037850 105.207849 0.196725 0.159442 41.453479 59.956068 59.956068 12449432.322101 1033.906773
148.931182 204.033539 0.355390 0.107314 83.640751 86.727662 86.727662 1090628.263278 4310.651345
247.616870 373.883244 1.006087 0.157805 41.691176 57.071546 57.071546 25948250.010786 28.289795
245.536919 293.813754 0.756206 0.473473 66.593619 68.309367 68.309367 722077.331630 6740.178836
357.688320 306.092417 0.940654 0.273834 61.967860 63.635319 63.635319 699360.757435 5793.566860
282.258945 341.608559 0.926977 0.178406 56.634044 61.801366 61.801366 4691383.983091 1258.610689
439.580733 12.464355 0.629801 0.304299 61.642630 71.719937 71.719937 8764776.460320 271.316465
102.616064 296.239719 0.607470 0.178247 56.674796 61.300973 61.300973 5474518.146571 3078.671990
152.776820 380.353249 0.936661 0.320099 64.464166 64.630586 64.630586 28832.601806 93508.256389
255.049640 195.959617 0.462123 0.141888 68.449196 78.757131 78.757131 7759914.516436 450.995648
602.880838 225.706314 1.355005 0.283696 39.021912 52.708908 52.708908 25174126.879960 21.576236
385.327402 345.659664 1.132922 0.259369 57.026417 58.920544 58.920544 1000115.911131 5480.278113
397.884327 69.637477 0.494249 0.000909 78.492932 83.231012 83.489310 11773265.591797 -1885.911532
514.515103 54.485136 0.832100 0.334575 63.181867 66.330423 66.330423 1656736.371199 2193.719372
126.854545 3.035906 0.178744 0.276169 104.334102 105.391718 105.391718 89424.649491 18299.074156
49.383371 92.150116 0.191958 0.183192 47.587821 54.851292 54.851292 4532834.735829 8920.253790
159.889536 89.428927 0.200001 0.136732 93.340287 99.595651 99.595651 2014852.183208 1651.426297
561.686301 131.201023 1.029841 0.231853 56.756168 60.767662 60.767662 2924576.967257 1166.195021
137.385405 272.267484 0.526256 0.155581 78.255890 78.839519 78.839519 117321.857470 29541.690194
246.657372 275.767732 0.718195 0.495019 61.369112 66.697670 66.697670 4329707.678846 1524.367261
148.990188 272.134396 0.574797 0.234551 53.972174 65.017678 65.017678 13365862.857448 688.951612
253.505759 149.027989 0.433751 0.387962 68.117767 79.472237 79.472237 8051698.607959 392.283464
194.096066 351.730005 0.909633 0.430314 50.870315 57.422980 57.422980 8669555.537987 1185.279966
98.146802 81.610544 0.186518 0.233971 97.436561 99.356784 99.356784 440641.018362 11080.813011
524.520806 170.362499 0.997505 0.397472 63.929511 -1.000000 63.846972 3403.784094 -283282.973076
104.700714 33.843844 0.183994 0.269645 70.224939 87.762339 87.762339 9509662.081342 383.577371
398.261428 135.022084 0.614652 0.224615 70.851925 74.138781 74.138781 1406465.337553 2762.131992
75.394239 232.481528 0.401240 0.114214 58.641920 64.205323 64.205323 5707765.142817 3559.731871
412.054063 166.778377 0.741162 0.465388 58.773145 67.218385 67.218385 7649427.565418 473.754905
330.556098 387.504524 1.191016 0.223662 54.158737 56.971510 56.971510 2100903.172275 2605.190353
304.539568 253.609205 0.715295 0.334788 53.502665 66.010538 66.010538 14888083.701834 269.019761
107.969182 379.952243 0.972417 0.430138 49.066181 49.854844 49.854844 1181379.050137 50776.836416
458.126921 68.523022 0.719001 0.439598 61.152260 68.611702 68.611702 5969971.800162 497.289889
611.765427 218.418140 1.361269 0.279224 48.751483 53.726619 53.726619 5311198.008441 835.296197
513.391127 52.666956 0.823742 0.333046 66.604854 67.756145 67.756145 289925.814911 9312.422245
186.514705 290.481838 0.713184 0.496076 50.269851 60.935950 60.935950 13711881.110279 585.160157
493.790252 31.363975 0.774747 0.387566 65.081421 68.166429 68.166429 1497055.263767 2703.159471
119.838503 342.947091 0.833658 0.352480 39.439122 48.530416 48.530416 15328643.056261 1002.242724
124.515901 362.504834 0.876208 0.360927 58.374844 59.377511 59.377511 938710.376843 16945.949172
189.204512 157.019549 0.392717 0.432121 59.438381 77.892821 77.892821 15678825.305673 135.636368
341.706064 173.975570 0.600247 0.409961 73.459067 75.294564 75.294564 518882.418154 5693.097725
163.928780 107.115223 0.293228 0.393872 81.678762 88.680242 88.680242 2854157.616135 1390.807182
91.510659 290.506314 0.573112 0.146394 60.847728 63.682487 63.682487 2976142.394958 6209.779809
306.633299 283.162866 0.787598 0.343002 67.551726 68.584817 68.584817 277236.090226 11177.580137
217.030203 365.947906 0.963924 0.273928 42.969477 55.746933 55.746933 21435330.597289 302.666188
86.199985 432.356811 1.173015 0.223651 33.406527 37.621331 37.621331 8808615.109661 6065.642621
231.473456 314.477809 0.821842 0.452868 50.749718 60.415312 60.415312 12602040.444358 615.842807
370.864961 331.301234 1.079591 0.376894 48.514134 56.973771 56.973771 11398659.269015 510.407737
66.496400 441.521945 1.273730 0.341793 11.528352 21.696732 21.696732 15116857.523682 8967.325164
568.216326 133.549246 1.044847 0.198503 59.942376 61.546185 61.546185 605524.693790 5889.481296
71.561271 304.823080 0.577223 0.063999 70.369826 70.847583 70.847583 263056.813115 55134.999755
242.495104 301.029211 0.722811 0.127060 57.252158 66.821093 66.821093 9911420.928525 472.868997
343.047821 276.409724 0.817698 0.211449 58.566709 64.967668 64.967668 5725110.576325 879.049237
437.245880 331.589416 1.215357 0.336678 48.269882 55.137474 55.137474 8757616.382578 595.493143
119.190808 512.450463 1.522021 0.088252 53.340602 53.436725 53.436725 11667.093028 130834.420597
98.072442 266.316915 0.593667 0.491294 57.973951 58.776654 58.776654 836669.702014 69373.308773
322.257828 252.564151 0.737379 0.355185 63.159742 67.812128 67.812128 3241201.746528 1601.358293
161.655891 504.485865 1.528098 0.211573 51.316825 51.900083 51.900083 295291.278924 19423.983139
628.465804 62.261410 1.165042 0.247917 60.248699 -1.000000 60.232844 188.086014 -1352777.160829
175.692188 309.643307 0.736922 0.436187 61.837734 65.039901 65.039901 2586676.891476 3537.757625
351.442450 22.930650 0.451122 0.302074 71.175655 80.557415 80.557415 5889070.085044 387.872476
499.832903 96.167357 0.848932 0.437724 53.135556 63.767019 63.767019 12078306.814110 230.066604
316.606445 280.220382 0.757872 0.123166 71.061236 -1.000000 70.989694 2027.629857 -360700.395459
268.413066 354.730226 0.961425 0.204565 55.098420 60.424161 60.424161 5291538.934157 1266.141899
362.398532 70.033326 0.480144 0.253070 76.471459 80.413191 80.413191 1529434.300486 2044.817202
94.619289 249.391093 0.505510 0.301635 58.379690 61.474338 61.474338 3295957.854788 6897.699688
128.186493 422.794167 1.109279 0.224576 52.488966 54.308357 54.308357 2077055.321539 7297.426937
88.999451 263.780511 0.586221 0.349279 4.351880 39.887246 39.887246 30946118.070604 579.601329
495.363728 163.968827 0.915900 0.440760 64.824753 65.436841 65.436841 107366.561899 17972.914257
169.762545 326.279136 0.729042 0.205328 71.902830 71.966798 71.966798 2767.848194 262849.090399
441.367183 373.917022 1.369332 0.273952 52.730042 54.550757 54.550757 1067902.731430 4111.181733
94.252487 140.183951 0.350837 0.501453 25.965041 56.752230 56.752230 22818507.143924 335.067303
71.797997 491.482171 1.444623 0.126259 21.288473 29.912266 29.912266 18563304.513517 3130.600718
551.572474 353.642431 1.575196 0.235252 52.996303 -1.000000 52.933534 2979.423053 -313320.566722
365.965317 93.832851 0.544252 0.417895 62.700659 74.959749 74.959749 10247119.186416 172.243317
419.610030 125.431150 0.662213 0.326494 71.877353 73.247336 73.247336 330947.879074 7668.269670
436.765243 116.944998 0.672212 0.199449 66.455809 71.317353 71.317353 2862209.437440 1255.725551
145.823660 245.306460 0.512330 0.365764 72.977041 75.119672 75.119672 1102874.938258 7138.075850
389.950275 394.345659 1.309882 0.064782 57.405222 -1.000000 57.381777 304.069099 -904011.354294
70.821569 54.917977 0.180547 0.241758 61.561302 73.066524 73.066524 6691323.601212 1683.611057
239.902710 112.696909 0.294142 0.103633 86.787514 92.600203 92.600203 2005760.403331 1181.913216
417.530770 318.050825 1.099108 0.287749 12.854433 -1.000000 61.729688 96526863.097956 -180.860707
406.248631 454.228562 1.641816 0.199709 48.789362 50.540587 50.540587 1126997.576290 3721.630084
159.367941 422.770889 1.181111 0.378217 38.686831 47.132385 47.132385 16648146.256756 804.117302
292.523884 390.279807 1.156947 0.281224 47.289330 54.881164 54.881164 10776971.892422 596.475166
261.976493 286.564714 0.728116 0.351505 71.895632 71.996693 71.996693 4572.172530 154174.984103
140.657662 146.217200 0.340900 0.409361 55.887788 75.612535 75.612535 16348628.887096 247.806042
336.725770 56.791994 0.433373 0.273647 71.265708 81.380362 81.380362 6536768.941080 352.330355
366.451573 276.888403 0.860749 0.221267 62.388038 65.257184 65.257184 1575334.557436 2861.315430
554.894918 26.311961 0.924070 0.284952 63.235768 64.656147 64.656147 457536.205787 6463.181523
161.818250 271.565012 0.606113 0.518367 75.982384 76.153821 76.153821 16694.720391 103774.087438
344.406153 120.147891 0.540376 0.455950 66.508911 75.447393 75.447393 6203173.629455 539.403132
302.972261 98.499509 0.418052 0.333655 84.507389 85.641353 85.641353 156570.028770 11226.086138
122.887835 242.791084 0.467534 0.173550 45.255092 64.814167 64.814167 24342900.968636 208.462378
269.467097 390.369212 1.109635 0.304655 59.046039 59.895785 59.895785 295431.832569 13107.455048
268.429614 281.224909 0.737016 0.445909 70.919599 71.221354 71.221354 31941.571590 47189.740438
366.980020 85.603850 0.502743 0.292161 82.053770 -1.000000 81.995541 973.991162 -506326.913364
654.919472 66.456478 1.239832 0.053046 58.559399 -1.000000 58.413365 6234.714802 -172820.934339
122.185716 232.974396 0.493520 0.528579 77.873551 78.224090 78.224090 97914.781737 59945.307723
204.488330 338.916004 0.805964 0.181146 68.707471 68.947823 68.947823 25674.662943 60167.156395
109.404752 237.666133 0.532287 0.450107 37.698001 53.050777 53.050777 18451281.519828 543.140846
397.055913 264.641108 0.917389 0.346666 46.916913 60.620025 60.620025 19848850.257063 150.649133
85.514105 444.000275 1.269728 0.347791 29.048293 32.696260 32.696260 7895073.200485 12614.385550
233.098784 261.919435 0.633906 0.366128 69.680084 72.193406 72.193406 1171925.425252 4458.126644
155.330303 126.014547 0.265352 0.220248 78.733867 88.979526 88.979526 5714618.180946 804.787994
130.740992 137.623895 0.318931 0.389854 57.772885 76.057243 76.057243 14389664.732437 251.460551
360.026162 251.889217 0.794392 0.294947 59.643180 65.690462 65.690462 5134274.034736 1032.032469
97.272338 234.946509 0.492026 0.307046 18.064055 49.160679 49.160679 32744909.468066 244.382395
579.023370 29.018425 1.005557 0.270652 48.040294 59.886616 59.886616 16214505.551227 101.411994
557.967117 81.033356 0.946152 0.157418 63.262876 64.402858 64.402858 293694.814443 7477.728871
87.530215 519.647793 1.610305 0.152379 22.679069 31.852369 31.852369 22322796.640663 1675.177826
215.451134 203.271593 0.472241 0.393749 83.421497 -1.000000 83.307855 4056.851650 -258689.815404
120.669932 324.831133 0.736952 0.303633 56.296082 59.408903 59.408903 3646604.232138 4616.985450
123.758238 285.038264 0.584181 0.327672 77.036449 77.097241 77.097241 5977.000603 329283.352456
206.679209 10.059663 0.286933 0.458378 89.738109 93.498145 93.498145 749673.070226 2518.837003
596.428343 84.999034 1.065154 0.128704 61.212658 61.841169 61.841169 106862.540253 13984.993674
184.312462 276.679960 0.576168 0.111803 66.985394 72.871706 72.871706 4201462.380103 1388.835396
394.710835 324.144507 1.080246 0.325773 59.952832 60.861165 60.861165 272497.912459 11066.936943
159.858437 159.327049 0.329463 0.245725 55.823511 79.592992 79.592992 22079861.537149 109.785680
119.511539 304.691971 0.625374 0.215873 73.642844 73.917515 73.917515 66159.951966 67771.518493
184.993390 401.587270 1.074128 0.370257 56.253483 57.986973 57.986973 1345254.943288 6554.653428
451.066836 2.378633 0.676974 0.446855 65.958497 70.929935 70.929935 2893571.771839 1179.704256
483.383582 283.711491 1.143223 0.178028 54.597063 58.306092 58.306092 2783414.708130 1440.014452
118.023387 421.321148 1.108721 0.193307 41.739083 47.750278 47.750278 11057065.465689 1587.310666
79.554969 193.784173 0.332075 0.145041 45.947164 61.321093 61.321093 15412624.353595 800.922973
178.807488 120.034153 0.294173 0.279130 68.792276 86.100951 86.100951 12171640.873632 205.049041
104.501806 228.849468 0.462991 0.292851 47.867236 59.540538 59.540538 13465811.552556 777.863836
246.631118 217.745714 0.541887 0.396413 77.537021 78.459045 78.459045 166450.344606 14910.199794
372.304625 236.099689 0.760117 0.255424 70.003997 70.436448 70.436448 52263.523476 29132.463267
513.543060 226.272928 1.057827 0.136747 58.700495 61.010423 61.010423 1088444.734573 2793.192341
289.777276 350.361985 1.011787 0.361441 43.080977 56.368768 56.368768 21978992.957992 194.597740
674.220195 274.141754 1.705405 0.114224 48.470126 50.280588 50.280588 950986.469805 13809.556267
104.002492 352.683661 0.783391 0.117777 55.996987 59.605099 59.605099 4128835.492629 3642.912319
208.302420 418.744480 1.136414 0.147778 57.633728 58.853374 58.853374 552931.671681 8596.484121
173.414669 389.579153 1.015528 0.429065 59.598121 60.466884 60.466884 460419.946262 15177.939530
60.562741 395.477530 1.076419 0.387669 11.717728 21.211155 21.211155 11829304.809057 13445.507227
133.977847 324.676904 0.776753 0.417708 49.108717 55.178534 55.178534 8560939.929016 1786.333571
105.218853 303.527950 0.722920 0.425526 27.765883 43.300935 43.300935 22777502.666855 841.663248
88.627772 185.858368 0.321314 0.158447 49.656153 65.774322 65.774322 15849639.452962 486.617891
107.689797 174.936034 0.321604 0.242772 73.290602 78.698152 78.698152 3666022.229773 2793.676873
94.076107 103.750556 0.249778 0.338825 67.485267 77.107053 77.107053 5937039.887214 1442.685855
311.984090 377.471525 1.136696 0.350091 54.211320 57.390504 57.390504 2677145.766160 2504.636461
470.450098 46.510331 0.697332 0.239733 68.223482 71.123131 71.123131 1232232.006617 2691.204391
472.817094 15.466706 0.728003 0.430715 63.370719 68.857807 68.857807 3662810.999912 965.186155
192.113587 376.389684 0.964558 0.238651 52.791303 58.108623 58.108623 6360610.408373 1538.211578
208.671164 187.186450 0.422413 0.340473 86.855867 86.864873 86.864873 37.126191 2448762.671725
171.263169 417.359433 1.137598 0.305058 47.371592 52.413979 52.413979 7565531.699920 1739.052453
320.888186 227.254432 0.629222 0.171906 76.012964 -1.000000 75.949925 1466.774901 -430441.693298
127.947155 357.746875 0.839772 0.285414 61.813480 62.753400 62.753400 666840.822214 16787.171169
74.254355 305.240589 0.587329 0.071279 63.447183 65.401767 65.401766 1719943.570492 10301.729097
551.870360 238.095718 1.220348 0.241954 44.281931 55.251258 55.251258 16832780.305508 132.700205
84.729184 221.320441 0.354130 0.091152 81.456077 82.964483 82.964483 687806.797315 13633.510544
75.720989 65.460553 0.234981 0.399502 58.966658 68.995863 68.995863 5682250.969448 1878.763578
141.607737 421.251348 1.135604 0.375329 52.334827 53.855820 53.855820 1711646.748735 8564.694862
270.998018 323.720844 0.866441 0.408032 67.528657 67.579415 67.579415 1593.893581 297543.864973
130.418182 350.932617 0.880391 0.450706 44.987089 50.846184 50.846184 9308765.109097 1908.794380
196.580558 387.270899 1.026377 0.401202 58.473497 59.898789 59.898789 887339.969254 8249.452764
155.093740 393.986104 1.052219 0.399315 42.927483 50.020065 50.020065 12404825.286268 1129.687880
108.147197 313.165626 0.651679 0.222755 70.896981 71.098151 71.098151 78906.922863 107191.521613
228.988060 52.607897 0.324794 0.463017 79.719596 88.645352 88.645352 3613885.241065 559.057851
147.386734 506.510606 1.548562 0.230426 44.257734 46.967724 46.967724 4154270.883413 3554.704590
96.915877 427.170342 1.175413 0.256330 8.176992 32.208288 32.208288 38486073.677452 594.499729
69.376706 209.417320 0.412952 0.266945 38.640785 47.455104 47.455104 9031285.001529 3639.111928
506.133169 266.180595 1.159568 0.199314 45.824236 56.545540 56.545540 15518486.565009 133.287677
442.634822 322.908346 1.163442 0.130438 53.518173 57.870176 57.870176 3508963.788229 1032.676500
214.045043 133.058977 0.293117 0.113789 86.552104 92.135367 92.135367 1999951.315626 1546.982604
139.302008 14.933330 0.190386 0.279337 98.001003 101.477106 101.477106 667441.176564 4147.479314
263.196532 458.076612 1.409031 0.289283 53.327985 54.166360 54.166360 361005.895318 11797.251621
91.627805 378.928544 0.960351 0.309434 37.134457 41.263211 41.263211 7611293.498337 6295.993579
324.298563 471.564323 1.561980 0.203797 52.410446 52.739644 52.739644 63454.108142 30480.608106
98.324900 290.286877 0.663707 0.475459 54.132346 55.114070 55.114070 1173479.786082 52372.539529
148.682748 489.378934 1.415682 0.058314 53.278069 54.215478 54.215478 334036.531095 9710.943850
83.004708 511.695884 1.563255 0.155256 26.637312 32.658319 32.658319 14576568.387094 3344.976253
248.131802 289.832850 0.728324 0.400376 71.327156 71.583040 71.583040 25003.889002 57640.695508
391.511558 76.309417 0.537314 0.266786 29.756413 -1.000000 80.462781 70174118.975451 -162.642733
337.922869 59.096770 0.412736 0.186319 82.546600 85.167136 85.167136 671108.072824 3746.875183
169.400341 360.594647 0.892195 0.251927 47.891980 56.482154 56.482154 12867671.259938 795.190863
126.955387 330.086633 0.755780 0.226533 40.033938 53.258298 53.258298 21534548.195223 535.870936
287.821465 372.888273 1.080058 0.381880 57.544459 59.427622 59.427622 1113995.034070 13063.010197
224.946863 116.624717 0.341076 0.323379 78.909321 86.663527 86.663527 3677818.131649 890.820543
426.507606 161.783707 0.696814 0.116821 70.791122 72.190756 72.190756 320330.678344 6774.307790
462.647040 271.867151 1.077569 0.398691 60.226490 61.062276 61.062276 225163.421463 12063.446514
116.417996 473.569298 1.388588 0.279707 36.413822 41.138516 41.138516 10401440.570469 2466.964297
339.181551 315.776889 0.930842 0.218881 62.000629 63.819415 63.819415 797447.197946 5057.759260
209.618437 369.205090 0.984909 0.428289 53.092952 57.674622 57.674622 5244780.953179 1893.736255
270.571916 324.083545 0.887975 0.349089 43.423284 58.892637 58.892637 24702268.155119 139.249675
126.027354 404.137161 1.056684 0.316131 47.255515 50.544239 50.544239 5201314.651412 3825.212768
275.605670 334.857428 0.907505 0.381167 66.494286 66.510187 66.510187 207.140300 997959.989708
89.317230 240.777232 0.485418 0.277691 48.639285 55.689665 55.689665 8318906.920413 2559.436215
225.339258 221.941789 0.497736 0.211416 70.965183 76.825490 76.825490 3702075.324524 1462.580795
174.593707 34.444792 0.258704 0.448618 98.867323 99.038323 99.038323 3218.950259 113434.514394
387.194672 296.011495 0.967221 0.263384 59.934507 62.455061 62.455061 1410472.732545 3488.207103
621.498666 118.432522 1.215535 0.367246 56.367038 57.807948 57.807948 602670.985682 17663.881510
207.512457 161.268588 0.384440 0.328834 79.029449 83.916014 83.916014 2113624.846943 2082.068476
297.314610 423.846679 1.275249 0.119470 56.885472 57.367952 57.367952 92917.411057 20006.242054
583.777029 106.117825 1.030290 0.004214 62.391203 63.851803 65.298867 330620.206760 -12603.557969
104.108930 345.095236 0.801150 0.220608 40.941236 49.125221 49.125221 13603676.155101 1375.548646
407.595518 439.889921 1.562572 0.121903 52.581049 52.897888 52.897888 46888.575369 28323.646279
416.662707 315.700216 1.109289 0.322717 52.028002 57.637921 57.637921 5940014.728808 930.090240
516.589664 243.730903 1.116285 0.178202 57.790819 59.717782 59.717782 882247.304249 3765.599935
82.488452 416.181624 1.115956 0.276584 32.711828 36.091734 36.091734 6833111.210540 12473.431000
488.158104 169.374175 0.903367 0.412876 65.044645 65.722564 65.722564 127510.807284 16122.823429
280.245445 321.587836 0.853962 0.210934 62.592191 65.163881 65.163881 1426922.822455 3587.300219
147.720575 361.913746 0.892374 0.415998 59.602081 60.952509 60.952509 1059214.359643 10447.552343
223.206006 465.497395 1.369188 0.091841 55.224570 55.667408 55.667408 86923.418855 22568.298897
64.138790 25.140152 0.177607 0.296096 81.464675 82.197904 82.197904 302594.593416 148368.324814
173.915208 177.041106 0.388667 0.328171 65.841792 78.053427 78.053427 9713796.752741 546.430308
131.618481 449.365055 1.245858 0.333444 53.182098 53.723796 53.723796 472568.758113 28365.101086
252.662782 269.411204 0.707867 0.490469 60.897800 66.892281 66.892281 5062113.186604 1242.644511
402.616894 230.714852 0.829188 0.318377 59.010252 64.903485 64.903485 4966475.344794 998.501011
378.077459 225.538069 0.756606 0.242346 53.623159 65.979905 65.979905 14597138.164982 211.552266
221.447953 481.024137 1.442572 0.041514 51.681949 54.016141 54.016141 1046355.500868 1604.134080
99.963315 183.661610 0.343325 0.260419 68.001277 73.509357 73.509357 4307716.317832 2933.188020
300.270244 259.659171 0.724802 0.388284 65.096782 68.636056 68.636056 2084119.388919 3043.489371
43.291689 100.429228 0.245166 0.297688 33.281504 40.251961 40.251961 3814258.389117 22697.021224
240.033342 211.094273 0.550964 0.499580 66.249493 73.269013 73.269013 4929290.666352 1005.065370
120.068231 461.528088 1.285061 0.236053 52.327949 52.869647 52.869647 494275.279323 28227.965041
254.978939 389.273136 1.092129 0.373241 59.889995 60.498218 60.498218 173593.384668 19386.784510
97.106271 167.431960 0.233872 0.046879 78.160384 91.719418 91.719418 7392846.060986 4412.379942
218.629031 380.987483 1.001773 0.242389 58.791867 60.772391 60.772391 1248668.622656 5238.714364
317.585466 157.941074 0.540058 0.405694 66.744041 75.117390 75.117390 5894853.716230 643.650581
292.045658 185.457127 0.489342 0.154560 81.471510 82.038402 82.038402 56810.323495 24461.284856
128.904778 304.116668 0.631123 0.176474 67.421146 69.567041 69.567041 1419447.739827 6750.593082
138.628008 406.534163 1.034139 0.161972 51.076331 55.214353 55.214353 5311341.453640 2450.575295
245.581235 313.089489 0.817040 0.381603 55.025156 62.322359 62.322359 8132526.074663 894.405244
496.111929 168.861998 0.898955 0.214340 62.891545 64.968720 64.968720 862841.520320 5529.436002
78.088977 19.959093 0.209126 0.428104 89.493397 90.630718 90.630718 298701.200009 27313.844503
312.190570 327.329329 0.945614 0.362135 60.934607 62.906092 62.906092 1012413.194823 4813.783511
508.799411 298.829244 1.270245 0.337806 57.334432 57.652112 57.652112 46016.841495 33085.836303
234.722517 401.171939 1.109536 0.327316 59.851045 60.307965 60.307965 111606.402425 26774.029652
123.571612 430.164811 1.192039 0.342443 38.548234 43.995395 43.995395 10969438.299861 1899.732590
482.123256 231.609220 1.024473 0.399826 58.330592 61.043469 61.043469 1612322.484594 3009.984566
240.189638 48.635623 0.243719 0.117227 95.638421 98.482932 98.482932 510342.577403 3747.880330
557.495190 189.840516 1.128484 0.351301 58.737466 59.824953 59.824953 351918.224557 7911.987919
155.673304 447.738431 1.230503 0.251445 57.559327 57.783055 57.783055 54134.769744 60269.433527
126.756904 105.218806 0.299274 0.502617 73.031815 82.329279 82.329279 4721144.080331 1129.089457
647.426695 102.060402 1.268571 0.253177 57.100028 57.586224 57.586224 88954.056403 19748.030309
229.320276 258.769662 0.616478 0.300769 63.285832 70.057450 70.057450 5714283.929828 1114.459168
479.348758 71.264943 0.706908 0.079835 65.145206 71.010859 71.010859 3288880.491855 470.218760
586.064196 218.602911 1.265609 0.187452 50.911430 55.729048 55.729048 4535171.792906 863.078896
185.857637 369.808693 0.909377 0.117956 49.012085 59.208586 59.208586 13968934.017058 465.315885
214.699382 381.554710 1.002540 0.209801 52.833923 58.208921 58.208921 6146195.277447 1402.314098
97.732864 59.818421 0.204762 0.363710 101.464407 101.908170 101.908170 36523.726866 54148.890490
241.926439 55.899357 0.243259 0.099774 100.278522 -1.000000 99.968698 10279.924391 -128515.770735
81.006165 311.043383 0.715388 0.342971 40.839003 43.758925 43.758925 4376634.071363 16936.187259
96.745166 192.114096 0.389269 0.362320 62.761509 67.439597 67.439597 3961973.942379 4002.496970
487.288662 206.398042 0.971756 0.309073 54.263969 61.016909 61.016909 6826479.654289 694.983448
273.030572 326.934762 0.902135 0.364271 47.036989 59.056595 59.056595 17687392.943701 325.484738
97.143112 2.049488 0.098848 0.077764 104.641943 111.049925 111.049925 1558542.091604 2192.742448
113.818142 53.591810 0.220418 0.362722 75.930801 87.812106 87.812106 5647730.398921 859.756859
128.524993 1.120282 0.187892 0.312237 106.545378 106.622959 106.622959 862.731060 306617.571464
241.764936 483.111899 1.500855 0.156551 46.572804 50.577260 50.577260 4712970.501232 1580.355553
487.784794 287.096587 1.166722 0.204940 56.360327 58.439252 58.439252 1086915.629774 3791.419712
355.434481 296.112783 0.928750 0.370889 54.285679 61.117085 61.117085 7252779.766541 796.159892
228.849338 401.525945 1.104768 0.216933 50.756445 56.135793 56.135793 6501519.093787 1309.709957
78.311792 219.571168 0.456660 0.355181 47.177869 51.936899 51.936899 5123241.849925 7328.196040
132.147213 435.232340 1.218054 0.362564 40.952611 45.660594 45.660594 9055939.849540 2194.567618
552.203463 34.788406 0.928977 0.320428 58.809826 63.101861 63.101861 3054902.368019 1225.491010
245.360262 459.172652 1.386323 0.278506 54.639102 55.077295 55.077295 119203.365057 25163.219563
420.425095 379.806462 1.334759 0.209285 54.710272 55.766132 55.766132 394343.765944 8043.561176
608.336522 50.225908 1.112755 0.339775 54.461047 58.676906 58.676906 3446472.978725 1071.214495
239.946410 180.415724 0.403236 0.143037 88.038309 88.061822 88.061822 173.911219 857008.968232
133.734699 154.986077 0.306203 0.261862 73.182152 82.247819 82.247819 5953276.970496 1186.868767
283.594085 152.909575 0.407570 0.089371 73.407102 83.855149 83.855149 6329601.953934 224.642370
163.723061 424.791449 1.139279 0.223712 53.622697 55.859798 55.859798 2125164.056345 4991.782215
68.967894 314.166027 0.708032 0.235687 19.931620 33.447561 33.447561 17068120.214773 2898.092167
369.432281 370.588119 1.200670 0.227726 48.840727 55.435699 55.435699 8180927.845703 691.628842
163.853468 115.682289 0.279280 0.293240 77.509032 88.094140 88.094140 5740047.466118 728.985792
