319.973601 379.180503 1.144708 0.321649 58.431132 59.293885 59.293885 287653.945284 11922.269146
159.619909 156.554417 0.365612 0.462096 80.670601 84.256751 84.256751 1315641.836331 3689.056893
265.882551 383.495585 1.077779 0.315319 59.562078 60.486267 60.486267 336825.439780 12551.163697
258.495657 212.217972 0.564311 0.494307 75.147681 76.694152 76.694152 399682.970274 7850.339014
142.708440 298.494022 0.628907 0.212080 68.200499 70.335969 70.335969 1305277.437789 6585.745787
482.186110 246.706456 1.070800 0.405950 51.657243 58.386692 58.386692 7470862.437739 661.845612
119.061635 463.946469 1.345245 0.267335 30.980264 39.612620 39.612620 19837940.940380 1008.444509
227.530192 470.021378 1.407142 0.099865 44.608972 51.603791 51.603791 9683668.298990 579.045438
84.104183 30.808751 0.097381 0.076799 106.803846 110.983743 110.983743 905711.907844 4504.089251
231.401517 417.747454 1.171973 0.277305 58.669347 59.082878 59.082878 96359.340547 29047.022184
165.958482 439.239971 1.226713 0.363302 53.195435 54.559085 54.559085 1187116.187454 8595.299346
167.883503 254.633428 0.600046 0.520123 55.466473 64.758845 64.758845 9957423.368235 878.577953
310.706781 6.188771 0.344701 0.170132 88.883080 90.513469 90.513469 252292.522268 7259.713934
472.287008 144.614608 0.827997 0.351966 49.009706 63.982996 63.982996 20038163.697006 546.780475
266.668144 128.941095 0.406476 0.318560 71.106649 81.841815 81.841815 7045759.388483 418.068651
538.235232 41.591670 0.866313 0.207247 67.595191 -1.000000 67.527162 1970.083477 -364547.578506
641.955676 109.996185 1.259309 0.241987 56.187610 57.287893 57.287893 371320.698585 12953.938617
488.598656 135.196593 0.840019 0.272779 56.080080 64.517494 64.517494 8488697.023296 423.425910
150.130670 389.202692 0.974197 0.371813 64.385407 64.413928 64.413928 1594.097127 568209.240428
120.239246 328.524641 0.733219 0.277801 62.268542 63.702796 63.702796 1217313.302007 11387.602853
129.800359 524.740949 1.613561 0.077231 36.155197 45.080228 45.080228 17522401.120518 472.872902
218.754674 388.543098 1.039358 0.315291 59.923936 60.910680 60.910680 418746.514698 11771.814725
67.670215 450.612097 1.199076 0.071703 34.870806 39.921020 39.921020 9528417.896418 4144.938661
209.057709 85.621472 0.280377 0.269839 82.702586 91.416170 91.416170 3820650.413730 762.647367
46.412655 335.617410 0.709191 0.066889 10.308922 30.531697 30.531697 18864216.996572 2628.415623
415.138094 145.922227 0.717758 0.500754 61.983160 68.612281 68.612281 4962722.861829 807.557622
123.420367 326.013070 0.723683 0.271357 63.107738 64.620387 64.620387 1215136.094050 10498.561004
335.091657 468.086468 1.556496 0.115775 51.494311 52.416066 52.416066 322835.365771 8344.810907
169.124164 255.674213 0.530661 0.276434 77.405914 78.259701 78.259701 201588.226619 18546.789017
456.055342 175.914515 0.800730 0.151685 64.450232 67.577680 67.577680 1518394.149648 2165.699903
489.183387 352.019732 1.389313 0.203225 55.948297 -1.000000 55.907698 1222.232431 -490974.117622
327.219567 360.372334 1.105597 0.398849 52.232868 57.140150 57.140150 5207292.920552 1328.878823
138.851362 150.336295 0.355897 0.449283 55.457396 74.066218 74.066218 15431992.681390 314.571467
103.451750 342.417917 0.875195 0.465426 17.197478 36.499173 36.499173 28528883.990774 791.266086
304.434803 362.402249 1.026866 0.132784 61.252514 62.195902 62.195902 258949.534626 10431.950470
325.820921 133.309271 0.448729 0.114244 82.715507 83.945920 83.945920 185484.625787 9345.882098
603.154203 174.694381 1.248539 0.358898 52.107660 55.965066 55.965066 3318310.644760 1478.559308
114.636475 386.422309 0.944499 0.242696 57.015684 57.927747 57.927747 883782.156748 19136.106405
172.473991 463.827294 1.341727 0.263299 49.758977 52.000366 52.000366 2449005.662906 4477.840662
321.543917 475.672349 1.584248 0.211699 49.660798 51.204208 51.204208 965777.367890 5242.367571
79.370103 90.358820 0.288188 0.532713 57.749089 65.883463 65.883463 4743758.077855 2736.540008
172.590494 245.618321 0.573864 0.517085 61.633239 68.350161 68.350161 5896459.830867 1448.826777
208.569482 110.078440 0.255131 0.116802 99.560038 -1.000000 99.470294 1309.038310 -400561.613877
205.122095 290.023239 0.652305 0.163276 60.698744 68.415599 68.415599 7337417.433068 931.668885
359.160806 259.099423 0.795017 0.181094 52.031411 64.862398 64.862398 15896966.194250 145.953791
91.429843 51.930899 0.222332 0.449571 97.283594 97.883156 97.883156 74030.842314 41187.293492
143.472836 322.967407 0.801074 0.482534 37.814696 50.945761 50.945761 21271648.219225 422.560433
364.106520 81.890882 0.487303 0.236201 78.741215 80.926004 80.926004 567689.355043 4644.635168
547.585313 10.140199 0.895271 0.286763 66.776826 -1.000000 66.724944 1292.621795 -468099.819985
198.021138 333.284088 0.844135 0.430249 53.665252 59.876212 59.876212 7385922.850486 1365.173385
407.590559 361.963443 1.253959 0.257346 42.254092 53.646119 53.646119 19170444.116885 182.222854
467.691703 336.306656 1.274148 0.147261 53.901973 56.319843 56.319843 1428247.841048 2570.371687
164.196282 536.787623 1.704908 0.098653 45.995472 48.301400 48.301400 2227123.540219 3394.898442
406.926725 106.124008 0.645629 0.463384 57.492114 70.492080 70.492080 12842845.761246 91.963783
395.863444 40.907409 0.545344 0.340172 73.769951 77.243586 77.243586 1340060.621794 2312.153148
190.578388 349.222087 0.833148 0.139206 59.199865 63.655263 63.655263 3807755.483714 2004.293875
531.020261 52.437490 0.862322 0.234733 61.337385 65.253063 65.253063 2427265.438360 -23306.174234
113.651997 492.088462 1.482354 0.206539 17.335109 35.224663 35.224663 41385378.554666 349.330919
81.642095 365.719321 0.950829 0.395353 13.711264 29.158563 29.158563 21204541.637485 2661.720986
51.970981 154.778525 0.374727 0.472611 7.610018 30.406690 30.406690 9794067.702567 6369.093895
614.968545 241.556128 1.420136 0.255360 53.026808 54.304379 54.304379 544351.761737 6037.121866
328.894183 28.410475 0.461307 0.538373 72.077260 80.383944 80.383944 4303493.869000 498.105617
188.746906 285.133704 0.659752 0.332776 58.769103 65.942766 65.942766 7376318.848153 1146.969324
96.447391 90.950625 0.159995 0.113039 79.799363 93.053230 93.053230 7307848.330040 798.920786
72.502290 39.735879 0.130364 0.171552 108.526411 108.694718 108.694718 20700.528773 211270.367437
143.328186 512.077102 1.570083 0.236401 46.991894 48.400542 48.400542 1633279.037105 7798.920417
149.161621 421.497872 1.139105 0.313310 48.949433 52.244420 52.244420 4640618.859538 3236.163187
122.264092 117.240946 0.261827 0.307787 74.993523 84.617448 84.617448 5511008.965304 1144.172845
155.951023 170.140061 0.411299 0.515225 54.608768 72.479378 72.479378 15849873.517004 191.698925
320.449133 62.247544 0.418916 0.350051 85.081627 85.924902 85.924902 89667.758712 15754.829264
68.057322 450.004443 1.215438 0.101374 28.019890 34.644335 34.644335 13249397.824455 4016.670472
146.748373 258.937097 0.537782 0.380608 78.911569 79.113829 79.113829 22354.146155 92257.822063
107.550021 433.953928 1.138229 0.134634 48.092336 51.070986 51.070986 4325974.219717 4120.077139
283.806962 190.020372 0.508143 0.253290 78.315521 79.858277 79.858277 359863.312668 7806.901204
70.333226 332.994339 0.798970 0.307346 18.555482 30.479497 30.479497 15596292.422489 4157.983038
157.740387 118.475543 0.301096 0.425030 91.783218 92.964132 92.964132 154733.273488 14153.618059
324.388539 39.757577 0.407819 0.317890 84.998585 86.271229 86.271229 182150.594492 9663.333668
75.912240 117.124336 0.153642 0.059881 96.544341 100.729438 100.729438 1316891.346888 4551.484541
245.679611 252.696706 0.638837 0.434140 67.842969 71.307441 71.307441 1923660.530541 7660.946985
164.765239 59.570157 0.256246 0.412785 94.584423 96.590621 96.590621 275932.194249 7102.761305
174.900655 36.314838 0.279397 0.528408 94.913604 95.901420 95.901420 70935.193911 15221.916165
166.335038 517.220066 1.620482 0.176085 37.836439 44.798792 44.798792 14174820.710210 797.887571
56.567931 120.064429 0.200711 0.142730 66.103667 68.966490 68.966490 1959096.933354 18917.591587
150.205200 271.097166 0.578062 0.333287 69.597666 71.897107 71.897107 1369111.919132 6168.964593
69.528397 97.065122 0.249053 0.374703 68.819769 70.795860 70.795860 1117394.055617 29887.090120
387.173082 276.050659 0.919227 0.372553 62.788838 64.331614 64.331614 590610.830186 6131.360786
338.771224 201.350174 0.596682 0.124824 72.908507 75.447099 75.447099 853783.655973 3494.897778
123.448685 204.691630 0.421334 0.436370 78.193782 79.615874 79.615874 577745.072633 12968.665351
81.274273 27.730584 0.171236 0.283576 93.393462 95.537362 95.537362 608159.713152 11360.375201
311.640702 343.540832 0.988686 0.238778 57.196782 60.870323 60.870323 2873083.644631 2075.459535
128.270143 534.266274 1.684025 0.110229 26.888571 40.676632 40.676632 34095039.374584 225.456634
78.498566 335.832149 0.838989 0.407416 15.509858 30.220971 30.220971 18749422.540875 3000.454746
64.243392 528.318499 1.653484 0.128275 18.464588 25.497530 25.497530 15461940.829900 6638.187306
73.032538 124.142404 0.327614 0.511842 41.889672 53.205199 53.205199 7807784.223461 2880.165482
204.532386 132.730306 0.363006 0.408908 70.042607 82.676375 82.676375 8186504.030508 407.586447
456.853062 88.418222 0.696212 0.250983 67.913739 71.014344 71.014344 1392573.462069 2579.012484
217.751455 352.421708 0.865471 0.103784 60.751940 64.347741 64.347741 2367897.544067 2198.422981
128.470094 197.769985 0.360834 0.230802 83.584465 85.338298 85.338298 601908.850586 9919.062176
433.049885 336.161331 1.216929 0.355003 54.136030 56.737562 56.737562 1819844.346762 2795.981858
135.364055 366.892335 0.887669 0.213578 46.328334 54.072991 54.072991 12241652.584125 1104.681715
588.542639 364.833605 1.736871 0.164044 41.956409 48.428932 48.428932 9157267.311824 358.360386
671.756349 16.145986 1.307895 0.283140 53.953640 55.880605 55.880605 1026857.689974 3715.714498
135.006755 456.915487 1.314172 0.295312 37.113388 43.799923 43.799923 14179360.123799 1283.038431
198.181925 441.321936 1.254492 0.311807 54.458851 55.654609 55.654609 755179.604125 8993.498255
581.975710 57.905810 1.040907 0.358288 49.028655 59.017202 59.017202 12966384.327067 248.946357
127.990062 414.446485 1.056873 0.111715 43.430871 52.086240 52.086240 14351102.258095 828.396768
147.986876 311.731522 0.697065 0.282165 61.121458 64.786429 64.786429 3407961.365562 3252.145595
283.123547 398.739295 1.168289 0.224794 48.326007 55.124740 55.124740 9038145.894749 717.053704
187.515910 362.827220 0.936273 0.393685 52.409515 57.547559 57.547559 6361757.783187 1734.314443
342.423709 178.707515 0.589569 0.321652 77.702861 -1.000000 77.625326 2016.835954 -359648.755539
139.906188 313.771813 0.713051 0.363734 61.796170 64.244900 64.244900 2132992.470583 5688.961674
412.206391 122.325006 0.665299 0.453015 70.100709 72.436521 72.436521 813108.971203 3845.010049
100.583710 8.893642 0.171606 0.266506 87.456059 94.772153 94.772153 2700718.473926 2007.703271
177.549958 421.423793 1.158541 0.276141 45.127317 51.634675 51.634675 10625534.749417 1116.996812
398.796531 222.607294 0.781597 0.268878 70.335537 -1.000000 70.297817 697.244864 -649605.118144
71.335473 569.501881 1.833761 0.033910 45.813228 46.626624 46.626624 534977.324374 15616.132065
162.171265 414.420055 1.099561 0.242231 51.520426 54.937635 54.937635 4113574.362003 2898.444405
132.869800 428.766205 1.147584 0.180379 39.723404 48.142344 48.142344 16056667.388277 928.815178
435.004082 48.517135 0.620101 0.302409 76.153978 -1.000000 75.978301 8394.250379 -164293.252891
199.183093 457.207436 1.295735 0.059984 57.297975 -1.000000 57.124758 13893.777124 -129055.373338
88.257708 281.338062 0.618699 0.291288 18.063680 41.032679 41.032679 27413661.277185 679.560950
232.232312 499.732091 1.597691 0.213756 35.272498 46.071819 46.071819 23445447.751132 308.647541
347.334529 264.827994 0.814236 0.416512 67.237478 68.053683 68.053683 179522.791781 14269.195852
626.419035 259.571472 1.504776 0.169746 43.232782 51.389414 51.389414 11798445.713915 12303.480631
348.041617 62.156839 0.426984 0.155053 78.364191 83.394705 83.394705 2065272.423117 1366.359640
348.977097 221.588228 0.722236 0.425209 59.349803 67.369261 67.369261 7273158.290228 632.107177
121.993541 499.315889 1.463894 0.103025 48.008537 50.029987 50.029987 2180311.137549 5049.765773
241.803081 404.680307 1.136511 0.256231 53.415209 56.745768 56.745768 3125766.770428 2451.309839
86.491196 362.749575 0.940489 0.433280 26.194613 33.964173 33.964173 13066302.015532 4528.764678
197.619528 287.898796 0.675992 0.483377 74.019232 74.061418 74.061418 1163.116987 418860.951230
202.238548 303.570375 0.743893 0.451712 61.775752 65.516811 65.516811 2951466.781286 3001.552242
671.156703 146.568291 1.421881 0.266756 49.685992 53.261894 53.261894 3134119.469426 1651.259957
100.150287 113.276415 0.283698 0.521918 95.056991 95.171064 95.171064 7185.016285 219990.968492
418.540712 7.752360 0.574522 0.316302 78.181011 -1.000000 77.998950 8307.663017 -163216.159741
323.408783 152.304243 0.526139 0.324888 63.708926 75.280762 75.280762 9746358.360312 305.974648
191.103021 199.866251 0.447878 0.429561 84.787026 84.894107 84.894107 3520.562430 174834.066666
518.078069 126.019105 0.909550 0.320800 59.897612 63.729198 63.729198 2513631.194821 1789.779400
124.963777 97.074466 0.254286 0.401938 95.623357 96.594510 96.594510 116289.869066 20096.174592
169.070384 235.487054 0.532485 0.433081 60.139913 69.036624 69.036624 8443881.848305 969.672832
245.748651 6.960951 0.305221 0.379812 94.045076 94.536282 94.536282 24302.331451 31737.534159
113.973567 430.350468 1.164170 0.309137 47.700833 49.056797 49.056797 2097776.360110 13616.927120
125.569232 142.490984 0.320926 0.405987 72.016565 79.861721 79.861721 4725108.226612 1547.704559
208.798067 459.818580 1.342585 0.243919 54.864566 55.437052 55.437051 202627.265423 19574.476187
182.717342 7.765021 0.274841 0.484032 83.058922 92.105724 92.105724 3056011.210071 634.995237
153.575991 451.856304 1.277432 0.304350 49.381763 51.614518 51.614518 2776934.602821 4935.448965
352.684311 338.225968 1.071297 0.391120 49.422568 57.133608 57.133608 9983405.564099 580.339001
369.441456 98.596373 0.527911 0.280019 65.692010 76.042008 76.042008 8060203.704731 402.408629
497.880093 184.022193 0.963565 0.416017 59.057260 62.349401 62.349401 2081665.166765 2124.801039
294.787981 339.110030 0.943859 0.255876 61.210163 63.097245 63.097245 932236.260267 5323.388453
166.078559 243.966187 0.480687 0.146753 66.202318 74.725214 74.725214 7193309.779692 974.665681
392.891058 492.660910 1.795858 0.086771 50.110375 -1.000000 50.055180 2121.408121 -347626.419849
130.386878 462.551205 1.353644 0.275593 10.090085 37.623185 37.623185 55789835.806918 64.610827
224.139421 466.082033 1.381762 0.130460 52.331998 54.009459 54.009459 1025555.516622 5033.054969
129.353353 122.287977 0.235399 0.214180 94.359407 96.561405 96.561405 505482.634718 8018.521797
312.212899 123.723772 0.444915 0.245533 79.141500 82.478554 82.478554 1123683.884718 2794.600402
126.143041 381.182659 0.964748 0.346440 49.476455 52.586789 52.586789 4555282.417856 4294.348277
389.523375 388.043240 1.304687 0.214800 53.503422 55.538800 55.538800 1237144.777111 3535.617325
672.679995 113.365888 1.357092 0.094514 52.835075 55.360757 55.360757 1327787.131558 1724.180690
95.408723 47.407553 0.244621 0.496746 76.823290 83.574850 83.574850 2699479.186273 2372.624522
361.107506 447.220217 1.508001 0.196761 53.272341 53.594736 53.594736 56192.334007 30573.843152
298.022448 175.159860 0.553597 0.492091 68.716199 74.872670 74.872670 3647299.998527 1050.289900
82.935663 367.325652 0.885969 0.232986 42.096931 44.298535 44.298535 3786559.285795 17873.558511
177.462447 321.358726 0.782708 0.354669 43.247361 57.199984 57.199984 21799421.267585 317.557403
133.565455 216.440187 0.470563 0.478493 68.047768 72.227231 72.227231 2941812.340014 3373.796228
342.520319 130.355971 0.539178 0.454669 78.936609 79.465743 79.465743 50074.951597 25983.311403
431.822671 335.277664 1.191388 0.167923 46.432189 55.928472 55.928472 13191347.560292 220.503962
130.994432 290.513981 0.593673 0.267459 76.953102 77.025795 77.025795 5233.976887 263512.828518
214.123366 237.068768 0.571741 0.417881 59.189778 69.658012 69.658012 10248721.697876 567.620528
423.735678 281.209769 0.997033 0.245945 60.046376 62.119103 62.119103 1001768.048741 3987.316971
80.812205 165.931530 0.398991 0.530245 34.039039 48.929298 48.929298 12180272.678330 1550.116120
321.643942 168.315605 0.558774 0.433953 77.129550 78.023781 78.023781 137993.691866 14009.294295
247.849038 389.765623 1.081043 0.385911 61.805133 61.873114 61.873114 3651.061748 205675.645634
210.858315 172.668966 0.421926 0.409490 79.563576 82.663023 82.663023 1053321.738522 3801.385038
135.790397 255.281559 0.586450 0.514257 52.770520 61.034294 61.034294 9373278.045271 1239.565977
87.956830 382.720954 0.905219 0.089791 24.233739 44.578866 44.578866 34752345.801959 272.712431
153.752748 244.948735 0.566697 0.499762 51.432874 63.296601 63.296601 13558974.203993 679.920100
343.831685 385.464660 1.224638 0.296474 47.035773 54.233350 54.233350 9988671.705673 637.002284
588.617148 294.820697 1.465696 0.049156 54.542943 -1.000000 54.344735 11971.676312 -123555.744547
189.286080 331.835157 0.823567 0.374883 52.288334 59.574975 59.574975 9301900.086285 1058.892136
119.514799 341.635593 0.842893 0.384996 32.841011 45.607835 45.607835 21944686.241175 426.002722
640.937719 92.377037 1.219677 0.113259 58.900907 -1.000000 58.757790 8417.308422 -163997.552930
47.795504 129.965855 0.236490 0.178675 42.613902 48.856523 48.856523 4373075.770326 13579.032489
610.685700 323.234589 1.652702 0.192885 47.878281 50.373623 50.373623 1869997.356957 1671.823635
192.703953 272.452574 0.603808 0.325157 75.865515 76.196972 76.196972 39621.842972 48769.002134
131.429268 238.380430 0.439430 0.128172 61.645711 72.957912 72.957912 11114051.672272 716.449395
270.431334 436.646800 1.347271 0.325984 34.353510 49.145059 49.145059 31672253.317026 98.771666
291.599995 188.920162 0.507013 0.166017 60.930641 75.976034 75.976034 14561003.680275 120.252557
137.320186 110.719528 0.282600 0.453164 97.030164 97.071894 97.071894 438.096253 543615.973898
506.099315 218.820151 1.023420 0.149260 56.079319 60.912552 60.912552 3776446.459181 921.393526
124.573530 452.879416 1.269082 0.324838 49.484256 50.446981 50.446981 1242193.392491 16277.622074
222.892160 240.397210 0.533369 0.222148 78.309812 79.076075 79.076075 128167.543915 18937.369988
338.214173 182.710682 0.629059 0.495261 68.368571 72.562533 72.562533 2161688.124416 1896.325295
196.906849 329.985509 0.805873 0.331719 60.016657 63.669490 63.669490 3111058.653190 2859.983995
514.688136 106.941199 0.888382 0.440248 64.347618 65.647340 65.647340 384541.221142 7269.203117
238.299372 50.483349 0.283562 0.257509 86.695908 92.814943 92.814943 2069446.401794 1310.235691
68.020805 212.749828 0.339900 0.092181 67.820594 70.835620 70.835620 2512810.524465 8546.174199
154.304565 299.580855 0.678268 0.492395 72.341345 72.578792 72.578792 39593.619690 72696.231674
189.202621 277.218328 0.623341 0.388399 75.602209 75.764531 75.764531 12056.486642 104174.751347
379.793200 255.128790 0.856004 0.402433 60.430459 64.535367 64.535367 2885872.686997 1763.805935
381.594281 86.343250 0.478375 0.022200 82.982219 -1.000000 82.284838 21451.812973 -69923.175667
112.603854 281.228550 0.644414 0.438886 44.138438 52.539732 52.539732 11468713.793002 1438.503263
189.339369 156.954370 0.372620 0.377720 78.285839 83.756596 83.756596 2492281.726778 1844.179631
298.894007 17.022966 0.366855 0.308433 67.200002 85.176606 85.176606 13408090.740300 13.053729
410.722463 191.840270 0.773527 0.374848 51.379974 65.258764 65.258764 17282584.363292 128.438058
573.366743 20.871883 0.981581 0.353829 64.530165 64.542199 64.542199 99.265130 1254474.116190
243.374718 331.388647 0.849256 0.203438 42.194950 60.112822 60.112822 29084268.153891 44.872142
263.710962 155.545333 0.399306 0.180854 88.370888 -1.000000 88.362548 27.383472 -3819507.216311
129.784269 8.126865 0.233528 0.473494 96.887819 98.483035 98.483035 174627.690531 10502.756200
149.484251 267.026745 0.589943 0.491441 72.411211 73.424954 73.424954 389897.302647 16032.648428
448.581460 250.486479 0.987681 0.313560 46.960752 59.426292 59.426292 17990482.527499 246.539319
50.475994 166.126842 0.302576 0.199234 40.276143 45.561153 45.561153 4299980.530149 17588.188688
543.521221 331.448488 1.472952 0.246047 52.897057 53.730651 53.730651 272321.626332 12371.290313
80.060356 275.910330 0.568033 0.238207 49.239152 52.335504 52.335504 4018998.712365 10464.528306
187.352643 23.259600 0.289644 0.552710 96.047693 96.238308 96.238308 3703.292701 94617.558469
231.847514 345.506729 0.839594 0.031209 68.434783 -1.000000 68.350163 1457.394660 -334800.290245
321.424170 206.559955 0.597113 0.205858 68.186772 73.588061 73.588061 3333240.863163 1353.176050
92.214768 39.564430 0.137581 0.176064 109.943951 110.477441 110.477441 40884.836260 47089.738142
136.701844 98.640960 0.281897 0.456314 83.811835 88.955644 88.955644 1757423.832709 2483.021302
181.831711 350.167666 0.859541 0.260268 52.966663 59.460431 59.460431 8128855.110002 1253.083790
286.718869 7.608901 0.349514 0.341648 88.751065 90.184715 90.184715 189156.441319 8667.053292
78.774986 23.797889 0.244144 0.509173 58.889200 70.556346 70.556346 5783684.126568 1529.582440
217.991155 308.896578 0.751633 0.254062 50.422792 62.518589 62.518589 16294896.943667 393.165443
108.211091 184.486666 0.330764 0.188013 58.766552 72.428171 72.428171 12762427.382130 667.999568
268.525723 212.418250 0.526142 0.239375 80.703064 80.781436 80.781436 1963.571273 220165.821901
157.570221 121.670299 0.236545 0.162070 98.176298 99.334247 99.334247 139614.386681 15062.022587
186.276973 352.686019 0.866937 0.232920 53.195122 59.760581 59.760581 8086343.072911 1207.088056
294.844451 186.157571 0.519342 0.221904 62.509182 75.170240 75.170240 11574267.182651 283.347789
252.708573 111.597495 0.393635 0.462169 82.618106 85.630392 85.630392 766710.735910 3374.217007
223.374978 259.225342 0.632614 0.446429 67.742736 71.118975 71.118975 1933167.616736 3149.123432
388.178781 56.223695 0.526710 0.283276 74.566813 78.135006 78.135006 1384653.324733 2243.426156
205.363766 255.202085 0.603396 0.499497 74.245307 75.110312 75.110312 194947.234770 16716.051410
239.948044 21.284634 0.298726 0.350125 84.479705 91.419738 91.419738 2417903.731622 933.303493
644.075115 146.028997 1.331202 0.287631 46.520549 53.794792 53.794792 9525605.717822 424.549668
584.668263 119.451761 1.106015 0.357734 50.836308 57.967960 57.967960 8098848.761175 553.815827
107.815464 509.095251 1.522446 0.159161 46.903349 47.764726 47.764726 1078035.098058 16968.413884
482.775282 135.190573 0.820580 0.285434 64.831294 67.104458 67.104458 951837.833828 2824.606422
465.868664 306.952524 1.193661 0.271458 41.130934 54.986659 54.986659 24011771.179306 67.007044
109.300373 416.125555 1.142851 0.344277 25.098875 37.058497 37.058497 24440786.804174 881.454170
160.146051 263.098722 0.521454 0.175808 78.985853 79.541489 79.541489 91363.230140 29643.980870
99.282892 527.170517 1.640108 0.113386 16.440001 34.663142 34.663142 42851430.982436 266.541178
237.138148 335.576294 0.867649 0.411041 65.731394 66.296630 66.296630 128179.418574 23256.364964
402.681410 299.265530 1.016287 0.385256 63.634763 63.648857 63.648857 152.532514 1035367.112427
86.627863 225.504597 0.466294 0.319431 38.150696 50.555938 50.555938 13993047.562218 1236.272843
169.929070 296.299383 0.708996 0.483938 56.499565 62.494103 62.494103 6488338.589293 1582.162220
472.799643 184.783808 0.878872 0.273737 62.350335 65.060109 65.060109 1380390.771977 2866.041046
245.208297 395.901161 1.088764 0.220853 59.605165 60.422160 60.422160 269460.954424 13852.865515
296.718952 291.781272 0.810646 0.454644 68.447010 68.756748 68.756748 35035.161697 43743.478252
462.116050 98.887394 0.740485 0.366511 64.170765 68.680689 68.680689 2755841.647056 16145.583291
412.884976 323.266311 1.117127 0.322523 58.599212 59.798737 59.798737 449029.409187 7610.711397
73.820245 369.774645 0.810384 0.055467 65.688298 65.907507 65.907507 80692.485389 98317.211099
513.321113 169.447819 0.944392 0.234179 65.344934 -1.000000 65.266551 2835.572013 -303902.564710
89.167609 169.479555 0.257817 0.098188 75.366307 82.863060 82.863060 5029974.494268 1911.176489
325.125878 181.367149 0.551978 0.241828 78.186760 78.760876 78.760876 65422.005871 23831.684830
479.948844 15.731761 0.736227 0.419167 69.773537 70.783427 70.783427 205540.899439 10620.445956
66.163263 404.017919 0.985223 0.087274 42.075374 44.240443 44.240443 3629857.574366 17290.082939
106.700921 334.571083 0.827911 0.407945 24.014064 40.481250 40.481250 26127961.348687 676.155395
352.628757 239.641918 0.747688 0.327320 67.092307 69.211227 69.211227 851653.648722 4603.320064
163.709046 263.567487 0.547941 0.293918 78.103168 78.463717 78.463717 49414.964427 47655.988985
125.081662 117.590920 0.264899 0.366318 95.487462 96.165423 96.165423 73044.684796 30082.309406
259.741021 276.620784 0.647769 0.051892 72.497993 74.198947 74.198947 347635.466756 4557.883128
224.434128 219.777637 0.531868 0.420310 72.676883 76.075737 76.075737 1588364.278554 3225.440552
498.711622 296.032040 1.234927 0.323419 56.959451 57.792007 57.792007 246347.091665 11133.762955
407.639910 106.811548 0.647529 0.514479 70.934708 73.217642 73.217642 739899.239477 3916.466175
152.059248 305.285053 0.619813 0.049674 68.457047 73.048736 73.048736 2278706.938724 1508.513218
160.267153 349.282340 0.820084 0.196480 58.077150 62.142181 62.142181 4001209.887159 2558.017911
123.767822 172.946101 0.386081 0.490947 70.167013 75.492540 75.492540 3352949.035069 2617.543821
371.744002 187.376374 0.661447 0.260984 62.235927 70.250569 70.250569 6696915.467983 748.062138
218.120878 172.237938 0.443994 0.450137 68.891125 78.070478 78.070478 6134188.660520 675.296625
495.327646 109.283684 0.849956 0.447539 57.946036 64.474933 64.474933 5631286.618718 720.571171
142.212628 282.060850 0.671294 0.489626 37.058109 54.207116 54.207116 24733148.006460 307.419019
380.931959 251.805951 0.831158 0.295252 62.594817 65.859362 65.859362 1914908.226065 2210.162956
65.356553 513.049317 1.586165 0.168672 14.674432 23.507380 23.507380 17525860.265946 6102.909342
147.277223 550.327151 1.770436 0.096713 45.955298 47.660165 47.660165 1507719.817223 5018.597422
180.146739 384.206651 0.985970 0.208839 46.446010 55.315060 55.315060 13784800.704464 707.279437
355.809037 185.274752 0.654091 0.498570 74.909980 74.981478 74.981478 1759.600382 220260.774206
213.861561 254.070211 0.566127 0.255391 75.738294 76.838271 76.838271 267272.991755 12592.164802
474.233202 390.850203 1.515791 0.170718 41.640943 50.675670 50.675670 14455908.747026 188.481547
141.329694 220.634856 0.418119 0.184218 65.092241 74.776524 74.776524 8646212.328737 936.325728
501.956435 198.959270 1.003116 0.386242 56.086030 60.778809 60.778809 3894198.113122 1492.687914
517.860157 294.119157 1.257260 0.091497 50.743014 56.434766 56.434766 5094818.972665 416.469254
470.203666 132.312901 0.793018 0.297498 57.879083 65.959845 65.959845 7596194.671386 551.386139
270.389550 314.346681 0.814526 0.168123 53.655615 63.528826 63.528826 11619870.535114 391.709196
207.906817 258.817277 0.634925 0.456812 48.262793 64.531125 64.531125 20828314.269624 202.465922
670.305813 187.380186 1.479261 0.159637 49.477292 52.772061 52.772061 2590930.959874 1019.754438
216.435310 470.078684 1.395140 0.116147 48.234655 52.318359 52.318359 4411981.206567 1589.472331
91.898659 284.952163 0.521353 0.076216 76.766272 77.475713 77.475713 214450.689594 26166.098428
111.836362 414.661910 1.092064 0.250409 41.779858 46.344368 46.344368 8473460.777316 2882.896112
170.792892 411.230525 1.106454 0.231610 36.814205 49.994294 49.994294 25936496.168970 297.428580
230.757064 517.853125 1.678781 0.171528 44.665850 48.127273 48.127273 4259054.165413 1870.095748
234.406500 339.624008 0.837646 0.100897 60.372038 64.981965 64.981965 3330211.089516 1469.932003
217.918146 496.315687 1.542500 0.155856 45.806974 49.675406 49.675406 4771249.504648 1712.123175
226.982024 314.698445 0.790917 0.483416 69.617547 69.722004 69.722004 6101.021004 148942.391728
339.868754 243.449610 0.709268 0.211309 72.856676 -1.000000 72.806921 1088.514574 -516727.292044
220.503298 467.229490 1.389411 0.257510 55.846613 55.886522 55.886522 1811.864434 324920.851004
292.545083 337.206294 0.972167 0.419598 50.277561 58.464548 58.464548 10609794.178451 579.111043
138.231750 300.731366 0.664837 0.272988 52.717732 60.651298 60.651298 10199653.381797 1175.178648
258.742899 255.476256 0.632511 0.318304 74.916531 75.253131 75.253131 33427.130110 43951.506599
80.185437 51.805947 0.185088 0.312553 97.224696 97.832791 97.832791 125241.313537 49657.658433
171.195325 317.810170 0.714108 0.221563 66.711931 68.635361 68.635361 1033151.429834 6545.307394
503.893997 288.484203 1.225579 0.321873 56.855346 57.846012 57.846012 330420.209924 8985.091905
136.525267 233.000874 0.525538 0.502602 56.719245 64.867865 64.867865 8176151.463124 1291.640835
107.239254 336.303503 0.720545 0.099152 54.134405 60.539281 60.539281 7791243.599104 1639.358649
242.318660 378.492404 1.035940 0.245103 44.196838 55.579691 55.579691 18583882.254114 310.528396
522.071979 345.459533 1.455029 0.172442 53.033964 53.994984 53.994984 325640.387300 5929.742104
173.528333 171.329606 0.427715 0.538248 57.748340 74.029861 74.029861 13937310.014996 251.473080
105.432493 492.940625 1.493120 0.220516 13.454834 32.362224 32.362224 40839461.599560 468.082046
212.231102 428.655270 1.203835 0.270714 55.828644 57.018031 57.018031 655398.003866 9062.758564
80.591928 29.503515 0.095096 0.075267 106.738462 110.834298 110.834298 902065.321510 4763.231819
70.211253 45.641527 0.205282 0.312383 25.060869 59.841763 59.841763 17861517.137273 416.913173
338.663885 209.882585 0.631033 0.182277 64.180748 71.697327 71.697327 5831440.632365 897.693272
349.105378 26.336805 0.427489 0.230801 82.453127 84.524471 84.524471 456450.468362 5077.705871
170.430143 125.640607 0.271683 0.246021 17.097375 -1.000000 98.338597 72607482.895065 -144.384452
591.653481 320.045282 1.567977 0.112353 51.084549 52.331635 52.331635 472298.307444 5017.392459
93.919855 153.119998 0.369814 0.522595 46.814372 59.864521 59.864521 10635643.851578 1065.105177
177.583101 499.535754 1.503259 0.156995 54.056430 54.086151 54.086151 1164.414753 428402.115654
130.650438 314.465109 0.741684 0.459482 54.516083 58.231775 58.231775 4451027.131124 3661.481477
177.389308 184.995297 0.357093 0.154986 76.363692 83.975989 83.975989 4533499.407765 1164.694363
110.395048 372.712234 0.928784 0.381075 51.842890 52.810187 52.810187 1313115.164681 26603.031611
359.016585 31.979717 0.498100 0.468535 73.582768 78.963767 78.963767 2401954.255900 1153.910682
247.105133 422.135609 1.210304 0.238118 56.654558 57.615615 57.615615 397834.845632 10958.279331
221.623337 463.107724 1.378224 0.200059 49.361009 52.413844 52.413844 3164461.245615 2642.497030
134.781273 387.017106 0.930472 0.082067 46.674691 56.997630 56.997630 14811579.273631 476.509404
429.559846 317.731276 1.138456 0.368680 59.375750 59.947667 59.947667 124624.613913 18305.112255
93.720964 16.903084 0.094065 0.067609 106.163296 112.345881 112.345881 1389122.706170 2310.093295
144.661262 488.392643 1.460711 0.182629 23.446840 41.758367 41.758367 44365578.590784 89.713415
135.224019 187.847788 0.333054 0.179280 84.505731 87.134593 87.134593 966643.997420 5999.049893
374.404474 395.935997 1.310019 0.213580 51.028943 54.584166 54.584166 3201360.605408 2058.044191
172.150509 179.427843 0.365122 0.227266 68.917058 80.478994 80.478994 8889263.748387 607.121297
260.684507 304.860633 0.784027 0.257747 59.198814 64.994057 64.994057 5274287.628159 1249.303952
235.559690 461.293066 1.380270 0.155688 48.409555 52.394026 52.394026 4424705.625715 1651.175041
307.133453 168.143499 0.536133 0.425069 76.674716 78.356497 78.356497 403804.605263 6596.338908
206.570574 357.302400 0.938548 0.388865 47.537572 56.323107 56.323107 13039588.527650 715.798648
137.552243 418.396826 1.136674 0.283534 32.144195 44.556755 44.556755 26034576.522082 426.511597
286.305946 299.032157 0.823527 0.442058 64.215986 66.213985 66.213985 937183.729449 5104.762700
383.476667 175.727372 0.691975 0.463548 67.675435 70.787230 70.787230 1418605.218192 2599.162413
83.790313 186.899361 0.287430 0.110831 84.319508 86.102151 86.102151 832280.184704 12230.332957
183.726251 210.416201 0.487347 0.430153 58.800840 71.536169 71.536169 12139939.969735 462.787059
476.790187 165.859856 0.873820 0.406696 61.986508 64.975598 64.975598 1620699.605148 2528.956187
183.070116 393.551402 1.030032 0.407716 61.719622 62.020305 62.020305 69213.322680 46389.315352
480.694539 207.192598 0.967187 0.423966 59.723956 62.472923 62.472923 1556325.556414 2768.103742
198.606137 185.882918 0.390722 0.213876 80.278185 84.117630 84.117630 1562140.054811 3003.145712
472.823532 397.628955 1.544226 0.242929 49.309969 51.630626 51.630626 1722488.456675 3166.279701
144.996763 306.064907 0.679393 0.345614 67.139745 68.567962 68.567962 825868.550495 10558.924532
141.902422 36.710282 0.196129 0.276898 98.282438 101.287021 101.287021 540259.224255 4931.628785
305.593712 465.612651 1.505551 0.261500 53.097685 53.460323 53.460323 79377.562551 28658.917522
579.686870 313.948130 1.521623 0.166802 40.910699 50.914035 50.914035 16393160.431867 81.948600
345.802635 333.910454 1.030868 0.414292 60.393364 61.573998 61.573998 439643.235161 8549.499297
549.825880 110.314857 0.993432 0.407857 56.559121 61.183571 61.183571 3689578.737973 1198.237499
292.810479 176.369406 0.486266 0.173584 62.391128 77.115465 77.115465 13646557.138236 107.025571
463.399785 138.377939 0.758973 0.159035 61.391681 67.952208 67.952208 5009634.135321 678.539134
119.389255 272.937523 0.614278 0.402123 42.779479 54.339377 54.339377 15695258.008962 813.684174
355.499631 283.515907 0.882036 0.420383 65.787096 66.324386 66.324386 93071.038766 25213.587834
93.372843 427.729581 1.161707 0.305694 41.696260 42.519142 42.519142 1575677.123423 81872.065745
364.344641 114.570366 0.518367 0.227381 78.202773 79.707277 79.707277 317121.971016 7396.698255
413.161614 249.614405 0.919915 0.411594 49.148210 60.827239 60.827239 15600481.187017 222.441444
67.347816 37.291439 0.218561 0.383711 50.171298 63.181875 63.181875 7017370.050858 2061.213319
201.258311 367.578837 0.971324 0.351847 41.896748 54.134752 54.134752 21055236.795531 340.928827
502.131045 79.586396 0.826133 0.380487 60.947200 65.779730 65.779730 3379406.279063 1190.107872
628.023713 260.615778 1.513985 0.257351 52.767597 53.347287 53.347287 143227.483589 14132.084132
262.018524 170.726305 0.472271 0.381759 76.193715 79.967321 79.967321 1509146.401406 2573.385212
198.635487 167.913185 0.426353 0.509371 75.181673 80.443060 80.443060 2452728.823236 1832.676584
645.897691 239.423105 1.515874 0.213422 51.651080 52.896878 52.896878 529732.559506 5853.368057
339.293145 239.862404 0.675709 0.060014 70.818916 72.985400 72.985400 549167.728654 2933.346165
224.096984 314.869152 0.778019 0.347891 65.642000 67.373811 67.373811 806590.399879 6802.224977
181.973624 115.998129 0.255144 0.171363 92.323826 95.722153 95.722153 857991.857654 3739.085847
453.509489 288.325144 1.058111 0.040866 62.533125 -1.000000 62.442328 2094.315428 -290409.684877
104.024778 355.543558 0.831692 0.196597 42.319701 49.743540 49.743540 12393940.774919 1508.758875
342.655693 89.009532 0.466985 0.303465 81.552184 82.723371 82.723371 183195.012846 10333.387926
276.953868 336.595791 0.920888 0.320227 59.623009 62.564718 62.564718 2026311.662052 3005.672159
206.851033 188.219703 0.424546 0.318433 81.354702 83.406643 83.406643 568015.513314 6537.338205
314.638838 199.093379 0.551058 0.119609 69.665868 76.063676 76.063676 3823591.314775 843.668570
467.003497 396.693109 1.512126 0.146587 51.457492 52.849780 52.849780 634170.204769 4938.234306
325.480199 312.943681 0.933687 0.372343 50.304702 59.807516 59.807516 12368679.785641 429.722107
425.623676 111.983047 0.678874 0.387721 58.501211 69.360361 69.360361 10461731.354862 284.674312
215.093972 42.661017 0.273195 0.334125 90.971879 94.641673 94.641673 799217.112112 2806.085404
97.781279 20.672358 0.219076 0.481346 102.700503 102.772255 102.772255 1227.809544 346960.177191
73.010834 125.984658 0.173963 0.071094 78.005582 87.843729 87.843729 5683933.698177 1515.484837
513.260049 12.645183 0.819055 0.345076 59.540813 65.685507 65.685507 4951248.643604 772.885915
99.782036 49.902124 0.232938 0.465511 89.623208 92.364153 92.364153 668505.164652 6986.131897
436.626602 403.411527 1.468545 0.173728 52.876123 53.759175 53.759175 296685.377642 9410.358760
519.867084 328.418289 1.392707 0.169800 46.473264 53.058963 53.058963 8163930.740339 455.207238
114.314323 336.478748 0.773900 0.327037 58.758529 60.001437 60.001437 1279317.305067 14910.818112
547.904607 254.716525 1.253722 0.351092 56.698460 57.492987 57.492987 225658.650152 11432.672109
136.555048 263.350108 0.515333 0.224675 78.462613 79.019069 79.019069 122651.036721 31896.495850
101.394860 476.202034 1.375370 0.202219 38.357695 41.631498 41.631498 6880723.224636 4624.242156
169.900192 578.994631 1.959720 0.044484 38.606769 45.893323 45.893323 10172799.356028 163.754863
425.243162 2.639497 0.591489 0.322452 75.595948 76.606221 76.606221 170580.052904 11296.053832
316.598527 387.917417 1.193670 0.320225 44.545463 53.834420 53.834420 14724747.306947 378.106054
396.732447 117.066523 0.606090 0.310071 67.897772 73.477872 73.477872 3352051.587922 994.559065
294.363611 471.247073 1.514076 0.194072 50.648552 52.174642 52.174642 927575.476175 19343.423655
177.994625 488.324377 1.452545 0.198582 52.991900 53.517810 53.517810 203451.201119 21159.159009
264.919503 498.327203 1.599607 0.071177 45.142647 50.415761 50.415761 5699672.124580 557.865664
178.162403 32.039099 0.240326 0.343773 89.908688 95.929057 95.929057 1678811.278240 1491.866760
334.986571 379.515623 1.187915 0.373682 53.041624 56.366766 56.366766 2930989.099688 2257.182861
440.483105 66.407735 0.645769 0.290763 70.755450 73.261841 73.261841 906325.826140 3621.853490
133.905179 97.615441 0.274814 0.415608 73.756923 85.032841 85.032841 5953991.623920 758.565426
114.964864 286.508920 0.642017 0.335721 35.044112 50.930384 50.930384 23090739.944742 444.470078
117.661599 140.082092 0.300971 0.319673 51.449467 73.484419 73.484419 18573058.886919 236.801603
118.968387 155.912862 0.314832 0.358328 85.586741 87.406006 87.406006 576807.487697 10277.863052
294.996189 447.751606 1.412888 0.265385 48.428154 52.055838 52.055838 3958869.335124 1864.188197
334.321822 99.143124 0.460543 0.303657 84.125441 -1.000000 83.962739 5760.826680 -194401.751422
349.677134 189.404144 0.626248 0.309555 71.893731 74.000251 74.000251 701815.886102 4755.410950
193.181907 466.615329 1.390937 0.299908 43.850168 48.983287 48.983287 8440874.280657 1401.714070
503.177784 59.009907 0.822976 0.451040 62.485274 66.270103 66.270103 2213534.201128 1761.143505
442.390807 144.453317 0.733609 0.260511 65.445456 69.238641 69.238641 2079952.461758 1860.170314
319.363993 321.380863 0.930149 0.375069 65.614417 -1.000000 65.522019 4797.248206 -253249.965285
530.193350 34.362993 0.861184 0.304845 62.623966 65.578405 65.578405 1527225.907944 2437.483821
124.998627 292.888684 0.594774 0.152294 61.610567 66.947745 66.947745 5263011.270256 2234.937798
133.382965 446.072137 1.210718 0.318066 58.566304 58.596598 58.596598 4330.166161 522600.102505
260.865508 195.093197 0.536398 0.528409 78.141132 78.966931 78.966931 122098.222795 16374.657843
468.234235 245.479606 0.991389 0.181754 61.804791 63.024457 63.024457 370216.862722 7339.248435
606.973501 315.777749 1.604625 0.100656 45.462245 50.931627 50.931627 5786254.618341 368.148364
152.267954 238.598869 0.508211 0.327154 57.560792 68.074899 68.074899 11066812.725275 787.026557
83.176635 38.518636 0.157374 0.206456 78.526394 87.995396 87.995396 4643756.145134 1691.779304
278.524506 410.116641 1.179093 0.090268 59.723308 -1.000000 59.615487 5780.418285 -207910.628847
297.472054 363.350251 1.078804 0.390440 40.532379 54.729999 54.729999 25155073.377711 189.091538
422.502428 194.196638 0.750521 0.123770 69.503635 70.476583 70.476583 183699.644875 10323.901710
129.588897 291.156066 0.676932 0.465761 50.453474 57.074308 57.074308 8534542.413698 1691.882805
165.329267 82.024272 0.247301 0.299900 85.839172 93.331787 93.331787 2834220.231192 1231.583333
450.749424 457.734747 1.763680 0.149193 37.973141 47.499679 47.499679 17218109.597367 137.404912
320.535268 424.692128 1.332044 0.257186 56.283910 56.526261 56.526261 33971.278717 47898.605160
486.533254 112.364905 0.771039 0.100128 62.042244 68.319629 68.319629 4231732.917663 483.046640
124.712029 479.411167 1.391852 0.277101 48.640365 49.531769 49.531769 1096289.487585 16389.276186
353.089319 367.175119 1.155079 0.332520 59.227288 59.669519 59.669519 86042.414732 25029.499476
188.514435 102.072363 0.238910 0.149844 95.212361 98.065830 98.065830 582715.362024 4514.391593
608.054563 243.405090 1.393179 0.166484 52.695785 54.575738 54.575738 970940.833058 3454.002565
508.554476 104.819568 0.864180 0.398604 64.842447 66.270640 66.270640 443511.251711 6573.164636
470.300817 402.581402 1.556481 0.227831 49.894737 51.737964 51.737964 1160464.513776 3101.765053
118.842236 281.192203 0.575208 0.278465 70.542603 71.621050 71.621050 618520.099604 16677.301757
281.791622 286.930259 0.759051 0.238524 49.785266 64.119786 64.119786 19327809.822407 165.725009
324.865942 256.423482 0.729658 0.246291 67.066148 69.563855 69.563855 1123032.561217 3844.276858
295.859181 16.453200 0.299092 0.076812 84.672327 92.999709 92.999709 3193346.161343 212.802233
433.458499 186.240379 0.808635 0.448324 67.579778 68.400774 68.400774 163487.638340 13422.626987
187.174498 245.556070 0.561167 0.486882 75.291617 76.375873 76.375873 287863.239891 13626.051755
115.376269 272.776377 0.539955 0.156300 49.062749 62.100507 62.100507 16862437.126638 573.801131
170.205484 430.902811 1.184161 0.274286 51.401244 54.120230 54.120230 3049610.808661 3707.642795
236.771298 50.428082 0.303088 0.346508 87.375145 91.824395 91.824395 1193052.514105 2000.629423
166.864102 321.525527 0.758734 0.477001 68.341153 68.853670 68.853670 145019.493470 30295.915846
320.573210 331.012770 0.968268 0.370651 62.976367 63.666457 63.666457 166889.602877 17011.435230
434.251923 286.380575 1.047936 0.371618 61.690455 62.147100 62.147100 76886.819240 24331.652962
112.589633 222.603589 0.413577 0.262979 79.866417 80.875958 80.875958 400933.804452 19633.827401
529.228172 111.052104 0.934302 0.397688 57.754803 62.623735 62.623735 3814708.019739 1112.580211
442.024029 214.750729 0.884539 0.349916 57.144403 63.310268 63.310268 5545254.475799 931.953073
175.452520 512.670829 1.589005 0.168536 46.516658 48.969955 48.969955 2763849.766230 3506.886618
102.730838 61.665346 0.167512 0.216866 103.226041 104.545100 104.545100 189553.345698 16495.102935
288.416574 111.535969 0.402701 0.302854 86.595371 87.177847 87.177847 48297.254719 25227.870950
198.342027 232.761045 0.524917 0.390205 75.959210 77.645361 77.645361 539137.354156 8047.191146
600.727771 402.967001 1.922954 0.072713 42.420177 47.548832 47.548832 5325808.371145 117.532792
200.141275 284.351994 0.636616 0.169702 47.673716 66.107022 66.107022 25282573.397374 167.638054
124.182084 189.549597 0.313323 0.143930 93.371222 93.602497 93.602497 14938.674876 91620.632825
102.251149 135.789616 0.299552 0.415404 80.127793 82.841887 82.841887 1197897.030758 7276.042735
393.914519 306.497272 0.996435 0.175491 63.980228 -1.000000 63.906188 2789.414337 -316020.814314
170.630443 428.005013 1.169601 0.182865 37.804674 50.019747 50.019747 23844416.484803 261.194789
50.897495 42.519160 0.240111 0.436016 34.231200 45.901864 45.901864 5415755.187095 7718.189115
158.691570 162.038579 0.318703 0.229634 83.242740 87.617537 87.617537 1812126.982457 2897.501830
460.941410 287.260372 1.097758 0.201052 57.916847 59.927890 59.927890 985071.307856 3777.195478
247.487656 55.410435 0.325195 0.386825 89.369507 91.440512 91.440512 331536.576012 5560.236603
556.284275 47.996573 0.909766 0.099970 63.955700 65.415523 65.415523 388856.681912 3980.215912
215.670373 105.394476 0.336500 0.385577 68.969082 85.180526 85.180526 10774282.900113 160.285620
179.023249 476.062390 1.404456 0.278869 51.728369 52.836134 52.836134 793596.614731 9760.310852
105.844030 347.363148 0.806540 0.283278 55.412269 56.756753 56.756753 1633999.253943 15883.822443
74.852508 120.861868 0.320869 0.516397 49.926256 57.860825 57.860825 5406549.945342 3944.356876
245.709163 334.435598 0.900041 0.453380 54.808742 60.438907 60.438907 6016143.575013 1370.608275
244.070649 341.544573 0.894239 0.394351 65.371000 65.807829 65.807829 82143.030723 30346.393601
494.006652 245.550662 1.053143 0.118647 55.090961 60.343122 60.343122 4226504.127885 749.263224
234.920574 422.042890 1.195822 0.206264 53.685310 56.268942 56.268942 2095362.494825 3296.079456
113.578703 327.117266 0.719756 0.216192 57.830579 60.805552 60.805552 3327749.091958 4511.846774
169.192102 316.501925 0.693763 0.108397 52.698344 64.950197 64.950197 15128166.858783 348.198749
105.754772 34.707693 0.187182 0.332813 106.629772 106.678632 106.678632 522.339204 521631.012774
146.322340 255.313320 0.512033 0.212282 66.622229 72.137292 72.137292 4533655.574290 2012.069724
159.468950 386.721757 0.972411 0.182053 48.213320 55.526210 55.526210 10778755.896596 1029.925451
299.237262 181.161755 0.528177 0.342764 80.374504 -1.000000 80.202003 7912.309166 -172342.123231
375.308229 46.737924 0.497293 0.285957 75.597421 79.510563 79.510563 1535498.996526 2025.426218
277.704229 125.060163 0.421393 0.394099 86.629947 -1.000000 86.532717 2122.238999 -322946.704220
282.371329 155.994026 0.492263 0.482599 78.032807 80.199256 80.199256 561457.084843 4981.883288
105.255383 243.709457 0.444932 0.155365 67.841906 72.250661 72.250661 3699487.596852 3414.462822
82.716264 391.863182 1.018275 0.327914 37.458894 38.918615 38.918615 2755995.619173 56237.519348
111.748894 326.813126 0.761244 0.422758 57.941959 58.735108 58.735108 846938.445330 34129.593211
83.100064 82.174848 0.190921 0.278950 102.016792 102.131375 102.131375 13035.953353 285381.619928
106.751209 107.736654 0.305302 0.541261 69.149935 77.253836 77.253836 4370013.903053 1684.801065
263.386175 244.213197 0.655862 0.481643 59.578181 68.230015 68.230015 8030211.568076 699.327641
87.458555 210.821688 0.380156 0.219158 70.309885 72.174992 72.174992 1447735.961474 12979.021857
303.859438 182.037032 0.540949 0.326813 73.030432 76.710509 76.710509 1624900.387540 2486.468918
275.622058 241.875642 0.651785 0.458735 69.546582 72.012305 72.012305 1038972.469615 6358.874465
245.447069 147.957553 0.356216 0.144217 90.765538 -1.000000 90.543330 8825.367200 -154378.356901
552.373588 329.145417 1.493684 0.211763 47.862910 51.937002 51.937002 4060508.655837 1185.898714
82.238944 85.183848 0.224511 0.322205 70.215149 77.287515 77.287515 3974127.403568 2598.359942
516.845284 174.446022 0.933470 0.003580 64.406422 66.574149 68.113828 832894.447844 -7278.934219
72.558432 319.214114 0.800101 0.484856 16.540939 28.534816 28.534816 14104398.875094 5592.488354
83.785472 212.255996 0.433048 0.315309 40.275294 51.801318 51.801318 12338942.324613 1483.511507
105.165146 304.800677 0.699888 0.340871 35.486052 47.237933 47.237933 17880905.798157 806.085828
148.866861 310.767922 0.644449 0.116152 74.816985 74.970356 74.970356 10732.362911 108628.001285
109.431064 124.338827 0.289364 0.476492 94.344419 94.578729 94.578729 17580.819935 98216.274863
555.239445 184.183311 1.121237 0.336571 46.568500 57.027292 57.027292 14917344.548085 178.922894
135.790151 383.387810 0.918480 0.141299 60.798520 62.217330 62.217330 871252.416383 9065.780635
239.560181 466.361770 1.416381 0.173671 45.656111 51.005577 51.005577 7340593.519317 1095.585418
265.158747 443.307744 1.349857 0.272302 48.184304 52.382206 52.382206 5057428.844131 1620.819453
555.150003 20.650660 0.948397 0.421550 57.804328 62.395930 62.395930 3472701.359158 1263.964249
634.995515 13.021991 1.155967 0.137982 60.278621 -1.000000 60.183594 4104.432014 -243716.852634
501.475798 134.292486 0.842976 0.129032 65.295771 67.049207 67.049207 552426.494556 7183.774467
