107.044226 478.261772 1.348228 0.145800 51.514678 52.082383 52.082383 499396.684690 26908.078130
314.051197 339.824751 0.956045 0.092214 50.260087 61.485541 61.485541 13496251.395105 136.099275
120.188509 429.263371 1.153847 0.220295 40.910810 46.648979 46.648979 10893967.764168 1703.776993
139.809563 325.964266 0.759876 0.415381 62.107219 63.732213 63.732213 1284066.814185 9136.750471
93.060249 434.344472 1.141705 0.118466 38.328625 44.562736 44.562736 11942082.360726 1907.196645
110.405504 543.709758 1.716751 0.132517 44.930857 46.024972 46.024972 1352565.774285 11331.217531
263.057352 238.889928 0.651357 0.504729 49.927912 66.724280 66.724280 20579984.525293 170.103061
71.706863 92.370879 0.203724 0.216943 50.258367 66.781222 66.781222 11147328.396484 650.850207
238.962558 8.795510 0.254811 0.194415 89.609609 95.705222 95.705222 1932408.575336 1271.069712
108.314962 346.213232 0.849979 0.368484 37.209118 45.208585 45.208585 13690942.017077 1931.194567
101.880349 67.643172 0.248040 0.516102 97.819611 98.140089 98.140089 20258.387192 72407.805890
522.925091 352.565306 1.489202 0.255739 54.293340 -1.000000 54.238439 2303.729943 -359182.781043
86.448057 227.777877 0.500577 0.425723 38.352121 48.237924 48.237924 11042026.505901 2203.605715
57.359655 104.146331 0.159532 0.088251 52.660401 69.621691 69.621691 11124578.225402 939.122432
339.915575 402.700764 1.266723 0.168317 51.454802 55.298910 55.298910 3480132.325683 1523.640217
575.776479 43.493076 0.965935 0.099508 64.730353 -1.000000 64.606198 5235.959148 -205505.228117
118.522642 254.273488 0.517292 0.337416 70.447544 72.094537 72.094537 1066330.753596 10850.723644
66.341912 99.074667 0.215253 0.238802 59.073332 66.652850 66.652850 5022270.567239 4351.707298
387.140419 300.504564 0.998705 0.435238 62.289535 62.991197 62.991197 163617.125662 15506.552753
90.820038 335.455603 0.755914 0.178263 32.359005 45.013624 45.013624 20574086.368130 852.293757
107.357849 159.421259 0.344151 0.448775 76.311536 79.128466 79.128466 1432470.631734 6646.894159
127.581621 164.823982 0.360587 0.487021 83.935304 85.333946 85.333946 376722.701818 13093.196755
86.161384 79.673032 0.188160 0.221847 75.570843 84.273037 84.273037 4771909.305460 1852.095804
440.666542 173.044513 0.811450 0.438165 56.491832 64.945167 64.945167 8329117.520273 471.391606
82.708450 264.147642 0.486858 0.127712 63.168540 65.912571 65.912571 2698358.885725 7282.276267
285.755719 32.450081 0.388836 0.494759 81.261942 85.797252 85.797252 1355980.851140 1602.973558
119.962700 371.416123 0.921691 0.392547 54.787346 55.858588 55.858588 1241528.323920 17356.398818
291.479861 246.223342 0.672211 0.363867 66.632951 70.445368 70.445368 2209071.848570 2280.930511
432.132878 165.038524 0.771029 0.465574 68.009250 69.266485 69.266485 325295.157546 8148.448096
76.168112 198.702757 0.341004 0.168481 66.019373 68.881893 68.881893 2475060.674024 9358.771016
130.741157 414.926077 1.071662 0.267322 57.543304 58.158416 58.158416 412699.149311 24223.256284
82.341133 293.937984 0.591917 0.143705 48.033583 54.151275 54.151275 8286049.693733 2776.001673
423.976968 321.228179 1.143755 0.312766 50.858144 56.834751 56.834751 6705040.564332 813.102307
279.377723 279.150674 0.717744 0.244918 70.325055 71.204272 71.204272 195208.264309 14087.866872
507.878107 48.713699 0.791405 0.211378 64.522339 67.763604 67.763604 1630371.184184 2156.286335
88.214856 442.670041 1.149179 0.053019 44.516426 50.589711 50.589711 8714236.457573 1538.000280
593.726837 133.142766 1.117716 0.122079 50.167166 58.675816 58.675816 9481866.733984 166.120970
121.444721 332.076538 0.720223 0.230759 70.546465 70.715523 70.715523 36026.180370 107835.234321
229.678367 378.066821 1.005908 0.216330 53.422877 58.583251 58.583251 5628800.500400 1454.758368
99.567525 209.129787 0.382428 0.246996 75.138173 77.008629 77.008629 1167168.207824 10888.338345
454.794129 12.255460 0.670257 0.383120 71.649280 72.998637 72.998637 314329.362456 7726.892446
42.422473 82.350772 0.279593 0.468259 16.066690 31.897499 31.897499 5728337.371513 12741.518951
197.393501 138.000197 0.368191 0.467979 84.242919 86.804794 86.804794 621033.124381 4904.812952
208.177767 482.276434 1.456129 0.212659 51.844180 52.890577 52.890577 590744.469195 9462.429767
116.740834 530.135004 1.663150 0.167490 37.676437 41.667390 41.667390 8460147.947681 2421.505593
192.199804 321.056501 0.774231 0.363983 62.123008 65.112007 65.112007 2232216.380276 3434.109196
200.816288 254.732420 0.615181 0.478023 58.335746 67.235053 67.235053 8869396.218925 832.498949
507.343226 255.216854 1.154663 0.337152 41.293292 55.781630 55.781630 24862990.107244 44.208085
94.592908 294.929098 0.663893 0.304419 22.382333 42.387590 42.387590 26921654.066603 674.112906
320.216592 237.349892 0.679830 0.272228 65.481714 70.138849 70.138849 3003188.737000 1658.640373
286.552055 275.851424 0.730136 0.304646 68.802177 70.168465 70.168465 428699.843390 8349.802329
170.993028 535.775710 1.707952 0.080397 35.777967 45.988985 45.988985 19920239.280959 233.120263
497.051864 73.546674 0.795376 0.347285 68.088028 68.919069 68.919069 159196.732472 12937.559820
222.050349 253.609842 0.581811 0.304003 75.883037 76.632831 76.632831 138759.312694 19219.049514
161.869574 353.797442 0.876280 0.358510 52.965392 57.824027 57.824027 6093403.036039 2079.489541
74.330022 195.399898 0.385305 0.302723 53.208982 56.894961 56.894961 3555687.014049 10696.066429
89.929546 504.498769 1.455772 0.036174 54.478415 -1.000000 54.374456 8774.970124 -190696.746024
133.433831 403.854321 1.026717 0.174220 47.640202 53.143546 53.143546 8358691.465899 1704.527759
275.384235 89.003442 0.381001 0.377153 85.307045 87.336305 87.336305 384910.016705 5602.840640
639.295837 46.527978 1.205792 0.348791 58.540157 58.903620 58.903620 52434.387087 28638.914230
313.164413 479.349948 1.597997 0.185206 36.404565 47.903611 47.903611 23363728.789701 146.822006
656.501582 164.986119 1.383369 0.182050 55.925477 -1.000000 55.816228 6548.637707 -196283.104258
462.048107 134.436401 0.798649 0.472712 63.638632 67.080916 67.080916 1860929.406270 2136.788661
343.224915 151.160361 0.522177 0.164692 69.567609 77.063765 77.063765 4841858.141021 672.896215
310.392400 150.657179 0.511721 0.420452 78.499010 79.902301 79.902301 276764.840756 8291.628849
140.769087 355.250119 0.871580 0.348244 50.155866 55.235601 55.235601 7188808.052707 2138.730937
387.591525 186.474125 0.721481 0.479364 67.498807 70.016368 70.016368 1031467.229194 3446.482800
338.001929 144.833249 0.538211 0.366655 76.917713 78.485791 78.485791 353855.753406 7049.094694
135.020180 150.246830 0.263398 0.175433 95.024017 96.090182 96.090182 162140.837905 17698.358151
585.473726 225.647220 1.274553 0.181898 56.229418 57.156442 57.156442 269481.395898 8440.703428
126.932293 358.020856 0.839263 0.237053 57.852662 60.109997 60.109997 2291937.777210 6098.465135
290.335492 189.675368 0.532443 0.351293 80.153082 -1.000000 79.984031 7843.296361 -175392.398933
157.922752 304.707141 0.637258 0.117105 70.435672 72.344046 72.344046 811695.348064 6581.912320
143.122574 376.236025 0.923312 0.197138 47.648119 54.899715 54.899715 11053318.976285 1101.026511
326.036957 329.163510 0.967484 0.277347 57.379637 61.279846 61.279846 3111875.400150 1971.701568
194.863673 85.177141 0.245355 0.202463 92.384577 96.533478 96.533478 1080233.569149 2698.704103
69.400088 538.197173 1.683219 0.091344 31.480102 34.168904 34.168904 6241943.036863 12395.386948
109.357824 451.831147 1.224500 0.189675 53.138052 53.586772 53.586772 411606.899018 38876.536760
158.244320 263.460702 0.538467 0.176932 58.935916 69.333729 69.333729 11107130.506424 736.154778
474.315920 84.159537 0.707203 0.094165 67.356956 71.122893 71.122893 1649656.012086 1420.386607
237.180513 352.449132 0.944497 0.399941 55.288448 59.819309 59.819309 4576656.497323 1886.078689
620.371817 304.033382 1.607543 0.113228 51.506471 52.120380 52.120380 137127.785475 12200.169651
111.494877 334.629614 0.813065 0.346572 20.300723 42.267490 42.267490 34312701.305165 307.478064
290.671608 132.491773 0.467827 0.445432 73.692529 79.708033 79.708033 2937564.337439 3758.597404
221.100383 256.919121 0.607602 0.316658 60.951294 69.350357 69.350357 7942951.229599 846.506520
332.453134 376.398704 1.151921 0.275436 57.114221 58.611615 58.611615 721979.649853 6018.191700
192.549571 344.688371 0.884712 0.397297 43.852214 55.663788 55.663788 18964446.349333 461.409090
85.718661 15.711408 0.189768 0.346396 88.757143 92.092802 92.092802 1037307.360940 6439.373416
193.881809 253.204542 0.578113 0.477985 77.879861 77.988049 77.988049 5099.611976 162983.623322
271.436688 195.527710 0.558740 0.519687 69.247299 74.532334 74.532334 2966545.515748 1296.045770
88.905733 166.160717 0.288705 0.248958 88.936922 89.052404 89.052404 34146.508106 403862.696181
115.671828 318.263079 0.704298 0.244327 52.885666 57.966837 57.966837 6685016.460943 2488.310114
91.129031 363.063983 0.828957 0.118067 45.207919 51.393008 51.393008 9692466.839749 1963.561433
78.976681 54.241764 0.189916 0.306629 88.011343 90.162258 90.162258 748017.541850 10988.088412
293.573053 465.994373 1.488954 0.159688 44.629386 50.554043 50.554043 8177505.017711 794.522483
149.440485 294.576204 0.641489 0.220182 48.744365 61.579927 61.579927 17634770.445213 513.669747
93.776393 262.129120 0.584046 0.396191 36.186030 47.084269 47.084269 14052129.770359 1463.986825
59.653662 338.045862 0.734787 0.116697 41.092174 42.918099 42.918099 2781359.690097 45513.884305
294.723859 248.261085 0.703144 0.494454 66.247854 69.524594 69.524594 1748503.993902 2529.803522
268.892568 73.056607 0.292196 0.101489 91.130842 94.144810 94.144810 621471.845111 3277.984098
137.433593 219.777619 0.476482 0.489964 72.087137 74.795791 74.795791 1517465.479287 5683.713304
104.660653 471.481837 1.344136 0.138219 24.018144 38.738488 38.738488 33037915.460508 341.145616
205.063594 194.900723 0.494494 0.535463 58.773838 72.638674 72.638674 12522968.405156 342.083222
216.705928 410.601144 1.155142 0.304823 42.507633 52.034929 52.034929 16688166.182177 491.217111
233.200352 273.127733 0.662428 0.305978 61.461176 68.188114 68.188114 6017963.808913 1106.397347
276.910877 391.686044 1.109425 0.150706 56.568393 58.964989 58.964989 1486623.802825 3340.751083
336.791215 327.480355 0.983963 0.313824 58.431643 61.398975 61.398975 2005816.575991 2911.970113
284.311770 497.953957 1.626943 0.133319 52.355453 -1.000000 52.334232 472.325369 -850240.095500
135.901691 414.131751 1.058641 0.228505 60.340119 60.650467 60.650467 105587.145893 47662.833314
532.013853 55.369181 0.889065 0.369506 58.720619 63.856563 63.856563 3968754.669862 1037.244484
361.370165 15.242715 0.467265 0.321561 78.870959 81.692131 81.692131 816794.376010 3201.513547
290.002904 377.599475 1.073180 0.220545 61.982501 -1.000000 61.879566 6538.753152 -215940.479726
248.656575 480.180521 1.482750 0.132058 53.021204 53.595601 53.595601 160908.670611 16610.990984
80.544023 479.377513 1.356908 0.115032 41.564650 42.916318 42.916318 2505831.571908 21337.652689
239.920855 180.918431 0.451648 0.336228 79.408174 81.852704 81.852704 740177.128928 4829.717699
195.695754 367.403704 0.890581 0.078023 65.459660 66.060772 66.060772 104202.781844 19125.258089
116.616742 307.803394 0.680490 0.222857 23.500050 50.674660 50.674660 40983055.297085 41.915848
177.583500 111.665124 0.250698 0.200261 99.016805 99.374901 99.374901 16794.189086 53458.674374
283.463577 418.326390 1.238872 0.218856 57.819445 58.128088 58.128088 50218.645727 36887.450332
131.969024 348.570004 0.764933 0.071010 62.606364 66.125724 66.125724 2372811.708773 2610.031326
130.303408 255.127277 0.514152 0.218559 52.857550 64.954923 64.954923 14502613.683523 697.992145
88.448987 176.743938 0.369032 0.431003 70.343542 71.301126 71.301126 630371.815145 45357.818309
186.506879 225.110425 0.517890 0.511536 77.064772 78.317977 78.317977 325186.668199 11696.753998
275.379469 218.227110 0.573892 0.357733 75.962911 76.973065 76.973065 197485.457944 12816.476221
106.172325 404.460213 0.977867 0.059143 54.134370 58.208864 58.208864 3928954.802260 2374.608266
210.325460 447.803188 1.278535 0.217034 57.384336 57.534808 57.534808 17676.183357 83927.320616
276.498166 451.825046 1.390991 0.211010 52.516230 54.005201 54.005201 870068.135841 5945.953037
67.724785 475.092716 1.322620 0.067961 31.625602 37.719133 37.719133 12133740.973965 3301.992185
116.184110 288.984144 0.645760 0.403964 55.814144 59.421493 59.421493 4171611.716589 4268.362798
149.027362 330.075276 0.773160 0.421670 64.914802 65.928936 65.928936 561034.997790 14907.884545
166.499445 119.630862 0.340984 0.514159 66.965600 81.679279 81.679279 9276565.936449 314.565957
285.173048 58.764191 0.325634 0.177538 89.597703 91.628081 91.628081 359807.414026 5614.585367
177.538404 396.905830 1.072688 0.342144 38.376944 50.149652 50.149652 22419128.451561 336.795593
219.132911 307.498532 0.796055 0.472639 41.435714 58.721607 58.721607 26962929.067956 211.218173
152.123100 96.146796 0.258132 0.349130 93.627373 95.666130 95.666130 353091.226504 7663.793273
119.227658 166.247094 0.369268 0.466693 69.036499 75.098239 75.098239 3977313.841810 2268.812683
346.155395 69.207756 0.443599 0.218409 76.216493 81.900966 81.900966 2656005.169671 801.451412
242.259599 222.968440 0.559367 0.436433 73.933360 76.104722 76.104722 755276.260428 5395.531651
142.867752 158.814001 0.285517 0.200060 96.515795 96.610117 96.610117 2340.494987 234742.090982
493.792207 201.898303 0.978401 0.291831 50.457515 60.313997 60.313997 12342403.224785 251.723271
231.568650 249.584212 0.599534 0.421065 77.105291 -1.000000 77.016241 3378.970827 -302898.421908
78.861445 183.041641 0.364526 0.280998 28.986354 50.451333 50.451333 19202243.566853 620.119820
306.858314 227.770140 0.617188 0.211246 73.946857 75.102461 75.102461 255258.776526 10428.910742
154.516571 316.517460 0.725897 0.269406 50.925357 59.878060 59.878060 12131730.077475 854.132784
368.456587 150.968974 0.573989 0.199044 72.155838 75.772471 75.772471 1573583.228006 2148.214819
141.903975 63.445083 0.164579 0.123055 83.655729 100.066570 100.066570 8222426.437734 375.008532
166.466705 248.351824 0.513379 0.289614 77.378364 78.507226 78.507226 319700.414011 13756.011077
119.078879 550.260121 1.745471 0.079937 47.845562 48.654793 48.654793 487249.967804 12746.450354
73.657490 200.046657 0.351424 0.193040 66.371097 67.599644 67.599644 1053748.703771 40855.928003
110.809463 412.899203 1.134222 0.349586 18.532969 35.802827 35.802827 33047238.979672 603.712969
267.294052 285.844594 0.711203 0.143069 59.077332 67.683974 67.683974 8257434.443028 626.420849
219.192793 346.962665 0.888181 0.289439 53.961057 60.237996 60.237996 7277714.392882 1175.198602
159.139335 103.229050 0.243073 0.234861 88.304110 94.157231 94.157231 2094737.138347 1955.901423
192.701987 261.947623 0.606818 0.491500 74.245124 74.987693 74.987693 162326.615885 20212.432179
451.441309 236.769015 0.929800 0.231453 65.926972 -1.000000 65.917611 64.359009 -2513518.108633
468.591577 87.262056 0.731184 0.275476 62.466614 68.612479 68.612479 4544170.240876 926.972875
225.096401 294.152300 0.717812 0.273653 47.190948 63.098923 63.098923 22641586.408708 214.840193
327.533338 262.278229 0.779046 0.342490 48.261345 63.771527 63.771527 21394561.594953 92.717556
125.888845 305.087628 0.639628 0.263539 72.904715 73.204825 73.204825 76464.226259 60908.392725
267.473684 469.316954 1.474472 0.265768 49.981511 51.975294 51.975294 1603445.242523 4165.252521
50.576547 267.715389 0.488200 0.076125 24.735378 40.065682 40.065682 15457137.497229 2284.522666
200.549756 178.096792 0.423809 0.403193 74.934539 80.420226 80.420226 2801188.617656 1751.763873
297.962630 338.634819 0.939185 0.245566 64.948636 65.170021 65.170021 21531.656990 59044.102688
284.043694 353.366374 0.957365 0.125802 63.759444 64.321467 64.321467 99135.008388 22311.077562
83.077469 481.539408 1.455281 0.282975 12.793648 25.751036 25.751036 24546234.490168 2897.711587
439.573564 330.484139 1.199970 0.245523 52.721082 56.665280 56.665280 3447962.701644 1420.708535
132.678131 199.749445 0.426587 0.506283 80.879860 81.839356 81.839356 260278.029401 19235.978231
175.559416 423.347495 1.168436 0.253208 38.230340 49.385308 49.385308 21889591.561925 398.215353
461.527827 347.957993 1.319907 0.260237 50.263035 54.373368 54.373368 3982233.029385 1469.726369
89.103560 54.246013 0.229314 0.410575 67.839213 78.330920 78.330920 5384931.014819 1386.938498
434.122634 385.421832 1.384037 0.159423 54.034370 55.055110 55.055110 357120.145887 9648.008139
151.735924 338.069788 0.838052 0.468814 50.794181 56.249696 56.249696 7344980.338372 1892.089760
262.194113 317.175811 0.843619 0.366058 59.174880 63.523783 63.523783 3639857.589742 1884.081606
126.898972 494.085974 1.488984 0.223043 33.108951 40.802163 40.802163 18015057.788038 940.345823
136.614417 411.297578 1.116908 0.388173 41.564535 47.181963 47.181963 10389857.413575 1799.627493
169.336060 232.037015 0.435814 0.125840 85.720605 -1.000000 85.644453 2005.197969 -386074.799341
363.874605 265.149758 0.834880 0.293623 61.694443 65.417339 65.417339 2426240.471470 2070.904006
128.855987 532.062866 1.653769 0.156836 49.204845 49.704047 49.704047 304028.984955 23891.618216
133.149702 365.588247 0.905810 0.430204 57.244197 58.499870 58.499870 1219097.087246 12522.701066
94.619298 293.089302 0.680601 0.490419 50.640967 51.806448 51.806448 1497045.891016 51719.213011
203.168845 246.970181 0.585285 0.413194 58.412160 68.476450 68.476450 10178238.033650 681.154157
158.387530 358.542527 0.917338 0.410133 41.611247 51.824046 51.824046 17398565.807749 670.456238
236.747597 189.757683 0.489792 0.431827 70.501422 76.923605 76.923605 3857731.423899 1172.189328
248.886570 442.963282 1.305252 0.255529 57.468315 57.482538 57.482538 239.392061 929314.200763
457.923674 237.395326 0.969399 0.351851 61.428008 63.077264 63.077264 660570.435467 5012.894021
222.992174 199.534019 0.488888 0.465411 80.683362 81.399566 81.399566 97240.543131 20824.867584
123.285161 263.517314 0.549823 0.280412 53.869696 62.447925 62.447925 10219599.462431 1203.279098
262.436813 395.433568 1.113793 0.218578 56.885555 58.803869 58.803869 1144036.422761 4789.879916
211.581794 215.380706 0.504754 0.425685 77.780811 79.266855 79.266855 384649.172997 9138.299728
215.440621 379.760873 0.999047 0.213609 50.656446 57.497163 57.497163 8862751.454540 932.505735
534.197948 93.892466 0.917766 0.390195 65.923893 -1.000000 65.782058 8182.097579 -174851.583312
174.696420 149.723674 0.349648 0.387257 82.431882 86.220726 86.220726 1327874.254070 3261.240821
302.132040 368.758126 1.086387 0.390140 57.731566 59.490635 59.490635 976659.854392 5624.043306
372.250904 236.447015 0.741184 0.119599 68.791741 70.349953 70.349953 426180.460459 5899.253016
99.069650 112.214411 0.231347 0.230460 56.895664 76.744326 76.744326 14776571.854985 350.674129
509.039566 228.599970 1.079292 0.355044 58.921736 60.505757 60.505757 664374.983732 4964.830704
460.801923 59.454246 0.674132 0.232017 74.144196 -1.000000 74.060926 2344.274934 -327529.204915
396.034099 347.110929 1.159350 0.248315 56.524335 58.413875 58.413875 1001219.248540 4264.357508
85.591787 376.979468 0.926998 0.184733 13.735528 35.589270 35.589270 33029423.449887 577.907118
656.659331 81.252326 1.277111 0.213608 56.425953 57.210444 57.210444 202382.310205 9673.129967
416.961221 171.824029 0.731207 0.346437 69.536836 70.724326 70.724326 287190.850528 8925.574477
176.744812 362.114586 0.928676 0.340473 41.015317 53.387427 53.387427 21445337.227151 382.326125
87.381425 18.975180 0.182675 0.300480 77.699563 86.399347 86.399347 3932982.295027 1803.302350
65.036413 441.219587 1.118127 0.019384 40.701968 54.731348 54.731348 14612060.566730 186.512465
140.416303 308.609208 0.662317 0.204254 64.107070 67.251648 67.251648 2539905.923876 4025.021642
667.143736 25.480445 1.303849 0.295326 42.901051 53.867781 53.867781 17555818.772571 134.097126
613.875300 152.052815 1.224823 0.284512 58.855480 -1.000000 58.770446 4134.737157 -259396.092236
311.804063 174.171076 0.553937 0.417907 74.522920 76.924145 76.924145 773563.955892 4494.095552
187.897868 157.606014 0.395347 0.453911 65.903504 78.750236 78.750236 9362415.803257 414.778383
170.214997 158.578148 0.299565 0.152836 87.613417 91.132775 91.132775 1120548.155289 3592.384939
109.041822 217.533969 0.470417 0.483839 63.278330 66.736023 66.736023 2891655.973893 5032.911463
76.610674 309.645047 0.713408 0.320537 31.165261 38.206240 38.206240 10209452.620855 5487.178118
151.593874 223.599000 0.464541 0.369273 75.922804 78.215689 78.215689 1025733.154898 6529.956637
115.692762 480.153194 1.355095 0.177906 55.725372 55.765732 55.765732 7405.037827 387925.466031
354.844026 327.467226 0.995867 0.192087 60.925210 62.449715 62.449715 601264.289568 5983.397173
617.496905 53.770484 1.146222 0.390772 57.296426 59.039644 59.039644 794169.903475 4563.410270
235.303896 164.073899 0.407435 0.317811 87.418973 87.527677 87.527677 2778.193412 168298.414950
395.187418 30.470532 0.516009 0.239274 81.029699 -1.000000 80.826788 9208.865928 -152454.090914
118.946817 151.255932 0.353340 0.476089 61.470352 72.515031 72.515031 8205440.745975 950.227654
366.848947 255.254729 0.818265 0.315132 60.686821 65.442115 65.442115 3558533.548122 1439.027883
184.457802 231.331620 0.475112 0.251868 82.637633 82.891839 82.891839 19118.394742 69278.096231
559.156226 206.019634 1.171580 0.350839 55.611072 58.056442 58.056442 1475451.769380 2884.254735
197.053737 309.193349 0.704977 0.246718 72.567483 72.693520 72.693520 7966.660326 127991.410729
128.840325 382.983173 0.980972 0.420872 52.084996 53.944468 53.944468 2400334.611797 8130.948930
414.885534 96.969893 0.637734 0.389716 63.915189 71.605637 71.605637 5737328.903622 602.050747
122.570742 175.959617 0.315026 0.213739 82.963362 86.142332 86.142332 1404085.998777 5138.124460
298.174874 51.903703 0.408602 0.498682 87.270473 87.432363 87.432363 4148.183480 100867.344272
335.112702 310.632734 0.933737 0.341599 54.770755 61.027493 61.027493 6459465.254899 936.995348
529.272868 266.566958 1.219768 0.169339 47.472325 55.900791 55.900791 10831867.679481 289.147872
85.119645 189.287050 0.409853 0.437276 51.920009 57.512323 57.512323 5189024.395682 4678.517684
81.037101 219.195576 0.383105 0.161032 66.067513 68.981550 68.981550 2600139.472472 8007.924222
229.122818 359.648809 0.976522 0.409520 44.944165 55.606113 55.606113 16932098.691014 427.293615
130.903316 472.063641 1.316636 0.075276 52.334508 54.142436 54.142436 1277843.185400 5002.480857
261.359703 238.253444 0.554735 0.090456 67.733962 75.509631 75.509631 5195937.262780 574.757888
130.668962 414.217610 1.069811 0.309066 59.112180 59.375198 59.375198 126694.061915 61451.657091
467.328100 206.673898 0.938968 0.420633 54.318452 61.540279 61.540279 7417658.703803 648.178325
445.055331 105.656966 0.718625 0.495586 72.236852 -1.000000 72.074642 8224.675296 -168016.054223
89.652139 139.476182 0.306696 0.431052 77.538202 78.979425 78.979425 703418.148114 19274.501792
101.054122 102.809077 0.250573 0.427841 99.664800 99.699859 99.699859 653.641226 722348.767075
164.797657 414.770610 1.110201 0.367399 56.723747 57.734164 57.734164 672058.998285 12549.728833
228.482961 408.150455 1.122609 0.270578 60.558687 60.708763 60.708763 15480.944773 87759.865501
131.946142 418.011273 1.057474 0.102818 58.965754 59.969940 59.969940 481338.224962 12251.758283
168.365459 366.516283 0.956574 0.432799 42.988484 52.260062 52.260062 15588527.890104 782.203665
346.430700 118.283912 0.540898 0.473932 72.871954 76.962010 76.962010 1712926.778688 1794.912838
77.365635 336.307065 0.812107 0.357451 35.851767 38.710172 38.710172 4616929.360580 23640.478672
127.920374 418.148009 1.082497 0.268693 58.014095 58.428046 58.428046 244726.651016 37698.011084
484.083326 221.765638 0.960766 0.102815 62.806339 64.053569 64.053569 321171.192226 6310.425440
243.314216 62.523112 0.281287 0.200144 85.874235 92.825494 92.825494 2639800.087402 983.491301
99.113118 83.348845 0.234388 0.376048 83.479724 87.872602 87.872602 1699436.656467 4078.680815
442.742521 99.669968 0.673423 0.268980 72.187179 73.172457 73.172457 186615.655562 11253.834723
366.620663 3.600979 0.484668 0.367178 78.124350 80.799052 80.799052 755198.381684 3366.957445
126.114757 162.114215 0.361005 0.458362 72.484720 78.077351 78.077351 3278259.736764 2434.658460
101.204071 423.937075 1.146867 0.231397 21.319640 36.498170 36.498170 30321625.900194 595.886737
69.188915 380.543046 0.879303 0.074762 42.814035 47.385877 47.385877 7135802.900729 4360.343964
258.386103 384.040389 1.040885 0.125305 62.852365 -1.000000 62.778763 3121.823548 -305017.019962
147.515089 491.888353 1.480730 0.237376 39.848290 45.114526 45.114526 10398450.845473 1483.575142
379.129668 342.783442 1.086523 0.109476 60.378224 61.144508 61.144508 164240.991017 11898.396868
306.616180 384.595383 1.150773 0.367384 57.991679 58.957566 58.957566 364051.166764 10849.550292
412.004044 230.913416 0.834577 0.304878 68.648918 68.673874 68.673874 339.171194 602437.128764
207.160333 493.546949 1.534535 0.227826 40.946910 47.334945 47.334945 11491880.642661 849.118514
100.692911 127.510711 0.302846 0.490447 83.612522 85.163479 85.163479 516016.979499 14055.687918
72.004700 113.590770 0.235082 0.263604 68.371856 72.376458 72.376458 2567417.965619 7015.724748
348.778999 198.993068 0.629589 0.190293 56.564426 70.758975 70.758975 15472810.318514 122.035657
138.023597 158.142766 0.278212 0.157839 85.167290 90.040433 90.040433 2096815.590409 2711.240453
200.185577 451.574875 1.289720 0.161275 51.593723 54.227197 54.227197 2355070.049269 3369.453219
496.377663 180.957922 0.949864 0.400047 60.597332 63.111274 63.111274 1304832.730306 3147.109334
469.632721 122.663169 0.769644 0.262730 63.267567 67.778587 67.778587 2864943.079924 1383.691967
65.212363 540.110114 1.685688 0.068782 28.349103 33.098043 33.098043 10741595.880487 5351.218437
61.045919 304.997731 0.597209 0.069867 38.612329 48.002517 48.002517 12246079.292052 2165.206367
109.754076 160.728443 0.278542 0.173728 72.568449 81.529782 81.529782 6332018.855258 1323.261045
585.043410 144.008771 1.124495 0.327184 60.845691 -1.000000 60.715801 8331.938103 -176136.684780
330.112622 125.849171 0.525636 0.478379 70.823603 76.880989 76.880989 3211287.479413 997.927185
600.262340 144.789286 1.174919 0.317958 58.522105 59.210346 59.210346 159804.153775 13989.802404
268.717796 277.326375 0.682765 0.128336 62.988953 69.580652 69.580652 5126502.151046 892.203628
336.128128 301.751972 0.896762 0.267009 52.118968 61.413408 61.413408 11346966.413942 428.682517
348.830003 130.163573 0.553809 0.422309 67.574733 75.067625 75.067625 4888340.023292 654.357381
313.754104 307.385291 0.871915 0.331571 65.506168 66.271332 66.271332 180251.484441 15572.124955
530.601495 311.367544 1.369230 0.316554 56.183939 -1.000000 56.102067 4512.000558 -253114.489054
153.504393 260.507373 0.560226 0.375474 70.032769 72.521117 72.521117 1462164.387021 5662.388756
403.514840 20.380632 0.572659 0.417272 66.030119 74.464224 74.464224 5882023.696800 473.946169
103.580436 491.928445 1.481524 0.230896 27.265972 35.344785 35.344785 19588978.435570 1439.405633
494.188090 253.738245 1.075215 0.142552 60.489277 61.352148 61.352148 202236.560626 10202.719174
253.740223 115.214124 0.375016 0.376486 89.913445 89.946604 89.946604 266.192730 588847.079200
274.212458 339.807642 0.924093 0.332141 62.970011 64.122177 64.122177 418882.154982 9748.862501
266.203120 271.730449 0.698741 0.323436 65.079531 69.014611 69.014611 2538468.016710 2253.250529
125.347582 440.744244 1.168271 0.164972 57.031403 57.526791 57.526791 243778.344646 28136.077274
67.113532 124.218696 0.312861 0.470632 52.690468 56.688326 56.688326 2735760.726123 16159.433462
154.186690 32.050163 0.251688 0.480010 98.576764 99.037742 99.037742 18812.162806 39630.808926
168.130959 212.533123 0.445937 0.334299 76.207136 79.378916 79.378916 1478432.571178 4176.060348
505.725895 31.857304 0.816011 0.448682 63.081709 66.607768 66.607768 1948068.603387 1893.841911
59.743611 354.349705 0.761385 0.061710 53.354698 53.927924 53.927924 683371.390093 138135.961745
76.402397 244.975499 0.574031 0.496742 15.239872 34.714442 34.714442 17427223.217663 2374.150905
177.846085 126.325883 0.281745 0.220216 81.508189 89.837938 89.837938 4091471.254492 1070.972256
95.449819 386.665525 0.943969 0.183054 46.650170 49.604227 49.604227 4778018.857146 5916.388889
171.803065 418.397154 1.142397 0.358644 51.880319 54.515420 54.515420 2974431.374349 4006.904249
362.364295 13.277406 0.477743 0.383878 81.866163 82.581981 82.581981 73917.150100 18014.768262
155.522264 110.469825 0.278637 0.327664 71.709842 86.095061 86.095061 8882854.093658 431.897715
529.985347 210.279191 1.078156 0.256397 61.217820 61.610928 61.610928 55281.270853 27490.357264
116.487380 114.235728 0.310013 0.543316 78.144455 82.968832 82.968832 1994344.210901 3140.156149
108.452084 241.795890 0.438803 0.119379 48.802495 66.384758 66.384758 20717722.789240 369.804539
80.711935 218.277773 0.414121 0.213084 40.338936 53.439190 53.439190 14439635.672995 1197.053278
109.124515 175.204762 0.349478 0.420889 87.636872 87.935439 87.935439 52645.884017 77830.725228
581.175368 59.645886 1.044711 0.395368 49.181070 58.909238 58.909238 12489785.243664 257.464934
252.780050 257.894934 0.669098 0.475718 66.244070 69.940494 69.940494 2200293.586598 2498.333477
115.322000 115.412536 0.298763 0.438709 52.480101 73.700542 73.700542 15583650.659562 272.822167
97.172762 435.006267 1.187348 0.218932 30.679641 38.444586 38.444586 16528442.884843 1657.511358
98.616485 117.511169 0.308676 0.522585 70.467835 76.049949 76.049949 3014673.811644 3127.360804
136.772420 395.208118 1.049458 0.410342 43.654801 48.850408 48.850408 9005052.601512 2064.497921
133.789548 128.650777 0.248075 0.219823 92.433993 94.966801 94.966801 652763.595477 6610.501782
489.401285 202.185370 0.943093 0.177620 60.800784 63.515323 63.515323 1387929.629147 31413.181867
100.228933 190.987914 0.405197 0.396978 50.998665 61.433888 61.433888 10090615.333445 1252.401005
83.075059 431.769820 1.213575 0.311836 15.959499 28.161795 28.161795 21683893.522564 2798.129222
138.750239 451.392463 1.229350 0.088616 43.071725 51.237749 51.237749 13112258.770436 661.970797
178.116338 440.896126 1.221406 0.172690 50.440914 53.980175 53.980175 4005250.072126 2476.311361
183.594742 436.719495 1.216032 0.265124 53.499654 55.315035 55.315035 1510961.639925 6198.299171
73.188727 168.090823 0.296806 0.199096 60.452986 65.672809 65.672809 4443115.800226 4683.017010
347.300924 267.148341 0.809248 0.297794 63.194263 66.406084 66.406084 1871744.561316 2702.859411
244.420257 300.063839 0.769183 0.438608 65.895230 67.730141 67.730141 829717.853138 6202.974824
121.720574 235.289240 0.478353 0.262551 37.127375 60.572490 60.572490 29214199.399007 155.690496
429.754772 342.489768 1.192089 0.082581 59.676568 -1.000000 59.653728 298.133923 -972113.159655
71.381767 50.914877 0.147054 0.151571 46.629803 74.393954 74.393954 16859864.236414 357.873875
654.481782 88.245448 1.292816 0.299861 50.999452 55.192751 55.192751 3825926.474147 1244.193836
158.764528 437.446211 1.233360 0.266829 26.637232 44.799712 44.799712 40517475.905330 77.519839
74.126717 3.442154 0.098391 0.085033 80.886709 96.545479 96.545479 7389399.229959 734.666104
435.980923 234.441261 0.870592 0.103045 67.387843 -1.000000 67.272288 4562.926487 -223449.309581
283.047322 51.208055 0.354283 0.317578 83.827940 88.122105 88.122105 1311768.903546 1939.884676
99.300823 256.816615 0.477132 0.200039 76.595565 77.019402 77.019402 188881.629090 54277.446405
147.953348 344.687239 0.851053 0.431441 51.502701 56.314289 56.314289 6397107.553611 2266.619428
461.349132 103.311324 0.739995 0.317150 55.239147 67.166580 67.166580 13070835.678427 179.893693
387.281585 103.877355 0.575793 0.320784 65.255282 74.026505 74.026505 6611514.281767 565.972134
122.816650 332.277408 0.746274 0.205981 51.757212 57.913952 57.913952 8366311.308875 1772.708034
73.340358 159.345144 0.347702 0.396287 48.246303 54.896904 54.896904 5525242.215102 5204.343926
73.842296 190.099321 0.425226 0.461607 40.700028 47.762215 47.762215 6554375.062356 6284.042125
124.275913 70.937131 0.215212 0.320412 95.945604 98.347892 98.347892 461065.191797 7154.106057
356.148044 371.062521 1.156740 0.155214 58.473574 59.352254 59.352254 249464.520021 10694.752238
83.722395 446.274086 1.151162 0.033494 56.599589 57.867681 57.867681 533436.768730 8836.158872
78.438693 421.733021 1.086191 0.118482 32.413942 39.529070 39.529070 13842829.573440 2309.059805
162.289413 380.611528 0.926111 0.100509 52.608744 59.470664 59.470664 7993003.971383 975.662361
201.715294 245.996858 0.564647 0.359926 66.025761 71.839483 71.839483 4389093.399075 1570.634483
441.383008 359.046120 1.299226 0.165835 51.898315 55.304684 55.304684 2700279.047659 1559.121387
439.849978 248.238387 0.929670 0.164590 60.328528 63.574713 63.574713 1883016.241228 2035.021698
106.337989 174.627754 0.342705 0.349502 78.643742 80.800900 80.800900 1074423.545153 9101.067590
231.423462 123.498777 0.299637 0.120817 92.825742 94.150265 94.150265 168508.466317 10379.037930
73.918338 294.285643 0.714918 0.482651 18.500104 31.093943 31.093943 14210924.058424 4510.137980
136.018795 456.248613 1.255137 0.185951 54.903006 55.573270 55.573270 389817.991952 19271.267683
54.398522 308.601763 0.641382 0.124491 29.676953 36.396881 36.396881 8802096.304659 8617.325214
156.103423 400.521764 1.045659 0.356210 55.964873 57.524138 57.524138 1362876.734140 8038.260263
104.203183 368.817395 0.924453 0.376872 45.744426 47.988720 47.988720 3661089.592904 11107.020922
192.550549 186.552757 0.440086 0.493552 83.194516 83.933814 83.933814 98739.052661 21470.618211
79.530904 352.604897 0.788460 0.130150 48.566582 51.193800 51.193800 3889413.251080 7804.284777
438.736892 282.431232 1.014892 0.123898 62.808831 63.194416 63.194416 45809.026268 27212.513223
335.512743 150.493559 0.520918 0.251378 77.395169 79.215928 79.215928 457671.411537 5963.600067
253.875763 325.237487 0.851473 0.421266 67.438385 67.629223 67.629223 17504.628780 74756.247219
348.595581 48.635181 0.415397 0.149692 85.665156 86.388933 86.388933 69219.636242 18379.554156
312.427366 81.418513 0.377099 0.162039 89.776489 -1.000000 89.735503 402.623383 -775241.714152
190.751016 163.336823 0.398779 0.418508 66.793730 78.820954 78.820954 8784623.215850 498.227266
609.663172 212.910155 1.340297 0.265592 48.386979 53.964794 53.964794 6281585.557255 759.617127
145.371830 270.550673 0.563252 0.355740 77.752666 77.936238 77.936238 20438.639320 100798.307279
120.238756 108.136541 0.220622 0.197269 66.518477 85.828408 85.828408 13529399.713614 315.676862
332.604109 367.225370 1.117945 0.225958 50.108499 56.804901 56.804901 8127076.119947 702.663320
232.891853 407.719871 1.118818 0.161959 57.518501 59.051742 59.051742 776215.395526 6104.841003
88.323622 142.834163 0.360077 0.549071 46.462628 58.620104 58.620104 9326254.050903 1501.032914
150.377162 316.071051 0.735111 0.454053 65.034214 66.378248 66.378248 819261.585791 11097.266025
472.871110 31.510115 0.723244 0.403788 68.099748 70.377029 70.377029 834496.295859 3792.718165
637.216915 229.549722 1.465527 0.250751 51.690986 53.364877 53.364877 886322.842113 3919.337744
151.084068 253.149173 0.505158 0.217102 72.483681 75.563096 75.563096 1770344.335781 4356.651810
386.170232 236.414877 0.786369 0.228872 68.037951 69.008116 69.008116 219561.970492 11243.948263
132.788177 254.140390 0.519773 0.336546 73.158678 74.722503 74.722503 791440.398566 10640.939733
128.125412 322.020798 0.783412 0.461223 42.671858 51.101848 51.101848 13036606.174483 1163.438163
151.577381 476.668660 1.398261 0.228628 42.502952 47.313920 47.313920 8554460.608380 1700.756558
306.033749 337.628331 0.989838 0.373601 46.536695 57.628630 57.628630 16550242.305310 318.986839
124.691164 283.891799 0.613129 0.279795 48.140262 58.466755 58.466755 13970764.754636 874.897039
85.227463 188.052282 0.388898 0.390341 60.491599 63.447984 63.447984 2532423.352427 10317.530802
282.164002 350.760578 0.977931 0.367294 62.783435 63.396539 63.396539 146938.056673 19617.459953
139.554611 58.934948 0.226658 0.377231 102.602428 102.618318 102.618318 54.223939 1502337.577807
69.761417 243.965837 0.411622 0.087473 69.484770 70.918653 70.918653 1144844.752976 20148.395420
102.810040 508.718325 1.569039 0.216577 26.594289 34.599516 34.599516 20004438.760432 1495.145046
131.870852 425.660177 1.138182 0.340328 54.302016 55.063887 55.063887 705596.135490 19953.677225
96.990776 98.175866 0.187897 0.155761 61.388837 83.327897 83.327897 15423522.975768 263.440820
203.332264 245.860806 0.521237 0.209435 80.288074 80.535253 80.535253 18057.628099 69342.941622
130.217847 174.413899 0.359177 0.439074 89.912673 90.063360 90.063360 8516.102055 141354.628298
143.985856 83.859211 0.218674 0.270707 101.858013 102.269001 102.269001 20399.926593 49990.103388
505.593073 111.029570 0.868456 0.366340 54.771856 63.519763 63.519763 9196129.424199 347.741420
246.336590 286.042697 0.695517 0.189131 56.136734 66.697835 66.697835 11814740.256412 445.495033
561.240061 131.777778 1.023191 0.215196 60.546254 62.081039 62.081039 557736.276434 6122.938061
110.654393 371.958795 0.945372 0.371176 40.242192 45.606083 45.606083 9557476.357002 2696.358372
140.445627 420.923573 1.088096 0.105297 48.196214 54.373709 54.373709 8499303.545902 1190.162424
106.540378 156.797779 0.225555 0.072139 98.017912 99.428058 99.428058 222214.270246 13099.080423
133.017622 151.329096 0.263374 0.139706 73.665743 86.513311 86.513311 8828715.266117 600.439161
62.852076 90.142145 0.297281 0.530653 32.579890 47.613691 47.613691 8231014.983682 3553.775956
185.437710 298.631557 0.741838 0.494319 44.212515 58.458452 58.458452 20715340.003378 313.629126
126.800166 227.808268 0.418988 0.164435 68.047505 75.045896 75.045896 5779687.603006 1597.577821
147.730001 79.221279 0.230370 0.312426 98.580421 99.723764 99.723764 119530.807635 15507.807710
152.344880 311.152254 0.689756 0.355858 72.450465 72.622582 72.622582 21818.270294 100308.385139
237.584693 307.577219 0.769021 0.274062 56.642316 64.106844 64.106844 7994392.278384 906.283249
604.131464 100.909382 1.134180 0.381258 60.725454 -1.000000 60.639910 3978.652492 -262511.394808
279.288881 531.350585 1.807605 0.100969 47.998009 49.002257 49.002257 428110.568395 7011.552944
409.077415 285.920989 0.983340 0.306658 62.606956 63.387898 63.387898 187599.403980 13529.914930
201.059696 400.884034 1.058428 0.196629 58.010534 59.686075 59.686075 999789.683080 6311.103168
130.494063 278.366323 0.579599 0.340733 73.658432 74.272935 74.272935 218668.983348 29347.017946
408.612224 43.749979 0.584569 0.380928 64.967604 73.800201 73.800201 6557515.971970 427.400854
296.063351 134.434391 0.443128 0.277873 76.078547 81.453341 81.453341 2510796.902873 1536.930091
88.212143 14.166639 0.224668 0.523330 102.040368 102.077645 102.077645 662.518928 713650.095628
79.604709 444.640838 1.231956 0.186814 16.968943 30.222549 30.222549 24762338.330674 1826.827030
125.044564 128.203763 0.243936 0.219554 90.187623 93.518416 93.518416 1080358.422679 4888.125943
495.327974 239.414517 1.061396 0.341704 62.483018 -1.000000 62.445678 885.428548 -596496.233558
42.453929 97.140795 0.114845 0.034874 69.068873 83.328890 83.328890 6284186.103529 1477.155312
244.252074 6.748404 0.341393 0.535584 85.857778 89.514697 89.514697 778553.268161 2281.007312
486.291881 251.913304 1.078595 0.353172 58.893448 60.482906 60.482906 675950.806112 4971.774971
202.001763 509.487476 1.589271 0.141828 49.174093 50.682348 50.682348 1049623.289401 5613.593284
253.359249 370.057629 1.028765 0.313729 44.184701 55.567643 55.567643 18564258.305696 307.390725
159.571707 463.995700 1.314859 0.223219 54.592892 55.205187 55.205187 293533.308432 19797.677780
237.444897 320.207029 0.802382 0.298826 65.825041 67.234734 67.234734 555843.050715 8388.168492
78.419567 64.265343 0.213108 0.304451 25.647152 64.284594 64.284594 21924266.339286 255.521066
84.949169 83.423164 0.190147 0.249438 93.572396 95.166674 95.166674 471387.984717 15463.346586
191.268245 401.778383 1.057875 0.160183 47.801519 55.559275 55.559275 11144159.140307 790.046106
236.188650 260.685620 0.645748 0.388065 63.023002 69.094068 69.094068 4938903.160384 1288.292478
84.656920 254.665403 0.451884 0.100415 63.063381 68.013561 68.013561 4766072.540335 3246.349921
188.567185 39.002760 0.253215 0.360798 94.263655 96.877977 96.877977 417885.268588 4707.253984
499.803343 30.651926 0.792515 0.365034 56.808470 65.882741 65.882741 8950853.590773 377.589262
392.392658 323.629423 1.067876 0.198507 48.016218 57.929446 57.929446 13524382.029011 280.833208
178.614457 498.577573 1.541373 0.251306 39.471694 45.744083 45.744083 12295820.508377 1035.708229
216.670851 268.815105 0.625651 0.292604 65.916755 70.566639 70.566639 3308720.704785 27525.296994
235.200823 164.194994 0.411556 0.280839 71.273293 80.810258 80.810258 6382501.012606 649.209493
78.100748 75.043188 0.278520 0.530541 48.287639 62.413600 62.413600 8170382.493297 1346.228165
242.296293 287.029887 0.742200 0.414152 49.368751 62.731314 62.731314 17831049.247832 307.376390
171.116269 437.290660 1.214682 0.329938 54.261653 55.498891 55.498891 932939.596269 9457.927212
92.515577 80.451950 0.248272 0.397758 55.273096 72.573615 72.573615 10852779.809038 574.545498
226.001381 298.162247 0.694362 0.193725 72.380286 72.727003 72.727003 40178.784383 41753.927723
163.583820 238.768786 0.511769 0.333574 64.600869 71.474710 71.474710 5866695.956167 1457.280533
141.487233 264.861829 0.545277 0.360931 78.914822 79.042054 79.042054 11037.905672 149948.996699
288.901509 373.966160 1.084222 0.394170 58.923849 60.085371 60.085371 491188.826197 8930.953443
84.206775 462.489761 1.241015 0.053616 50.486954 52.455465 52.455465 1939805.718340 6515.818952
365.065114 67.884257 0.531684 0.533063 79.034430 79.728435 79.728435 73193.745153 17844.431932
143.760889 300.703105 0.638302 0.263403 72.718468 73.262666 73.262666 146366.801378 30545.007089
533.401831 28.462737 0.862079 0.282463 64.995133 66.421364 66.421364 434953.626130 6356.645000
73.663446 93.800145 0.233743 0.351747 79.330215 80.115836 80.115836 362372.747391 87886.904689
113.491837 546.583322 1.721733 0.065703 44.881134 47.142015 47.142015 2403177.283789 3902.990900
660.095474 183.687408 1.440281 0.198605 49.371160 53.087014 53.087014 3247909.928135 1325.077586
328.222233 143.557062 0.518381 0.329156 71.034322 77.115983 77.115983 3441807.096841 1084.804888
113.309807 281.120259 0.554090 0.206683 72.886664 73.779320 73.779320 432033.258910 20567.674454
105.744418 463.948979 1.324619 0.231692 37.013677 41.308986 41.308986 9205518.043448 3237.153536
420.196807 130.966908 0.680676 0.396745 72.260585 73.025867 73.025867 121039.933347 15262.319381
154.109224 361.496707 0.877574 0.265423 55.690481 59.381121 59.381121 4061695.935025 2950.786379
115.234155 368.725017 0.945495 0.428688 40.891823 46.105373 46.105373 9134966.446137 2651.843079
121.313923 384.019856 0.940465 0.218756 53.252218 55.890910 55.890910 3287130.744430 5035.795417
345.544305 503.397885 1.763036 0.111852 48.865689 49.727656 49.727656 309655.449238 8517.019801
462.765123 75.898287 0.695064 0.240212 70.774760 72.105020 72.105020 320790.093711 7715.077235
99.938815 285.977987 0.665980 0.457246 39.606003 47.327769 47.327769 10805913.474938 2928.834098
236.295523 113.838557 0.386798 0.510284 83.579119 86.217086 86.217086 589495.221831 4095.089057
91.202890 275.430943 0.501071 0.091535 72.851778 74.491533 74.491533 938188.515642 10884.955253
561.123724 168.259937 1.086945 0.287274 61.701280 -1.000000 61.577923 7355.604735 -188418.931499
487.846264 226.289519 1.036453 0.398101 45.604344 58.318364 58.318364 19001686.438552 89.666051
122.115299 213.359910 0.403747 0.317716 85.158281 85.492592 85.492592 53001.743639 61846.575745
97.317646 168.555604 0.311186 0.259521 74.371829 78.242895 78.242895 2506845.868267 4791.790849
255.140326 366.278143 0.988294 0.268822 61.318941 62.430354 62.430354 426667.188750 9515.007155
356.190981 160.419858 0.595320 0.389781 77.143720 -1.000000 76.947503 10422.737126 -148325.706180
258.225009 229.611919 0.586448 0.399540 73.811200 75.494018 75.494018 503988.862874 7153.011712
305.744828 205.213851 0.604200 0.461291 76.987338 77.066613 77.066613 2100.820200 206052.971393
175.891893 340.171218 0.810645 0.325944 65.478188 66.477724 66.477724 417048.130207 13672.952279
78.753325 105.246313 0.236540 0.294371 66.923662 73.510148 73.510148 4150976.429072 3098.672097
234.209087 381.567083 1.017535 0.168069 52.457646 58.460487 58.460487 6797081.154935 1051.085111
114.425596 32.854739 0.221948 0.397513 73.213542 87.324144 87.324144 6716327.182470 514.679423
344.930047 213.145362 0.661082 0.233027 60.804595 69.838384 69.838384 8222128.479767 482.298532
166.829062 459.389137 1.321364 0.292032 49.195643 51.596907 51.596907 2872066.213580 4223.216442
135.718438 395.782972 0.956163 0.054886 55.034515 60.457279 60.457279 4772828.613590 1234.527668
169.233233 238.658727 0.500986 0.362379 80.974066 81.232271 81.232271 23666.909029 69360.648579
557.208988 24.267894 0.928987 0.267327 62.302283 64.226159 64.226159 775064.437979 5051.090631
332.674886 292.618983 0.837036 0.154400 59.688201 65.031641 65.031641 4199505.156952 1335.185874
148.281576 301.544447 0.691510 0.447315 63.985923 66.128902 66.128902 1591409.129260 6570.421362
140.102743 284.895447 0.622991 0.432022 71.102707 71.901726 71.901726 328825.454613 21243.104435
590.746390 88.391397 1.068490 0.257057 59.645477 61.053216 61.053216 504313.159009 6701.562473
320.055264 57.373378 0.444371 0.470045 77.566858 82.175420 82.175420 1659519.578150 1504.138050
56.067778 50.818866 0.211338 0.339249 53.837955 59.333083 59.333083 2987902.167560 12650.497795
558.664373 251.881198 1.259380 0.178851 56.219404 57.316780 57.316780 360821.528133 15788.348878
144.527591 218.669277 0.498130 0.477003 45.425548 63.625804 63.625804 20612583.202823 244.943899
158.940746 273.447606 0.610617 0.361714 57.953949 65.275862 65.275862 7818782.856433 1294.023482
490.500714 371.664283 1.475264 0.187007 50.300603 52.774105 52.774105 1746629.181975 2559.422824
296.363008 50.840507 0.349774 0.237986 91.558764 -1.000000 91.455402 1992.274690 -325375.882439
576.993573 62.777967 1.014642 0.331884 60.730372 62.223107 62.223107 544767.488783 4839.567068
208.177299 208.640136 0.491786 0.396430 68.440060 75.415511 75.415511 4825898.661472 1155.232674
102.720626 88.341446 0.190532 0.202839 84.679220 91.977136 91.977136 3364378.929816 2064.303301
55.782635 397.433985 0.953281 0.063166 20.145494 34.049964 34.049964 20381715.796247 1991.613000
216.888518 455.161778 1.335008 0.203439 49.112627 52.659325 52.659325 3989980.170093 2222.946549
152.515151 288.526493 0.597289 0.133446 54.636828 66.613686 66.613686 14287426.704549 521.865384
92.814676 282.608852 0.529330 0.110525 71.014195 72.455068 72.455068 909822.731198 12796.611190
143.790187 181.896188 0.297364 0.085474 93.300522 94.196267 94.196267 104542.253638 18956.093961
411.502389 241.112654 0.857804 0.245725 63.407258 65.765147 65.765147 1095630.553132 3359.512030
158.821315 332.639923 0.800314 0.393627 56.653441 60.635709 60.635709 4297092.592105 2787.635614
305.583336 500.513252 1.694208 0.162393 36.517515 46.984656 46.984656 20950236.349998 185.857736
133.879688 436.535655 1.168703 0.316675 58.675195 58.765051 58.765051 23393.686064 176278.789980
37.082347 42.633217 0.159730 0.179994 20.032967 38.744456 38.744456 6879838.882943 7282.058517
433.985882 87.589525 0.606091 0.070079 72.410294 75.636219 75.636219 1014695.487927 2005.496645
66.002111 104.920099 0.212723 0.215052 60.555881 67.691279 67.691279 4822587.492621 4091.758646
412.152366 301.572463 1.045473 0.277763 53.656976 59.211010 59.211010 5509460.453570 978.101502
429.582617 199.348169 0.814523 0.387148 69.116232 -1.000000 69.030036 3183.588911 -292808.086295
278.057648 381.707058 1.092086 0.306161 56.706223 58.911929 58.911929 1461326.970634 4063.367626
105.896289 219.378982 0.457208 0.339590 41.436490 57.449204 57.449204 18211893.338671 546.224472
144.982612 347.426974 0.814859 0.407595 68.522068 68.587033 68.587033 6451.889654 268115.557898
512.848169 213.594505 1.020121 0.103244 60.303009 62.247032 62.247032 724512.631732 3235.846668
