668.861471 258.781310 1.647115 0.174053 49.460386 50.970389 50.970389 756963.677822 3983.145453
283.475161 152.364123 0.459662 0.325622 77.299797 81.042053 81.042053 1426214.192748 2559.600158
69.666360 383.411921 0.917883 0.132036 40.631695 42.749145 42.749145 3668224.142987 22619.738222
248.955921 78.009280 0.362686 0.471018 81.342376 86.813031 86.813031 1833876.682849 1325.814451
375.925954 141.146678 0.538575 0.041834 79.882066 -1.000000 79.530693 14276.341277 -102901.592491
611.854456 17.349146 1.112894 0.308405 47.315524 57.534503 57.534503 14059533.528771 221.445551
499.939131 321.244831 1.339209 0.326824 37.196179 52.279437 52.279437 29423404.760858 18.455791
229.403500 340.001237 0.892986 0.362394 48.426448 58.391953 58.391953 14260166.776126 517.325060
504.492858 170.542210 0.949338 0.392121 61.597022 63.510372 63.510372 812317.030891 5084.546886
295.978486 117.828912 0.465382 0.494750 76.013595 80.604663 80.604663 1784128.008108 1754.388260
129.159425 211.702738 0.355333 0.109438 88.483465 89.228822 89.228822 112391.365519 24437.391008
248.025132 96.638111 0.325530 0.248722 85.962456 90.034739 90.034739 1222077.238266 2502.735343
498.605780 237.341341 1.067187 0.270075 55.031895 59.474311 59.474311 3717355.706140 1479.558446
290.744664 386.012725 1.151251 0.383377 48.346549 54.927514 54.927514 8876192.989064 805.950574
195.428721 226.558776 0.498000 0.276066 61.505442 72.802524 72.802524 10782257.195855 550.792375
126.879848 277.626259 0.557230 0.287749 78.418355 78.501068 78.501068 7082.076225 239080.015079
336.498202 319.270738 0.955563 0.392302 64.409902 64.665950 64.665950 27966.743058 50329.151024
335.047285 317.458241 0.929519 0.258202 65.094422 65.373732 65.373732 30692.778972 45073.322462
173.373037 389.817695 0.960919 0.093843 65.070774 -1.000000 65.061363 81.651928 -2228566.166063
299.008740 78.164087 0.420247 0.459637 84.655108 85.662677 85.662677 115822.753762 12313.566572
593.079900 99.557788 1.076899 0.185116 60.302714 61.250630 61.250630 242345.721765 9235.513097
426.637651 467.145695 1.747272 0.153752 48.035877 49.511913 49.511913 816503.235998 4888.812512
57.430983 307.080352 0.634173 0.126606 36.129918 40.524473 40.524473 6079576.764294 13212.515596
310.649200 134.947245 0.407981 0.041653 87.285973 -1.000000 86.938638 11541.906606 -112319.265160
283.545269 334.740196 0.872923 0.033112 67.258116 -1.000000 67.044234 7866.742385 -140047.011247
75.665515 161.332895 0.294700 0.237366 66.127101 69.294240 69.294240 2449053.255735 9144.566288
371.875606 362.840398 1.166674 0.267974 59.223502 59.587551 59.587551 58510.338250 30442.600556
663.684842 224.580684 1.532031 0.110457 49.643124 52.395919 52.395919 1786202.044115 1639.088190
206.293759 330.710421 0.830924 0.328493 47.344976 58.811730 58.811730 16902614.783447 438.608316
98.228528 396.004722 0.963952 0.099486 36.377799 47.989156 47.989156 20846193.711701 625.170877
292.801980 342.824844 0.953842 0.231823 58.697472 61.908918 61.908918 2277295.882300 2600.432973
591.632401 69.894334 1.071261 0.371209 58.801824 60.639344 60.639344 821267.176388 4405.360366
397.006761 148.328099 0.642899 0.274100 67.314787 72.153058 72.153058 2826764.953872 1393.821006
182.149469 148.773013 0.394439 0.545868 70.837392 80.014997 80.014997 5312800.376398 725.508744
169.754508 451.207566 1.269675 0.219315 50.994216 53.385193 53.385193 2485126.247441 4177.088493
442.413899 113.967440 0.684112 0.230393 70.107780 72.080280 72.080280 632626.149421 4779.771044
100.400527 208.749623 0.323482 0.078337 90.646822 91.302636 91.302636 97918.772464 30485.374200
224.006884 276.187595 0.687779 0.482933 64.735603 68.445102 68.445102 2463756.743708 2734.637950
595.059246 15.923074 1.046775 0.241963 51.830175 59.528110 59.528110 8515147.026213 457.567528
664.486262 147.468303 1.400602 0.254924 46.719885 52.952116 52.952116 7644090.902053 584.686287
56.143443 395.752083 0.946141 0.065627 25.632897 35.648201 35.648201 15672874.838175 2912.312199
526.436348 238.849401 1.165348 0.370655 48.742800 56.349108 56.349108 9572672.911221 505.302792
408.179814 189.863167 0.767054 0.435004 62.876541 67.430998 67.430998 2967780.090591 1222.881975
530.191219 19.984699 0.854088 0.251640 54.595208 64.169766 64.169766 10308016.287754 289.614763
311.065203 374.823118 1.078661 0.064379 59.005754 60.901821 60.901821 676836.457219 3291.295270
401.324696 200.886524 0.732490 0.209254 69.693244 70.807685 70.807685 255601.762262 9579.064544
251.000022 233.963132 0.612683 0.488651 65.056089 70.998140 70.998140 4243302.000599 1335.776347
109.459530 441.571413 1.204042 0.230558 44.554733 47.035919 47.035919 4322694.025288 6179.777073
233.042631 159.637465 0.405995 0.322251 80.075308 83.788975 83.788975 1344966.618856 2852.744693
233.754156 276.305007 0.699813 0.477139 63.164513 67.643241 67.643241 3308181.004643 2024.201251
538.569858 227.586151 1.137711 0.172456 56.704693 59.083006 59.083006 1267816.823427 2733.903895
92.715686 172.065737 0.280887 0.143890 74.071470 80.107735 80.107735 4215627.131865 2710.934706
578.081573 163.819563 1.147186 0.335984 53.288677 57.773952 57.773952 3962094.511056 1145.735344
541.919746 217.669833 1.139696 0.366714 60.781918 -1.000000 60.765238 215.322803 -1240229.840985
90.934222 125.618258 0.279902 0.320457 32.948958 63.344167 63.344167 23068734.342393 111.062462
401.780415 72.426681 0.552170 0.228289 76.453730 78.033384 78.033384 356727.219492 6660.360210
496.001238 241.958222 1.061736 0.256110 61.453706 61.908239 61.908239 71854.765446 23436.062416
124.553781 184.861434 0.349565 0.260371 75.263166 80.271356 80.271356 3092615.298654 2852.098775
310.596792 450.724532 1.431187 0.131918 50.808995 53.238909 53.238909 1721348.339272 2736.770761
228.068446 206.399357 0.484811 0.279842 66.080946 75.736213 75.736213 7794584.786682 635.158324
83.681079 200.381315 0.409688 0.325671 40.870262 52.888240 52.888240 12266796.164577 1333.447325
137.685330 153.895536 0.288134 0.231602 90.212974 92.099012 92.099012 464899.677629 9131.986212
126.664398 365.657240 0.894744 0.274498 45.685835 52.047655 52.047655 10284868.910321 1613.555836
164.816707 74.458978 0.267116 0.433418 97.908842 98.109023 98.109023 5034.434907 98488.759428
324.528369 195.048776 0.599689 0.328126 70.504364 74.090760 74.090760 1695748.400605 2263.880231
381.718267 39.790066 0.538091 0.465781 76.450948 78.419816 78.419816 473014.609900 4921.975242
77.132399 336.337037 0.688864 0.068733 67.360103 67.821148 67.821148 244143.438027 48486.021442
137.229307 15.754318 0.247355 0.490285 84.736466 92.326471 92.326471 2318667.136416 1276.406149
132.854764 227.634499 0.397446 0.124900 86.667979 87.060564 87.060564 41951.853905 48293.473625
448.073281 270.927003 1.037206 0.366599 60.397049 61.645022 61.645022 439377.152673 7652.014628
549.730481 198.698779 1.124895 0.328522 56.563490 59.041584 59.041584 1453497.092307 2878.062725
461.953141 354.106103 1.329576 0.232312 57.041498 -1.000000 57.022412 319.533074 -1061019.129731
311.443763 247.698637 0.683295 0.288422 73.908863 73.933631 73.933631 306.779383 670317.509578
660.638077 30.704832 1.246374 0.092163 57.243667 58.017544 58.017544 154742.837659 8395.482655
114.295744 276.490056 0.529034 0.143908 71.868959 73.850594 73.850594 1157894.061412 8070.177882
260.433860 475.509280 1.505011 0.217830 36.584834 47.891483 47.891483 23344970.008091 234.628892
442.569064 496.851072 1.932380 0.063326 45.071011 47.647406 47.647406 1644877.104840 981.246914
575.561862 10.957933 0.974984 0.221876 61.781535 63.308378 63.308378 528366.714236 5596.191255
303.215087 225.347603 0.661943 0.450490 57.265686 68.315193 68.315193 11244068.179982 363.160812
107.081483 176.649396 0.399735 0.534580 65.913694 70.350518 70.350518 3110166.932820 3821.009427
286.761818 179.604667 0.534090 0.476551 77.735696 78.868704 78.868704 204339.457607 11065.284649
620.766628 164.777524 1.249089 0.079255 56.148995 57.692753 57.692753 499265.249282 3525.608639
121.668794 354.181738 0.842863 0.302546 54.130638 56.793335 56.793335 3324066.471929 5383.948951
425.300438 367.212079 1.310135 0.228526 39.253913 52.807989 52.807989 24917493.068289 117.125807
143.031969 420.363192 1.121758 0.286611 50.807982 53.384074 53.384074 3280380.872924 4456.750286
201.548433 418.623138 1.124189 0.083233 49.144897 56.619232 56.619232 8928060.528029 546.475472
65.913858 391.915181 1.060937 0.407592 19.980810 25.393487 25.393487 8539861.970228 19932.186711
247.225253 386.603124 1.095838 0.400772 49.604727 55.481587 55.481587 7672585.883455 1152.032183
325.512437 193.105239 0.596552 0.337754 73.135632 75.209217 75.209217 663665.782509 5029.109821
172.621300 413.192153 1.083804 0.117161 42.584825 54.054025 54.054025 19101153.502373 309.893519
219.733370 6.913722 0.316032 0.540568 89.939277 92.152209 92.152209 301212.903954 4825.680421
265.224698 280.829206 0.727659 0.425737 71.897607 -1.000000 71.784917 5875.261509 -226331.377516
94.877204 282.242999 0.620376 0.388737 54.618834 56.098625 56.098625 1765241.456332 24581.881154
237.673690 318.053210 0.838034 0.470054 55.338445 61.650769 61.650769 6777354.209142 1170.552644
114.139455 25.955316 0.212872 0.387914 86.963565 93.333940 93.333940 2024559.878284 2096.146320
214.276894 323.344400 0.760433 0.157778 68.572379 69.476799 69.476799 232443.068962 14026.652684
187.190238 250.229618 0.514822 0.158034 71.232557 75.925390 75.925390 2855725.517829 2184.207697
131.388342 188.310151 0.385241 0.376164 76.373001 79.809086 79.809086 1787193.948023 4439.197345
281.762230 270.659067 0.710106 0.303545 68.018875 70.156554 70.156554 903655.190691 4825.876998
205.048816 354.144648 0.945465 0.450963 36.684373 53.395718 53.395718 30130887.064159 143.388566
127.888479 290.558788 0.646261 0.371107 56.790921 61.404360 61.404360 5207607.839937 2873.241217
490.720340 5.052609 0.745197 0.313059 70.030438 70.748386 70.748386 115321.637269 15791.272343
110.075772 467.310864 1.347238 0.224497 31.859857 39.430640 39.430640 17249700.622330 1360.821386
109.943422 240.457590 0.488589 0.406706 74.480227 74.932727 74.932727 219917.526950 53849.166111
609.438516 155.132308 1.203341 0.158835 57.909421 58.689809 58.689809 182388.073898 10821.313517
508.140955 409.000465 1.681209 0.156578 44.461902 49.297836 49.297836 5661161.083798 785.661122
168.861283 28.812239 0.231710 0.340457 89.690760 96.236870 96.236870 1902292.486057 1344.091651
297.258360 400.965031 1.189055 0.183045 51.967281 56.217291 56.217291 4138936.319629 1505.284086
241.023582 388.007814 1.064601 0.190670 36.068471 54.791105 54.791105 35687727.084817 67.434174
151.709159 293.038165 0.662489 0.385022 61.134248 65.163322 65.163322 3747196.172515 2981.997223
166.880921 239.288092 0.514684 0.339818 66.702790 72.471711 72.471711 4476071.831676 1735.073673
343.761259 85.229486 0.495181 0.458531 80.307531 81.306836 81.306836 136108.159554 12171.024517
182.080509 316.196442 0.759947 0.423214 61.989271 64.943753 64.943753 2277062.653367 3866.309190
189.846397 487.891379 1.478422 0.248207 48.361635 50.563513 50.563513 2327542.209465 4156.055393
158.358631 211.375904 0.483567 0.454647 44.254904 66.474157 66.474157 25233336.291403 96.044402
59.745963 44.792852 0.153741 0.196746 77.616442 79.782112 79.782112 1067768.340154 24209.961582
567.821043 31.158231 0.967929 0.312966 62.151470 63.508552 63.508552 441748.202276 7675.422610
182.032544 360.252758 0.882847 0.173006 48.057151 58.279771 58.279771 14949761.928989 523.729944
168.971979 421.999416 1.135405 0.275906 55.369437 56.877498 56.877498 1159445.236376 7643.185052
223.517549 442.298319 1.278450 0.194883 50.074788 53.767836 53.767836 4002586.638154 2059.296224
618.549600 175.270199 1.286427 0.277599 54.379669 56.255474 56.255474 980129.142142 3926.519814
121.494410 242.398288 0.511386 0.464848 72.837789 73.874925 73.874925 527974.195771 18516.846173
124.158315 31.333313 0.171972 0.236982 101.360722 103.877305 103.877305 417973.983947 6816.761276
306.298576 89.753879 0.378593 0.174631 89.204883 -1.000000 88.975314 9087.859001 -149109.765565
81.149925 359.164068 0.824628 0.146400 43.132615 47.341175 47.341175 6876909.934979 4319.347609
72.534573 205.690814 0.421184 0.316975 36.224557 46.654080 46.654080 10417843.756976 2958.682934
236.335206 387.219568 1.078697 0.310483 41.704004 53.704151 53.704151 21100929.471482 290.203297
100.849603 329.086677 0.717094 0.186382 55.928961 58.731384 58.731384 3408858.198129 5718.120945
159.497763 133.788066 0.268619 0.216554 95.081108 96.159743 96.159743 139595.157696 16131.175870
614.947202 205.958383 1.332391 0.248669 54.847334 55.930762 55.930762 385111.001765 9002.476140
300.678834 227.628937 0.582526 0.079891 73.552348 76.282330 76.282330 855956.656540 2841.736638
267.240306 364.449065 1.013480 0.289778 52.559346 58.360764 58.360764 6624828.133464 1203.202524
281.534334 388.815655 1.122987 0.369318 60.933933 -1.000000 60.870075 3254.937917 -330658.287480
71.569590 220.152911 0.509782 0.491203 16.587023 35.330908 35.330908 15182383.377692 2740.065059
481.986098 94.079908 0.769877 0.268868 61.874928 67.462274 67.462274 4054422.258971 940.561091
166.561057 24.062057 0.200233 0.237081 92.039262 99.288034 99.288034 2250014.560124 1228.811683
441.372605 262.125617 0.988210 0.263449 57.249344 61.342547 61.342547 3118415.848104 1531.860160
138.128562 185.009222 0.326559 0.161605 82.268587 86.347649 86.347649 1858503.108542 3410.949471
122.621175 309.949898 0.703294 0.440776 63.389613 64.334144 64.334144 742571.980987 20330.365443
208.986605 172.212260 0.416719 0.428219 85.660344 86.114434 86.114434 37273.007035 36355.976568
200.046533 307.257612 0.733254 0.425317 70.008761 70.517438 70.517438 103698.056957 28819.187862
349.892313 128.988491 0.535354 0.370428 78.874122 79.524501 79.524501 73917.893568 20135.949359
411.300143 242.977342 0.887475 0.400914 60.904529 64.173786 64.173786 2004286.973146 2270.351828
60.301575 191.355757 0.406020 0.376434 41.516264 44.491983 44.491983 2735355.935471 42633.241426
66.937091 188.425556 0.270623 0.052689 60.582960 74.320453 74.320453 10835331.364353 865.178999
592.459708 279.140410 1.444141 0.197405 54.055913 54.543521 54.543521 97758.292733 18341.785351
158.702170 523.010288 1.634351 0.162373 44.809061 47.535070 47.535070 3579796.808493 3105.647611
495.510090 215.699579 0.991606 0.179754 57.835012 61.767726 61.767726 2714034.248115 1587.948447
380.551931 369.703754 1.225461 0.288033 51.196572 55.579770 55.579770 4418619.727806 1414.606055
464.388731 257.647155 1.054914 0.371430 44.752367 57.701545 57.701545 19998549.479920 118.753242
268.194002 280.258421 0.729340 0.393797 69.588079 70.522482 70.522482 230835.931956 13439.136309
165.044816 101.953867 0.269677 0.322823 86.531313 91.980576 91.980576 1859196.615166 2037.763702
121.862703 393.194787 1.016175 0.277900 36.268591 45.639681 45.639681 18097185.003800 911.504925
270.495630 189.158256 0.543184 0.500015 68.063760 74.712288 74.712288 4186916.752593 1016.309085
301.061097 299.442721 0.858927 0.416848 49.919740 61.072180 61.072180 14784185.959773 319.040553
191.384036 371.895858 0.956796 0.427439 62.342701 63.007442 63.007442 237537.838946 20010.753596
334.769388 262.227771 0.789584 0.483019 70.070507 70.098438 70.098438 427.398905 558240.258339
91.201606 140.836078 0.259731 0.244271 79.727226 83.031042 83.031042 1789471.487915 6153.267967
142.694439 304.315066 0.706307 0.485376 62.248980 64.436158 64.436158 1800056.149114 6612.103946
317.192984 24.115240 0.408789 0.387051 81.423121 84.884874 84.884874 983891.855428 2526.134717
448.424190 265.330307 0.999901 0.160331 53.915143 60.753468 60.753468 6774183.818689 647.748199
538.327478 216.188678 1.110232 0.167044 55.588885 59.220208 59.220208 2533597.087358 1510.737755
287.887657 119.694288 0.358024 0.068724 87.258594 89.615457 89.615457 416795.587986 3628.343745
393.458013 140.685463 0.592304 0.117322 70.190776 75.055104 75.055104 2422469.404905 1508.121029
208.967637 220.762825 0.505302 0.311406 61.726720 73.013218 73.013218 10529462.807751 518.437806
191.373802 125.425882 0.333765 0.377856 74.541539 84.979153 84.979153 5875796.771456 655.788519
530.840895 62.197668 0.870245 0.311002 67.580404 -1.000000 67.554764 354.540585 -913446.533473
626.956951 98.075972 1.207462 0.262337 43.477868 55.607817 55.607817 19189887.824728 77.424370
155.724481 303.705836 0.657581 0.223412 67.041786 69.438922 69.438922 1505740.115666 5465.272450
299.682766 58.420069 0.347204 0.178977 88.310559 90.132544 90.132544 312812.825395 6536.895296
197.140993 222.836198 0.491734 0.368968 81.100851 81.540246 81.540246 48841.956184 37520.159372
123.565165 279.729053 0.583907 0.355810 72.732147 73.270302 73.270302 219532.491189 35363.319637
174.923316 257.741041 0.550413 0.238625 60.141515 69.588815 69.588815 9622536.775573 806.961618
141.024231 501.932240 1.485570 0.075050 47.065013 50.416637 50.416637 3591568.540292 2221.676702
617.889710 326.086436 1.687628 0.182030 45.415430 49.475420 49.475420 4242987.148135 3338.499628
139.940769 106.627707 0.186568 0.101531 105.435699 105.936365 105.936365 26211.243264 39913.536541
363.714016 116.843835 0.569087 0.463332 70.059533 75.217773 75.217773 2653550.091050 1323.961375
192.461865 234.152324 0.535274 0.478283 77.673690 78.434333 78.434333 141978.676978 20228.740573
186.584118 65.317842 0.259822 0.351405 96.986019 97.836630 97.836630 63785.737308 19161.327104
89.704816 124.007569 0.320898 0.488151 42.988356 60.945171 60.945171 13102683.960720 710.343254
363.496953 201.218731 0.696843 0.386440 60.754471 68.588810 68.588810 6741473.473658 630.780554
326.012930 170.538790 0.589434 0.491154 66.136608 73.167337 73.167337 4708993.172455 769.793986
655.438708 58.886864 1.283520 0.341568 43.583497 54.128340 54.128340 16488232.514329 174.733974
430.806795 208.325791 0.832017 0.295216 62.483109 65.952239 65.952239 2044366.177910 2156.308167
146.155842 242.562686 0.478633 0.285881 81.461663 81.823479 81.823479 49898.256339 50931.785179
668.485354 36.674697 1.304161 0.284062 52.465608 55.457066 55.457066 2174172.821119 1963.430754
84.753995 329.914198 0.719128 0.150728 42.180296 49.104345 49.104345 10738028.398758 2327.174748
209.641733 391.701886 1.047964 0.422959 62.335713 62.440170 62.440170 9147.881052 136894.820525
324.485035 365.946993 1.122248 0.359173 47.402379 55.577530 55.577530 11590632.569306 593.793793
309.759198 306.658607 0.863205 0.322682 64.986633 66.109574 66.109574 350139.863776 10601.386905
657.639101 175.129254 1.414847 0.189327 48.002844 53.174837 53.174837 5480467.338165 676.322878
221.162890 193.185927 0.435605 0.278291 85.193481 85.427046 85.427046 12610.830399 73999.173652
350.526303 386.188626 1.203188 0.127808 59.163501 -1.000000 59.022823 9926.218135 -159768.456342
445.981523 74.638268 0.642240 0.166579 71.087634 73.615499 73.615499 883647.576513 3016.166543
303.683378 170.224156 0.476377 0.140650 81.917457 82.639261 82.639261 82284.203269 16810.872398
105.825786 174.607546 0.361784 0.340670 47.797913 64.570859 64.570859 15907343.844780 467.648038
466.681257 155.338368 0.819711 0.385231 68.924403 -1.000000 68.823386 4125.056329 -252071.640843
126.788018 434.510129 1.155164 0.152582 47.310862 51.495001 51.495001 6230867.246708 2352.462360
454.308180 31.393574 0.680277 0.381930 63.838852 70.335520 70.335520 4593453.300597 763.665910
132.327505 351.125370 0.868438 0.422753 49.588462 53.839539 53.839539 6083601.281978 2867.150696
164.965273 179.245651 0.389195 0.419161 86.220598 86.920307 86.920307 93354.456446 24822.069659
402.516968 50.527797 0.590891 0.487681 70.275956 74.716660 74.716660 2068876.429113 1435.774159
87.887851 301.541831 0.593172 0.133578 68.560216 69.000452 69.000452 300398.427633 58750.727269
418.154490 76.675697 0.637642 0.494976 71.862956 73.849953 73.849953 571337.100192 4703.901644
404.528813 265.581027 0.894691 0.184470 66.639386 -1.000000 66.525255 5490.271073 -216158.317354
369.324824 386.516963 1.275866 0.288752 46.668795 53.617115 53.617115 9574214.394651 631.145524
134.143406 282.281419 0.578330 0.276226 75.044118 75.551499 75.551499 136007.918306 34888.428705
282.248400 326.558554 0.845713 0.059683 66.852217 67.624041 67.624041 113718.425613 27126.395953
175.362063 388.195675 0.980973 0.221944 60.763283 61.833260 61.833260 511550.378897 11439.512628
485.638504 199.451812 0.928574 0.183108 60.689136 63.729067 63.729067 1676131.890498 2244.632933
265.892312 409.673860 1.169157 0.138058 55.884974 57.938529 57.938529 1183950.843122 4010.517221
119.164956 311.506533 0.669191 0.212266 58.220567 62.337165 62.337165 4581404.152097 3214.323706
247.066087 307.628497 0.765080 0.272164 69.018350 69.657401 69.657401 129504.833942 20559.323301
111.981767 393.268367 1.029278 0.282592 14.040295 38.467593 38.467593 42204258.415658 356.251639
173.223814 234.605880 0.508412 0.299151 52.600073 68.745995 68.745995 18667284.803822 199.521742
448.430333 91.877090 0.709829 0.390361 56.769897 68.228760 68.228760 11733914.625552 184.848172
141.456082 427.734223 1.185489 0.295358 30.102515 43.658932 43.658932 29320769.356551 332.696963
271.402068 106.828743 0.333819 0.120143 84.421438 89.616606 89.616606 1828643.948033 1485.908235
195.782602 410.458652 1.097886 0.270881 60.316307 60.652176 60.652176 72898.230798 38672.022079
199.240874 260.362033 0.587262 0.367893 75.277253 76.042811 76.042811 160453.457887 19536.835464
183.384716 245.865053 0.547893 0.339897 61.803774 70.149132 70.149132 7780753.176998 985.733205
202.253156 477.929531 1.425197 0.181512 51.277545 52.832215 52.832215 1100858.456607 4233.026327
230.721687 472.912814 1.456153 0.265293 43.610787 49.241210 49.241210 8961778.811059 1110.776821
484.694461 281.122923 1.153535 0.257805 50.493762 56.954124 56.954124 7300795.190303 694.061268
275.659752 441.789508 1.341120 0.161874 47.931351 52.997604 52.997604 6037283.462924 1101.524048
311.790679 212.013021 0.594156 0.215471 69.761176 74.065964 74.065964 2314157.945264 1857.882075
222.316788 359.737751 0.952235 0.380430 54.849007 59.300337 59.300337 4645477.339215 1936.680761
112.892661 399.581427 1.023219 0.249144 44.174824 48.494775 48.494775 7500826.532588 2945.491412
445.221377 274.807918 1.043816 0.418837 62.138303 62.443558 62.443558 37283.194230 38122.167743
451.293394 59.321808 0.634057 0.127885 75.621891 -1.000000 75.447798 7612.652765 -169207.428692
184.806682 406.677387 1.089453 0.222713 44.621617 53.139803 53.139803 14031295.911743 650.093704
410.165179 261.958872 0.914017 0.316137 66.140385 -1.000000 66.058562 3324.635671 -294895.509936
143.427397 449.300264 1.246740 0.260515 51.473354 53.056732 53.056732 1671040.878935 7597.988954
96.130589 97.007459 0.188973 0.194571 93.392304 96.370467 96.370467 964079.485104 6729.560593
262.256832 177.255391 0.497463 0.474576 78.997786 80.396202 80.396202 281787.357098 8918.679121
153.050230 438.976205 1.210176 0.194356 39.675356 48.652186 48.652186 17231585.531710 680.649439
129.589052 173.179362 0.395236 0.507802 66.887097 74.056763 74.056763 4955052.676581 1685.060832
129.954864 237.637366 0.402462 0.054092 87.669782 -1.000000 87.528121 4541.866584 -224088.939183
111.057123 314.346436 0.722595 0.334208 44.233657 51.516831 51.516831 10975824.827391 1699.092471
86.290126 434.401865 1.093148 0.033677 60.834203 61.077606 61.077606 27965.227111 53986.787419
240.074488 25.007848 0.281428 0.293904 95.242634 96.121639 96.121639 69137.379231 16754.092887
60.810215 21.006581 0.253219 0.536607 49.844170 57.690311 57.690311 3779964.611850 7357.572087
120.282938 209.298788 0.379836 0.227376 81.741457 83.338072 83.338072 613675.415395 11372.348277
328.082421 381.148916 1.145167 0.124172 55.377145 58.362836 58.362836 1967250.475808 2235.974779
175.544554 491.469239 1.505346 0.221377 26.180691 43.381287 43.381287 42409276.508861 64.771846
138.651710 172.897620 0.397989 0.465516 51.709880 70.053743 70.053743 16913209.890216 246.171758
438.935313 3.218811 0.588231 0.126995 73.355741 76.053975 76.053975 874601.624805 2827.805111
333.520808 165.399436 0.592612 0.476831 62.282317 72.349380 72.349380 8319825.234778 343.844943
78.969554 544.164025 1.721663 0.111704 35.971204 37.480554 37.480554 3339067.863966 20557.776526
68.929186 284.867810 0.541797 0.102429 54.612111 57.346082 57.346082 3250551.500054 10848.261462
374.725931 245.546653 0.776636 0.171470 69.187058 69.767992 69.767992 85092.478036 20105.950567
432.906225 142.030572 0.679271 0.114258 70.775729 72.638929 72.638929 511084.179057 4474.864857
101.281416 211.364037 0.415036 0.351790 72.817517 74.192488 74.192488 877635.859672 15495.807086
556.359656 73.070461 0.941033 0.219026 65.332872 -1.000000 65.201826 6929.843616 -189870.150046
185.408067 268.208688 0.611955 0.404254 68.152313 71.161618 71.161618 1799218.899087 4049.033876
229.880878 281.436598 0.662777 0.275571 72.855893 73.451230 73.451230 103722.835999 23637.060657
208.043183 261.399705 0.603158 0.393986 74.839431 75.534390 75.534390 134204.995060 21100.278771
212.229174 243.536432 0.587352 0.499862 71.395317 73.826173 73.826173 1049100.557380 4903.609812
164.706318 182.247577 0.424410 0.502630 72.482366 78.081338 78.081338 3133691.758222 2023.604044
514.374798 112.003872 0.833611 0.041425 68.498611 -1.000000 68.304495 6615.883830 -156680.697909
284.329146 178.151616 0.477069 0.182389 70.435242 78.544145 78.544145 5404698.225907 720.715489
150.947581 311.257422 0.710144 0.367815 63.197736 65.634287 65.634287 1905007.469388 5530.125247
96.179493 142.112824 0.213713 0.106422 90.594957 94.276080 94.276080 1417881.864424 4862.252441
138.167625 427.257619 1.088620 0.016636 61.868932 -1.000000 61.796791 692.029012 -394400.554495
84.569486 213.702099 0.491313 0.485210 16.411446 41.540558 41.540558 21483925.343087 1012.574776
636.506266 125.891676 1.273092 0.269431 47.083126 54.802566 54.802566 10044842.710996 385.913671
349.562547 273.368628 0.837251 0.289831 54.059921 63.287961 63.287961 10511465.958833 448.889536
270.873449 435.065904 1.316786 0.332453 53.711365 55.085690 55.085690 800405.431656 6227.564286
164.168801 65.292916 0.203082 0.199410 97.182542 100.784388 100.784388 771498.609778 3629.427900
302.251173 352.688954 0.995017 0.223999 63.921112 -1.000000 63.829555 4840.340267 -249365.364005
82.688171 68.781996 0.171410 0.192811 69.718690 82.448376 82.448376 7477846.846798 1057.731890
98.412153 29.659603 0.235736 0.535177 98.760261 99.145872 99.145872 23667.222739 59916.925034
315.565992 408.973184 1.252377 0.208722 55.168088 56.664768 56.664768 755373.705327 5676.167306
311.090756 303.925338 0.811044 0.036143 68.902136 -1.000000 68.459762 28632.660988 -73219.430150
210.585249 165.314365 0.405291 0.377494 77.249442 82.355057 82.355057 2324627.030677 1927.364124
220.392427 488.408904 1.487144 0.082939 50.602221 52.570830 52.570830 1196996.374280 3475.102538
119.696310 188.770251 0.381608 0.302760 47.770650 67.001537 67.001537 19693842.816396 314.509531
498.102019 183.477490 0.920033 0.126386 59.954316 63.962204 63.962204 2447419.863358 1297.247300
72.008624 177.816567 0.307438 0.189720 66.171209 68.519129 68.519129 1923638.100519 13789.110368
222.293029 90.425105 0.317685 0.385775 94.256739 94.281657 94.281657 135.276967 853849.865612
59.735856 157.920920 0.220817 0.081756 84.506808 84.812970 84.812970 157955.953565 319892.116899
474.758825 34.177068 0.742219 0.495585 67.910595 69.880080 69.880080 650594.147031 5077.511628
193.779353 287.029906 0.681905 0.414036 61.275248 66.404460 66.404460 4524669.940601 1898.750483
145.420383 265.141144 0.554237 0.260473 60.824290 67.774373 67.774373 6994934.300213 1454.235625
110.775789 298.673916 0.689326 0.456383 52.497683 55.640165 55.640165 3953821.521455 5714.596319
227.321950 442.185110 1.296698 0.293282 50.139596 53.294679 53.294679 3397552.364668 2717.458471
121.475028 324.900904 0.775690 0.480705 54.627072 56.896784 56.896784 2717749.846240 7347.307257
169.102947 219.169199 0.424416 0.167940 75.094491 80.140286 80.140286 2882687.418624 2115.179947
199.486349 419.659373 1.153906 0.300308 56.346816 57.620157 57.620157 764506.780905 8692.590459
111.820941 387.311209 0.925356 0.194662 62.625477 62.836161 62.836161 92577.439075 86438.195540
478.836528 353.867704 1.380449 0.244826 52.343662 54.365231 54.365231 1237421.778655 3508.418318
130.474456 250.297029 0.570754 0.483556 46.772100 58.553376 58.553376 14385327.636904 727.592073
285.331921 5.489534 0.323360 0.242986 92.124832 92.843170 92.843170 55807.009799 20309.680951
346.549383 373.637404 1.138634 0.067117 55.821307 59.188214 59.188214 1880294.566724 1274.964408
53.021004 47.158228 0.172845 0.222482 49.719977 59.196285 59.196285 5260579.818846 5065.427261
498.399227 177.544470 0.955080 0.437180 59.517614 62.647234 62.647234 1891334.040086 2278.218240
112.805187 313.577614 0.671032 0.200472 57.607260 61.517594 61.517594 4471848.380366 3566.392087
79.957240 571.173152 1.866316 0.057404 32.913626 38.173120 38.173120 11184358.376921 1957.177836
74.228306 303.716389 0.714418 0.376462 24.289496 34.080280 34.080280 12779647.555396 4649.266792
223.036076 300.615893 0.737967 0.451796 71.179084 71.349840 71.349840 13620.435373 90511.654416
305.135174 337.418246 0.968632 0.290364 53.329341 59.803214 59.803214 7196336.614738 965.921414
129.180328 49.554185 0.252787 0.491271 85.887885 91.638525 91.638525 1664643.589058 2132.986025
467.847492 119.987096 0.794487 0.433791 54.641239 65.348606 65.348606 11602782.888628 234.786971
90.564013 284.474901 0.584912 0.254895 61.014686 61.661000 61.661000 674010.768143 72322.483927
152.944735 414.131830 1.089612 0.310696 57.269471 58.177822 58.177822 590363.785621 14657.238119
198.045263 304.307828 0.735575 0.461726 66.400575 68.117312 68.117312 839573.021439 7359.827519
213.833587 117.882446 0.283839 0.140864 74.068012 90.310235 90.310235 10843615.523669 168.642367
158.966228 470.494393 1.371199 0.312067 49.554513 51.237488 51.237488 1849152.747872 6393.605374
168.592148 138.694033 0.340894 0.397782 65.617378 80.968198 80.968198 11089964.535139 324.027845
336.028499 261.449585 0.787524 0.429398 67.728168 68.709240 68.709240 242115.251747 11753.063554
454.998218 24.658945 0.658987 0.312587 74.509292 -1.000000 74.322029 9906.880749 -151996.188228
75.759921 300.114042 0.613473 0.126585 28.881037 45.019754 45.019754 22066966.132679 742.161638
157.139110 297.636281 0.701425 0.401673 44.819559 57.675843 57.675843 18581694.587866 416.014529
316.476097 205.101964 0.643626 0.482769 56.208448 69.117469 69.117469 13426827.546800 243.276758
356.331642 257.914807 0.761587 0.097604 70.832230 -1.000000 70.701065 5324.151694 -206332.343991
153.650879 241.139102 0.535136 0.520061 73.332989 74.995835 74.995835 707498.125682 9242.892009
388.524980 349.983180 1.164212 0.312198 55.379856 57.819430 57.819430 1602449.182355 3029.446297
232.028605 333.007368 0.841369 0.282296 62.355002 64.815656 64.815656 1503355.150577 4211.784510
540.763968 104.422333 0.957363 0.442973 62.888398 63.942084 63.942084 284804.068278 9137.391229
612.249144 91.710902 1.117945 0.089906 61.142583 -1.000000 61.059247 2743.766205 -286460.377312
187.810335 393.599129 1.061696 0.391214 49.326555 54.425541 54.425541 7042414.201777 1653.283767
183.405087 440.296534 1.226485 0.334268 58.414657 58.513674 58.513674 11027.505721 138198.476779
463.950167 309.449683 1.191663 0.237294 41.011877 55.191695 55.191695 24559436.104704 69.906752
238.569661 135.667393 0.419650 0.507406 74.095469 81.455539 81.455539 3665614.880067 892.540564
184.612494 281.647055 0.641216 0.366284 67.821944 70.426880 70.426880 1511357.526097 4726.060377
400.973839 39.840308 0.570758 0.442802 75.673687 77.164725 77.164725 313580.897633 7022.374375
309.933962 9.518371 0.406562 0.423884 73.164580 83.243902 83.243902 5566431.760250 311.329862
368.317994 203.413492 0.645233 0.062422 65.004885 73.359274 73.359274 5252618.457509 130.258500
322.238943 409.925538 1.282662 0.283475 51.619035 54.758128 54.758128 2812915.491793 2323.922710
103.961827 467.325863 1.350568 0.299688 40.913554 42.360983 42.360983 2891149.373284 17819.273681
242.207393 242.452571 0.574459 0.309280 78.420912 78.470323 78.470323 1025.297353 357577.535841
199.829985 236.302800 0.561894 0.484710 67.180461 72.229509 72.229509 3398304.339643 2103.631737
51.417811 77.218994 0.203991 0.254506 49.470986 55.226364 55.226364 3411694.907315 13775.085040
84.951610 263.262922 0.586739 0.448559 50.079047 51.376601 51.376601 1564638.435061 62033.554537
414.616396 189.420847 0.758392 0.297053 62.417244 67.617332 67.617332 3694176.905677 1116.384713
403.817818 342.209713 1.144096 0.139971 56.003959 58.679477 58.679477 1592611.720341 2443.558352
120.148790 356.846447 0.861491 0.250226 36.456232 48.452379 48.452379 21280454.969064 602.731345
219.271574 419.192085 1.173014 0.246213 52.348364 55.640859 55.640859 3302890.001489 2459.542918
245.860166 247.607126 0.591737 0.248333 69.313388 73.367435 73.367435 2326512.336933 2123.781203
325.975403 55.205363 0.459750 0.529654 81.865297 83.124950 83.124950 176596.415686 8937.052255
211.469007 394.927603 1.067920 0.356751 57.490939 59.097856 59.097856 1031325.244395 6896.473765
535.500205 230.737117 1.149051 0.221716 49.163618 57.095042 57.095042 9723569.183230 423.162143
307.214989 291.254419 0.836472 0.381134 50.936170 61.988766 61.988766 14221477.612292 311.164918
93.523773 62.186999 0.221130 0.344405 51.419901 75.087694 75.087694 14736854.555162 311.975306
614.294745 247.128696 1.417723 0.132632 54.342249 54.955731 54.955731 130181.419001 12984.502844
98.764521 400.976465 1.068245 0.400683 41.002808 42.684750 42.684750 3132931.101639 23737.364076
71.250486 494.259766 1.513975 0.258030 16.554286 24.011042 24.011042 15130889.221759 7931.855211
95.460874 462.194821 1.314234 0.254208 40.499495 41.741677 41.741677 2502457.841549 28897.621435
427.968841 44.756905 0.612432 0.352560 75.067189 75.859909 75.859909 114616.181333 14931.890112
285.542418 325.164156 0.925297 0.429297 45.706946 58.398683 58.398683 19212484.037810 280.525971
533.309300 22.469912 0.866266 0.341862 66.343330 66.940009 66.940009 95082.058668 18419.706707
490.800899 140.717491 0.854743 0.365906 67.862817 -1.000000 67.770042 3628.336004 -267195.787505
118.460043 329.227742 0.716923 0.236443 67.394911 67.970668 67.970668 290330.852704 30751.664634
157.522167 307.720193 0.679324 0.185858 48.927455 61.805524 61.805524 17908606.707809 466.270910
220.315973 353.980743 0.882693 0.117348 50.049637 61.056006 61.056006 14393581.780061 297.890215
317.472861 364.491365 1.110103 0.383860 45.904281 55.325607 55.325607 14274484.654544 385.932235
239.929136 242.731463 0.582010 0.282784 66.007420 72.285560 72.285560 4699185.686362 1265.786453
129.496215 189.523783 0.406805 0.509200 81.734966 82.761720 82.761720 278524.964790 18170.998450
97.424596 277.182707 0.606662 0.304011 27.337664 46.085832 46.085832 24985321.224311 497.552565
430.414763 211.720625 0.854500 0.356478 54.350244 63.420827 63.420827 9918834.317539 396.719070
255.297244 474.745331 1.457251 0.066247 51.883675 53.599459 53.599459 783897.240684 3554.154539
411.800879 289.771561 1.026876 0.392575 51.126876 58.798467 58.798467 9133947.691313 515.389387
84.669080 121.174128 0.203896 0.145116 72.665389 82.228316 82.228316 6266261.598722 1604.188161
227.086761 386.674162 1.060198 0.415281 57.274605 59.117474 59.117474 1240663.561682 5729.908990
389.189570 168.033223 0.699769 0.476527 56.889237 68.104979 68.104979 11283315.214161 259.117280
112.691379 372.526399 0.900567 0.257823 53.131085 55.159837 55.159837 2626632.760124 7728.563651
103.692887 324.400665 0.690879 0.208249 66.550773 66.944529 66.944529 251255.574228 55586.216692
125.744947 275.882390 0.532155 0.169231 77.626119 78.151290 78.151290 119937.637823 34035.944444
243.433933 387.174483 1.049193 0.223845 60.892956 61.551039 61.551039 180041.366008 17661.213095
229.792530 311.597768 0.768498 0.355568 69.243663 69.694754 69.694754 76686.301234 31197.605835
258.427262 444.681642 1.336691 0.181091 44.778946 51.892715 51.892715 10667990.904963 701.457725
181.510713 367.171662 0.936626 0.436694 60.648367 61.927244 61.927244 749376.502507 9940.836634
182.474057 24.348988 0.183974 0.139990 85.859655 100.659110 100.659110 6854116.717510 177.296374
132.315315 319.654242 0.703936 0.357090 71.678617 71.785325 71.785325 16411.186095 173774.688419
431.468369 282.264719 0.995895 0.103202 61.711641 63.041850 63.041850 381092.225746 6071.138161
134.522332 125.272768 0.296640 0.429642 90.003310 91.575314 91.575314 302438.696775 11148.597581
105.239842 456.194016 1.288653 0.260861 40.077341 42.821972 42.821972 5527285.958656 6046.752002
52.520336 457.088441 1.239770 0.070890 13.971625 26.935372 26.935372 19756046.966362 3644.326094
166.613568 233.420263 0.513211 0.458892 75.451732 77.127295 77.127295 611418.113589 8824.779891
149.101672 377.305035 0.942215 0.375402 60.126323 61.072097 61.072097 612653.180948 15126.954118
268.976019 514.794200 1.697342 0.106148 49.767886 50.520018 50.520018 255137.886439 10914.358410
157.355186 64.808898 0.232565 0.303910 80.126494 92.657573 92.657573 5939955.278197 504.705023
209.313034 363.444463 0.892357 0.096338 65.633235 66.114208 66.114208 74925.332116 25064.404631
170.582152 255.485293 0.539895 0.333071 78.318325 78.740942 78.740942 61276.512134 39950.119044
156.077444 423.622118 1.135527 0.239828 51.247610 54.258805 54.258805 3605755.265689 3431.488690
192.579969 481.979102 1.454167 0.268375 48.105140 50.575811 50.575811 2788400.837856 3635.422898
106.260723 444.320250 1.206947 0.189480 43.958895 46.906902 46.906902 5193957.068872 5070.165805
418.915042 10.527767 0.560501 0.190939 63.432708 74.956811 74.956811 9834840.932331 136.600261
90.619398 510.271377 1.556708 0.190710 35.199985 37.481818 37.481818 5282470.083052 10980.485640
102.489163 95.375935 0.190884 0.221464 104.655366 104.908925 104.908925 14105.980602 97068.983173
141.803995 43.956639 0.251761 0.476164 90.161054 94.302327 94.302327 913542.784296 3097.250541
538.185883 35.728119 0.891730 0.325734 57.018625 63.482843 63.482843 5772126.997735 685.598624
159.853951 94.826901 0.232047 0.218743 85.787273 94.151374 94.151374 3550780.686810 1104.511657
92.899258 311.774744 0.668066 0.187524 45.554663 52.341237 52.341237 9965647.703398 2137.624145
156.883067 268.753239 0.560307 0.193481 51.898468 66.242440 66.242440 17922421.888920 416.778202
542.198540 239.878275 1.194460 0.231999 46.035864 55.873313 55.873313 14034539.058629 170.800515
388.368208 310.475776 1.025795 0.268244 49.744876 58.651009 58.651009 11491392.393513 412.367608
516.796985 6.016877 0.811715 0.268225 64.633192 67.282815 67.282815 1200512.329955 2860.969824
140.789425 212.020927 0.462114 0.419502 57.602080 68.426072 68.426072 10486844.105014 804.248259
108.689236 378.808874 0.942159 0.344643 52.904048 53.560786 53.560786 851142.653368 46549.372450
219.775803 177.457533 0.414330 0.257630 65.002647 78.974419 78.974419 11821751.023129 313.079871
227.915149 258.112758 0.600251 0.251174 67.029309 71.990375 71.990375 3408268.408163 1830.648959
372.134318 258.463114 0.810298 0.141521 49.757792 64.917046 64.917046 19835975.335492 36.476617
74.323105 444.222449 1.270272 0.317271 22.961974 27.934025 27.934025 9988817.155641 12760.056103
275.944004 195.421410 0.552965 0.468520 71.990592 75.727403 75.727403 1687064.537183 2424.269987
127.391198 346.345119 0.799713 0.287923 61.833500 63.056906 63.056906 951020.521842 12753.620560
187.058471 88.166992 0.266985 0.320235 98.401053 98.479089 98.479089 1006.171677 269145.595868
206.815358 114.393264 0.333188 0.396638 86.549345 89.488403 89.488403 698581.007823 3945.218596
403.876737 91.897856 0.612979 0.442281 72.254469 74.630686 74.630686 766684.041001 3821.602635
267.265281 321.046707 0.878468 0.401422 50.151716 60.010705 60.010705 13112316.027256 487.385960
116.795202 390.246716 1.009469 0.342018 42.842356 47.330272 47.330272 7948490.630966 2856.950504
202.880082 425.691908 1.169447 0.161734 53.501244 56.383307 56.383307 2504822.846177 2179.576415
125.882931 197.979453 0.382866 0.311582 79.133730 81.458005 81.458005 1059482.271876 7235.149391
367.601233 295.429717 0.920901 0.241217 62.410276 64.184792 64.184792 744848.796449 5217.846807
329.240990 411.059799 1.291094 0.273536 55.520420 56.422181 56.422181 333974.836579 10626.591477
563.037747 284.726030 1.386190 0.250832 45.105470 52.692632 52.692632 10610277.469273 13312.669607
360.169409 263.486540 0.826926 0.312901 61.274673 65.405720 65.405720 2871216.509021 1707.432956
194.727020 130.988738 0.324848 0.295515 71.818242 85.058544 85.058544 8720266.047230 403.809232
562.720864 33.851300 0.923608 0.093372 59.903784 64.247260 64.247260 2525750.957670 709.993541
170.657641 335.040982 0.853160 0.462373 35.871913 52.591522 52.591522 28677897.737189 175.119098
201.566667 276.457890 0.659838 0.387001 55.474866 65.152876 65.152876 10954803.943785 689.505222
153.407285 96.318042 0.246277 0.276500 82.207598 91.470215 91.470215 4275078.071743 941.079088
243.792829 409.626916 1.164857 0.312283 55.019584 57.075848 57.075848 1488664.538257 4648.268544
146.592792 346.064538 0.789647 0.232680 67.595614 68.059575 68.059575 129952.158345 33389.192560
475.275917 104.968229 0.785277 0.484412 70.278032 70.294324 70.294324 137.572885 953222.976736
597.404054 166.982408 1.199122 0.263609 56.638183 58.150089 58.150089 634618.405748 5287.078562
236.379801 320.644468 0.814489 0.363752 64.477274 66.258002 66.258002 856155.632612 6346.797287
167.192492 240.270047 0.513303 0.317870 66.020014 72.280014 72.280014 5058841.410756 1684.300021
307.323669 447.774792 1.431121 0.247529 47.690625 51.728742 51.728742 4631734.871305 1683.136908
234.398216 231.896570 0.548804 0.308545 72.645219 75.767580 75.767580 1435340.084181 3524.394783
369.361251 143.138863 0.571317 0.221961 66.559176 74.432425 74.432425 5672526.234344 608.954853
178.059278 404.397512 1.120737 0.393892 32.294458 47.659244 47.659244 31681764.375481 176.870579
227.188468 271.779949 0.659214 0.423054 71.558012 72.651600 72.651600 302865.344996 12199.173803
92.326006 41.681610 0.243527 0.542481 91.562693 92.911507 92.911507 244054.709386 16688.596418
138.087353 370.078245 0.863705 0.090402 51.579788 59.535050 59.535050 9927133.505891 852.992841
500.069044 30.347660 0.793050 0.377492 60.253878 66.458983 66.458983 4881630.598235 750.145364
298.126004 117.150239 0.464761 0.484346 77.318565 81.049086 81.049086 1263969.143472 2226.757652
159.151396 405.566469 1.039245 0.156784 54.184236 57.502797 57.502797 3353197.008528 2945.237976
257.431775 1.802121 0.362499 0.552153 75.098869 86.273568 86.273568 5192827.730597 23248.062069
339.840034 288.087693 0.842075 0.200990 62.037786 65.463277 65.463277 2102098.115894 2370.735192
153.215877 400.029613 1.030027 0.294953 56.960813 58.419978 58.419978 1167967.360334 8650.198631
311.681427 392.230903 1.195539 0.309774 50.612897 55.372427 55.372427 5314062.629228 1350.205903
98.166617 223.121181 0.466924 0.374573 52.322639 59.180213 59.180213 7333074.695055 2379.588618
440.379782 17.130906 0.640001 0.368667 68.332753 72.654073 72.654073 2221529.708753 1609.692823
96.606518 15.977773 0.114600 0.124911 114.970182 115.307089 115.307089 13286.906479 74965.517539
225.906635 207.739065 0.461804 0.226654 82.193462 82.975854 82.975854 112937.608415 19025.728703
134.472373 323.995683 0.697834 0.137173 60.162707 64.918133 64.918133 4624980.334420 2307.986999
55.413958 375.204987 0.889245 0.126924 31.918358 34.525748 34.525748 4334247.338757 38246.768830
108.415431 122.413354 0.243603 0.280679 92.779812 94.342094 94.342094 378624.719239 13077.844855
238.316697 247.444515 0.616615 0.456637 71.385036 73.435668 73.435668 779798.306118 5745.503049
248.424683 315.622700 0.834030 0.443547 58.716474 63.248233 63.248233 3953064.883654 1829.819452
276.445504 458.971070 1.427182 0.246774 53.415819 54.140729 54.140729 266152.061094 13372.715868
388.824092 416.368059 1.407535 0.064282 51.519875 54.443619 54.443619 1659712.786166 1279.244882
676.551021 171.601532 1.464866 0.120714 51.811093 53.648351 53.648351 879166.036806 2776.346558
292.208763 178.812290 0.460875 0.078741 82.438451 83.473620 83.473620 129257.887173 11041.130460
523.586674 305.955396 1.334628 0.222988 45.328089 53.467836 53.467836 11464743.878487 326.734779
678.995967 215.153018 1.580632 0.211678 45.454688 50.621827 50.621827 6054848.689185 662.423255
290.136066 43.884812 0.365489 0.355104 88.584111 89.473488 89.473488 85362.747432 15312.932837
159.309072 241.384129 0.523185 0.368087 63.788193 70.394798 70.394798 5736708.427706 1559.332974
198.544529 474.255373 1.408305 0.259051 53.025472 53.805678 53.805678 384512.832202 13773.718596
426.296679 325.277536 1.128963 0.130358 59.352861 60.159014 60.159014 189431.323897 11193.782129
239.564175 335.935265 0.867117 0.369181 65.307804 66.053368 66.053368 203976.872986 16990.873679
420.111895 177.828811 0.765722 0.446770 67.417380 69.095525 69.095525 540326.528241 5752.074862
339.766773 249.731162 0.711768 0.123359 72.745784 -1.000000 72.681233 1542.135351 -406535.773793
196.006646 331.585098 0.781522 0.253186 69.510306 69.718647 69.718647 21915.125186 72495.322210
220.332475 412.383837 1.120024 0.129761 57.133654 58.901943 58.901943 952203.700931 5330.101070
202.175782 508.640153 1.579055 0.132465 51.836408 52.236395 52.236395 101948.754363 25770.681307
305.404526 76.104860 0.363826 0.147243 77.899774 86.556562 86.556562 4515985.630928 525.611772
84.785409 62.334651 0.214923 0.374867 85.785984 88.393137 88.393137 902054.974560 9100.080164
110.533788 254.352431 0.541544 0.388585 59.073870 62.906173 62.906173 3930254.215236 4288.711130
268.256688 230.334706 0.569111 0.184944 62.441279 72.762927 72.762927 9387528.327373 434.037521
192.136690 216.314141 0.461478 0.253645 70.394797 77.063317 77.063317 4594160.901886 996.681543
109.759077 216.348049 0.442067 0.426133 73.961882 75.148010 75.148010 654441.584523 17964.668621
369.716953 143.993046 0.574350 0.269880 77.116103 77.719796 77.719796 70672.209244 21552.095619
107.819719 253.623536 0.487925 0.194790 61.543105 67.128804 67.128804 5660388.527654 2468.306342
621.437520 147.472479 1.247137 0.328607 58.427175 -1.000000 58.347380 3792.538643 -271709.224586
229.745093 56.247075 0.304695 0.360514 78.059704 89.538675 89.538675 5618104.621932 362.437319
176.785653 123.365287 0.339100 0.453847 67.668641 82.528179 82.528179 9708391.398131 284.812637
338.274363 129.528067 0.479413 0.189653 83.270740 -1.000000 83.189761 1728.967112 -372633.582036
436.118695 288.444347 1.046426 0.207901 54.901257 59.789344 59.789344 4279388.667181 1137.138633
237.719927 290.900540 0.755054 0.474205 54.753135 63.373530 63.373530 9697019.903433 716.703490
218.981118 71.300345 0.324560 0.482092 90.416695 91.849095 91.849095 165059.974117 8994.260042
421.422226 57.776054 0.579053 0.171941 63.001651 74.227371 74.227371 9637562.024451 175.973428
108.839784 359.830962 0.800228 0.148318 68.550619 68.636928 68.636928 12959.189719 207887.300297
130.140353 349.847414 0.778526 0.102090 59.701492 63.695824 63.695824 3563867.166076 2714.412562
676.727450 285.976618 1.753645 0.130330 46.704720 49.339205 49.339205 1926421.947935 1955.445151
247.455140 213.759894 0.542118 0.358343 60.314081 72.369126 72.369126 11480314.977786 383.490392
454.490594 408.885854 1.518768 0.010039 53.333526 -1.000000 49.724386 145160.776832 -25203.612082
201.445116 234.834459 0.492903 0.167971 70.578320 76.646231 76.646231 4014719.799605 1443.932976
187.616638 76.231923 0.276373 0.350705 72.122685 89.419907 89.419907 10215368.708027 165.606685
403.536383 110.785394 0.564258 0.091156 79.010022 -1.000000 78.958694 708.858728 -568672.155084
424.870284 116.591053 0.642498 0.197143 70.097272 73.191871 73.191871 1289413.143556 11188.617216
280.871735 329.060150 0.878421 0.152459 49.696010 61.668907 61.668907 15970601.305947 214.344299
273.163232 24.598348 0.247095 0.016113 99.746863 -1.000000 97.856104 29800.780642 -46523.611322
458.556471 242.513973 0.989091 0.301042 44.757199 59.359093 59.359093 22527147.013724 62.341105
408.644458 426.211296 1.505116 0.157027 52.555589 53.303398 53.303398 224712.033884 11024.395292
538.693375 209.882330 1.127135 0.336488 46.841997 56.874894 56.874894 14140659.585934 209.492049
663.042781 27.357774 1.275180 0.248347 54.437055 56.467059 56.467059 1084509.187879 3483.228161
596.225931 23.342685 1.043256 0.230063 60.309116 61.696752 61.696752 474288.311061 4565.832376
129.059096 422.657851 1.109232 0.313545 57.727995 58.006672 58.006672 157820.118715 58980.796067
