341.622465 363.597286 1.119967 0.277859 56.503156 58.749869 58.749869 1391962.316759 3643.464653
125.193629 400.119921 1.071983 0.345686 27.693182 41.654983 41.654983 28156377.029863 522.108746
124.870962 227.298958 0.449477 0.287873 67.390023 72.346198 72.346198 4004913.804419 2801.729296
428.486252 213.572600 0.866407 0.462916 59.130635 64.107676 64.107676 3830778.336180 1235.428396
244.543261 376.852221 1.028353 0.388889 61.815501 62.249486 62.249486 93918.900488 29062.825364
435.222393 100.143498 0.705635 0.502719 58.917180 68.598481 68.598481 8757912.530113 311.297749
288.659231 268.800222 0.732208 0.403327 66.731420 69.091745 69.091745 1088952.837179 4224.983240
111.181397 364.310502 0.919813 0.418797 44.394383 47.860253 47.860253 5728226.877411 4969.743191
110.886669 77.325039 0.220161 0.316705 80.122515 88.650752 88.650752 3936173.357665 1495.909073
164.890147 383.191684 0.968903 0.345409 61.188530 61.947309 61.947309 354652.697189 18017.572615
177.718324 529.929904 1.679598 0.143928 48.728427 49.728020 49.728020 604520.874041 9483.271344
206.302422 300.982497 0.732412 0.452485 66.294261 68.204055 68.204055 958824.152234 6376.605381
120.222884 89.175293 0.178069 0.152082 96.839032 100.935714 100.935714 1135694.580241 3853.390696
511.675004 330.050069 1.379201 0.287613 55.275318 55.648118 55.648118 64626.066461 26499.765653
173.399745 424.077462 1.147569 0.379295 59.845350 59.960096 59.960096 15519.967995 124834.191385
164.592319 357.845157 0.880602 0.364531 59.990559 61.874502 61.874502 1437354.513828 6709.730046
427.043269 229.404774 0.861671 0.241318 63.939212 65.926075 65.926075 810287.158863 4458.561474
158.137014 371.414222 0.961483 0.422760 47.040354 53.190439 53.190439 9466577.630577 1437.095594
258.484198 23.086631 0.320526 0.353352 85.926325 90.558948 90.558948 1308144.688352 1842.858804
133.919346 204.612239 0.458158 0.540073 68.899669 73.077095 73.077095 2727361.198124 3358.654950
316.756368 281.829506 0.828755 0.448292 57.576769 63.781257 63.781257 5770260.861652 1037.315234
92.580881 241.454926 0.464921 0.191397 38.836351 55.436851 55.436851 20300287.282199 566.563671
80.834013 512.113063 1.504041 0.060210 48.873845 49.534537 49.534537 568048.335280 23232.342308
406.003975 128.964605 0.672139 0.475210 60.671331 69.795803 69.795803 7773691.961449 410.663555
427.442629 168.763894 0.761881 0.456184 70.740746 -1.000000 70.603456 6732.603372 -191463.510890
420.914816 383.995009 1.355071 0.220469 54.033492 55.260864 55.260864 524105.042358 5857.362013
596.653340 174.782813 1.210296 0.254952 56.264956 57.875283 57.875283 711313.573402 4858.624787
96.190674 102.655176 0.152705 0.091741 110.736591 -1.000000 110.645388 1767.436048 -410706.644647
240.521553 505.553236 1.611629 0.109119 46.452392 49.853634 49.853634 3417100.748895 1745.566818
225.143680 485.000340 1.489909 0.139099 44.063615 49.868528 49.868528 8395614.637568 911.946451
642.275138 194.226974 1.404237 0.235472 49.138057 53.376151 53.376151 4078608.608901 1050.912137
394.964669 61.113305 0.578402 0.499519 76.061127 77.130671 77.130671 174214.292299 10452.538326
462.967896 4.496951 0.661974 0.222091 72.211229 73.474796 73.474796 278168.019114 8271.765688
269.950827 307.912535 0.837323 0.387958 48.908149 60.854151 60.854151 16488731.845998 303.668117
592.651058 324.696133 1.589232 0.160730 52.895067 -1.000000 52.870968 485.701941 -806456.832100
102.747433 106.399796 0.271784 0.447274 84.194024 86.931030 86.931030 943970.038534 7059.583900
104.134121 492.057794 1.475971 0.220778 30.033343 36.794478 36.794478 16252705.907863 1901.870490
165.692053 248.903361 0.539724 0.307446 55.130886 67.343625 67.343625 13817921.760753 508.335774
332.760923 253.971211 0.735111 0.274161 71.207600 71.485974 71.485974 24370.269710 49512.584355
75.656586 415.920037 1.059055 0.117335 32.529884 39.238537 39.238537 12826817.246041 2996.107456
133.474149 182.250369 0.364327 0.307315 70.938667 78.003244 78.003244 4929051.045428 1662.283052
91.649994 9.335160 0.203214 0.431508 103.934837 104.031607 104.031607 2604.317968 268096.147718
111.754763 465.480821 1.362216 0.281286 24.696217 35.966460 35.966460 26001031.944319 760.479574
329.237282 441.619726 1.429672 0.230076 52.063900 53.557319 53.557319 845238.000031 5472.591168
203.927750 477.670114 1.425997 0.213669 52.944772 53.721659 53.721659 354443.064216 13688.543522
79.487620 232.210655 0.375302 0.063914 68.215601 74.589026 74.589026 5001794.041818 2350.022841
243.509853 270.673967 0.650532 0.245623 67.720943 71.169978 71.169978 1965038.957695 2854.132035
214.676259 397.314469 1.092441 0.376956 53.430076 56.664638 56.664638 3274551.133379 2902.969176
84.218988 183.781476 0.369852 0.324778 51.934223 59.640671 59.640671 7227098.064030 6483.124917
410.241950 87.488097 0.612988 0.421216 76.599762 -1.000000 76.491857 3422.643063 -261084.904083
260.589634 362.740775 0.983941 0.250934 58.769021 61.257756 61.257756 1635236.792201 3681.836225
145.963206 411.453716 1.103462 0.395275 50.873174 53.208582 53.208582 2995521.537100 5095.406265
119.218234 293.419361 0.633502 0.375026 67.371637 68.179016 68.179016 526337.272889 23900.253436
134.027830 264.437872 0.615978 0.481355 36.693356 54.735902 54.735902 24457909.637068 323.014995
277.819535 143.284128 0.404053 0.180325 83.194824 85.557985 85.557985 592519.905260 4585.850449
115.732364 378.529132 0.892530 0.190605 62.682602 63.133896 63.133896 232039.536000 36952.066891
161.897242 383.854310 1.001296 0.335914 43.433819 51.869088 51.869088 14426713.120382 888.250016
511.778834 304.738517 1.304795 0.310152 51.083985 54.825928 54.825928 3360630.448007 1560.210107
96.334344 29.388785 0.208691 0.418674 98.158155 99.189503 99.189503 133889.647160 21736.953034
151.972424 508.160989 1.546793 0.244560 50.254565 50.917420 50.917420 441769.366705 17630.703652
110.500879 360.643181 0.890775 0.383947 48.553429 50.911467 50.911467 3558839.384072 7920.757235
130.954908 223.996468 0.475063 0.435381 69.288667 72.729162 72.729162 2346903.804948 4315.178537
107.548380 196.210690 0.375792 0.339317 80.503294 81.548044 81.548044 433254.406261 20342.357904
497.400617 74.951631 0.797021 0.279550 56.265694 65.765799 65.765799 9723834.447424 288.348722
320.395021 425.986711 1.324293 0.120369 55.855972 56.419484 56.419484 122702.050141 16746.569382
500.802021 18.278545 0.797733 0.411181 59.301952 66.133908 66.133908 5701809.843569 637.717881
89.396404 333.776819 0.782963 0.316968 43.488971 46.405864 46.405864 4614111.929168 10731.673525
176.560714 342.783869 0.858083 0.377542 47.361485 56.448175 56.448175 13548376.169001 757.991365
161.811423 274.334568 0.582601 0.257567 67.719062 71.295030 71.295030 2486886.817502 3407.217350
177.511745 550.763412 1.815211 0.127436 34.944548 43.604401 43.604401 18623427.364139 398.959024
241.516372 420.682807 1.212194 0.364702 56.445901 57.364130 57.364130 407469.496358 11897.562078
96.150373 60.713475 0.155016 0.187281 104.020532 105.414326 105.414326 220550.662682 16149.399911
543.652733 171.424769 1.030847 0.209675 63.176468 -1.000000 63.117822 1773.853634 -393223.838825
158.461737 314.662667 0.745777 0.465309 61.275632 63.956464 63.956464 2243202.664636 4795.990448
99.227946 180.500580 0.315913 0.237828 85.555170 86.511201 86.511201 343752.338742 23506.861558
110.699357 528.365165 1.602949 0.043660 52.419637 -1.000000 52.333657 6097.053135 -221804.926553
89.041289 373.523365 0.965966 0.379590 29.655858 36.221609 36.221609 11822203.195668 4547.963075
417.500362 58.633055 0.607631 0.364683 65.623398 73.042921 73.042921 5179429.468696 516.210756
108.741111 247.784672 0.431825 0.115337 83.342872 83.817950 83.817950 86454.419677 40940.208205
71.557848 362.638831 0.841566 0.142924 36.991126 41.689630 41.689630 7948240.403969 6395.744383
267.519159 52.004361 0.304025 0.186183 72.998032 89.796541 89.796541 11260207.006893 110.981674
262.809483 206.821894 0.541643 0.386484 74.151263 76.847817 76.847817 1013981.512184 3957.943236
93.634825 212.624791 0.376087 0.156009 54.433139 66.075081 66.075081 12169180.315891 980.971924
639.790763 176.430314 1.352527 0.250260 56.452196 -1.000000 56.348911 6218.681606 -206268.336996
102.769653 404.417152 0.995824 0.148256 56.258887 57.181026 57.181026 870079.635618 18213.217737
292.297804 323.234070 0.899455 0.419024 65.926438 66.170909 66.170909 26169.321510 54979.551170
119.162436 113.047633 0.249548 0.292429 79.506454 87.079341 87.079341 3829198.145594 1748.601207
156.882802 371.504955 0.896596 0.192685 60.418892 62.338633 62.338633 1337517.311196 6268.116297
91.235532 298.751923 0.588356 0.097472 52.081779 60.231928 60.231928 10205479.842854 1484.955470
143.869675 355.068807 0.834529 0.326085 66.593080 66.856840 66.856840 65712.054386 61566.772891
177.895950 375.872776 0.948748 0.297333 59.505963 61.234386 61.234386 1177389.277335 6905.414417
630.133726 55.716177 1.146608 0.065904 60.602270 -1.000000 60.558998 742.051501 -540077.171894
193.922284 427.877276 1.184922 0.278167 54.828712 56.440046 56.440046 1168414.423431 6921.497896
106.924735 206.106239 0.396831 0.293142 68.735118 72.813588 72.813588 3156195.669108 4084.220041
252.724519 478.686593 1.500737 0.173478 40.029741 48.845066 48.845066 15937854.387912 107.052371
386.011401 272.749031 0.892960 0.317551 66.912622 -1.000000 66.891002 308.254799 -1107042.393225
448.772851 253.413182 0.964562 0.141640 52.796524 61.516236 61.516236 9480073.899457 297.315322
167.949857 244.812927 0.535493 0.435757 75.383063 76.691589 76.691589 428866.840825 11628.448350
120.220731 470.824990 1.307614 0.158875 56.540884 56.625270 56.625270 15120.999454 172546.794743
339.807992 210.054716 0.676459 0.505375 74.006498 74.077444 74.077444 1853.192703 220472.633232
73.607882 19.996584 0.103005 0.115553 115.897363 116.118015 116.118015 12131.231109 133370.271197
386.680716 326.244476 1.075509 0.275164 51.476649 58.047705 58.047705 7476760.539627 747.818857
636.530513 121.686170 1.227776 0.019633 58.895256 -1.000000 58.754440 2197.737917 -230674.491472
358.503797 435.524147 1.439637 0.081245 43.633595 52.701265 52.701265 12255882.803210 79.502494
101.916648 394.334355 0.997086 0.212573 37.307745 44.428887 44.428887 13505426.516607 1687.738870
83.279775 356.095330 0.903025 0.420003 34.221837 37.486796 37.486796 5608733.376538 17129.864849
101.028319 335.187303 0.791437 0.331356 44.303252 48.731548 48.731548 6981178.994791 4039.887923
421.617878 103.524663 0.653789 0.426398 74.785906 -1.000000 74.640382 6292.682826 -193955.172755
117.071348 171.865096 0.355732 0.439843 84.526227 85.503015 85.503015 264546.468960 20685.358587
628.670567 66.642463 1.183775 0.327755 56.859546 58.412473 58.412473 662689.971625 5166.259715
243.903604 422.865915 1.194055 0.147569 59.417122 -1.000000 59.337656 4429.853199 -265116.656594
105.174020 184.122113 0.418155 0.460934 20.220393 55.232944 55.232944 31053682.713465 193.704365
112.596557 181.566832 0.394683 0.513083 75.642931 77.599139 77.599139 956890.026599 9835.953766
256.867358 0.549226 0.309908 0.346708 94.568472 -1.000000 94.430572 2773.509976 -256331.979971
486.931261 100.009604 0.793477 0.325887 65.798639 68.004858 68.004858 873990.108209 3770.980106
133.273635 363.553799 0.901350 0.336184 47.116310 52.711658 52.711658 8707424.938749 1892.437542
239.154675 316.897616 0.807997 0.306926 55.787522 62.844882 62.844882 7702508.828541 993.708249
404.895153 184.465515 0.694689 0.156504 73.549831 -1.000000 73.539274 56.720028 -2299816.850163
297.141269 354.182120 0.969558 0.049681 64.800063 -1.000000 64.762519 515.077785 -651522.191249
128.126817 92.652393 0.252060 0.338570 54.223648 82.279640 82.279640 20190869.703101 38.301124
148.397783 289.420616 0.636425 0.411566 71.412508 72.180514 72.180514 275966.218821 21311.641790
616.504004 133.343801 1.208807 0.271680 55.968043 57.786479 57.786479 877045.900352 4180.308171
121.690233 321.764286 0.755199 0.340976 40.756837 51.010936 51.010936 16269648.178770 851.086065
414.354996 12.725853 0.608608 0.500777 64.194831 72.868201 72.868201 6301518.452216 465.392194
118.999794 304.765724 0.622428 0.118610 57.475482 64.619114 64.619114 7993557.891178 1363.398779
122.694487 209.125444 0.373020 0.209464 85.108621 86.059984 86.059984 243809.763246 19965.654147
375.569639 36.407003 0.483106 0.218238 63.989656 78.383986 78.383986 12426348.399606 80.703039
158.496531 275.281006 0.619698 0.509225 72.266573 73.093708 73.093708 268649.694037 19403.575484
340.698437 295.277311 0.889995 0.302056 52.713733 61.616855 61.616855 10586191.005907 503.752638
131.633231 161.954948 0.300112 0.232140 85.613305 88.658204 88.658204 1133265.151760 5314.153165
119.767637 328.605388 0.723632 0.239129 63.381870 64.818085 64.818085 1133615.508295 11212.216693
161.894046 434.410554 1.158015 0.078498 50.371021 55.674510 55.674510 5773371.919472 1234.737029
250.201622 211.851973 0.517453 0.304053 77.776947 79.197891 79.197891 338774.467988 9031.975793
115.413617 189.903591 0.315818 0.172236 93.291032 93.444644 93.444644 9098.908775 145098.066354
353.100467 186.569645 0.637707 0.341075 65.904834 71.654489 71.654489 3815438.631132 1156.718766
195.039674 282.967874 0.635902 0.329377 75.014388 75.203312 75.203312 15417.294738 87267.282475
228.632516 364.488394 0.964619 0.400445 62.260986 63.068437 63.068437 274824.402834 15285.547828
635.396107 186.655290 1.349447 0.157466 55.339853 56.028279 56.028279 159268.277230 11244.914761
590.606456 25.384045 1.019828 0.175152 59.477929 61.852803 61.852803 1133532.033417 3222.852706
92.561202 217.306940 0.455469 0.358395 42.956027 54.159450 54.159450 12326569.708055 1462.179987
290.170653 203.153068 0.557192 0.262824 57.580660 72.585455 72.585455 15841406.182005 185.944389
445.295549 295.945147 1.089804 0.190069 53.125530 58.704981 58.704981 5394169.113071 753.946074
128.877532 442.646625 1.200820 0.238994 52.704846 53.834803 53.834803 1125889.644515 11815.625099
134.742625 247.844145 0.519525 0.429096 75.364302 76.291441 76.291441 344589.402282 19126.049445
220.005872 440.917118 1.258475 0.237084 57.871431 57.994504 57.994504 12053.848365 103640.150654
386.883613 296.636401 0.991162 0.419789 58.840377 61.537272 61.537272 1653617.028902 2561.977400
544.841956 409.955204 1.783449 0.114570 46.376265 48.959290 48.959290 1883755.058567 1584.224276
367.183214 83.113746 0.507869 0.324873 81.568954 -1.000000 81.429306 4689.154402 -218084.352248
119.123491 333.367982 0.749237 0.202948 50.337526 56.830521 56.830521 9156607.426989 1654.754342
470.160446 166.284431 0.803163 0.079161 69.406841 -1.000000 69.228227 8224.071394 -157511.190716
509.153203 272.572628 1.189022 0.343912 59.752715 -1.000000 59.739612 149.718198 -1599628.369158
117.729104 78.693107 0.193405 0.202645 64.913150 88.403351 88.403351 15533942.557173 205.835056
111.624170 440.062513 1.173275 0.201567 53.060744 53.748592 53.748592 697294.768233 24237.217004
607.629151 274.055285 1.485691 0.266234 53.099982 53.726108 53.726108 163432.088355 13652.718506
109.023488 147.851984 0.335270 0.470485 73.802747 78.086626 78.086626 2335345.563601 3978.655712
88.206807 140.467147 0.257214 0.216594 67.815644 75.772244 75.772244 5755624.206764 2090.622625
124.588625 446.988903 1.239921 0.240372 42.982569 47.064983 47.064983 7407713.060968 2665.657853
580.959909 176.106875 1.177902 0.384660 57.205232 58.573302 58.573302 544133.177527 7504.886026
410.781458 83.884246 0.569843 0.182708 78.450376 -1.000000 78.279563 7287.664271 -175207.523523
192.622093 332.690054 0.839975 0.412879 49.150102 58.110485 58.110485 12550785.245151 716.297116
119.179397 232.373678 0.414014 0.145965 76.759639 79.650978 79.650978 1559090.108266 5415.296832
83.653852 339.696350 0.755534 0.152402 41.258698 47.730031 47.730031 10333158.164051 1671.824160
116.264558 320.213289 0.713356 0.261090 54.248204 58.463494 58.463494 5343081.230586 3189.179167
503.724024 274.132474 1.180487 0.255093 52.690669 57.076005 57.076005 3941550.259884 1295.863146
152.665306 278.897211 0.613525 0.385893 67.478114 69.888781 69.888781 1566636.387647 5782.267053
94.122690 155.849109 0.295408 0.228034 37.113657 64.874763 64.874763 24737936.459646 173.632751
138.396768 224.826941 0.439829 0.267218 73.905579 77.360136 77.360136 2049086.820600 4113.761755
65.476388 183.115190 0.340278 0.203410 17.610498 44.633010 44.633010 20144690.745382 963.336029
80.945127 465.136212 1.369441 0.317591 26.300332 30.151542 30.151542 8592678.038635 13838.371878
222.399438 403.337693 1.095698 0.264221 60.339954 60.739344 60.739344 86817.986214 31134.219194
87.192127 78.919522 0.277577 0.517828 52.031241 67.443727 67.443727 9176156.829584 825.047830
450.395824 34.903819 0.686138 0.492799 68.609792 71.457228 71.457228 1132908.760700 2824.537073
117.784462 154.108828 0.338678 0.504914 89.203790 89.619003 89.619003 53572.032507 53860.960303
663.949336 247.958777 1.605241 0.180910 43.902481 50.198920 50.198920 8248896.051854 -10981.167043
81.386264 249.755067 0.416268 0.073988 81.106061 81.838447 81.838447 245218.044859 28950.383623
381.943350 65.675757 0.502056 0.192494 75.256630 79.335048 79.335048 1671782.490724 1859.783400
156.273031 260.229686 0.527489 0.242286 76.212182 77.424679 77.424679 392872.137000 12767.609175
683.896399 212.332908 1.576900 0.137592 52.859678 -1.000000 52.714449 11244.765697 -144365.680697
175.428370 372.588855 0.903582 0.155044 64.566564 65.152328 65.152328 148343.160461 22410.614308
548.687493 302.331116 1.381329 0.169632 53.320051 54.869804 54.869804 708553.606434 4229.887804
281.068861 424.795675 1.292188 0.303698 47.797059 52.961830 52.961830 6697718.523591 1218.440185
369.826060 19.636914 0.487975 0.367426 82.670220 -1.000000 82.541341 3771.415793 -240421.594780
337.514665 113.374883 0.451496 0.143057 79.380681 82.574820 82.574820 1008577.169715 2757.689685
403.479532 242.780733 0.841799 0.271238 68.351476 -1.000000 68.298471 1381.665533 -454675.008580
106.075740 248.089559 0.538241 0.345296 14.628339 49.331482 49.331482 37719113.693727 205.401639
338.178111 331.013754 1.005602 0.378298 59.289903 61.383229 61.383229 1150159.269266 4295.504889
569.096691 196.274241 1.172560 0.251200 50.938157 56.970426 56.970426 6415867.420401 714.215903
84.318930 242.434701 0.559394 0.473249 18.354966 39.036466 39.036466 20320950.313420 1334.480023
245.568247 22.396374 0.312136 0.384157 86.767247 91.258183 91.258183 1177579.469276 1861.937370
94.237191 324.540696 0.751270 0.338384 47.499605 49.903137 49.903137 3550747.074202 11770.310174
322.071449 249.781590 0.682726 0.117948 70.067330 72.100415 72.100415 656763.432582 4550.591257
247.960526 204.851843 0.484219 0.207225 74.277086 78.818842 78.818842 2271543.039994 2025.312276
138.363550 487.657367 1.412634 0.148587 52.392736 53.137348 53.137348 434661.257901 15724.711647
121.137755 161.753835 0.382283 0.525779 59.801404 70.511571 70.511571 8274344.318816 975.976326
90.804751 69.162113 0.199377 0.277408 74.165349 83.742076 83.742076 5070949.816929 1448.024742
172.174497 79.702007 0.238998 0.282000 100.644284 -1.000000 100.437771 5898.461149 -179734.869806
140.351523 267.378806 0.594070 0.402349 55.894663 63.151234 63.151234 8109526.610103 1453.888638
129.909393 395.232706 1.068986 0.416687 28.245576 41.749553 41.749553 26985023.487253 478.838421
160.790779 221.695969 0.421855 0.189946 83.168178 84.236680 84.236680 229537.863075 15158.121090
139.221166 404.073836 1.079166 0.375446 44.508421 49.397731 49.397731 8347944.261032 2131.819280
85.378357 502.075681 1.501701 0.125702 21.192844 32.897264 32.897264 26680376.429210 1047.737984
73.437636 262.294633 0.482168 0.103302 43.276050 54.401512 54.401512 13660493.233041 1272.069805
228.921298 377.801916 0.989954 0.164758 58.094413 60.912163 60.912163 1980901.373382 3122.088434
466.173050 360.119458 1.357453 0.102731 43.335656 53.965235 53.965235 15393560.201014 63.448532
437.312592 54.377538 0.612617 0.211206 76.538748 -1.000000 76.382582 6637.552593 -186071.804903
106.857068 320.921682 0.706743 0.197857 43.348714 52.944371 52.944371 14757129.466255 1015.390468
209.873994 96.177939 0.242539 0.109908 94.191724 97.863828 97.863828 832326.802255 2858.819318
406.868581 120.571213 0.612166 0.221799 71.842624 74.567500 74.567500 1010804.538036 3152.003395
159.202641 419.225235 1.099690 0.225910 59.216319 59.743054 59.743054 194023.746564 25002.189273
118.976334 264.681676 0.617860 0.494796 34.674266 50.983830 50.983830 21717731.610142 457.429909
493.256510 363.786508 1.448857 0.225280 54.826689 -1.000000 54.724690 6783.296389 -200176.827021
397.558160 42.091239 0.552612 0.387064 79.123729 -1.000000 78.901262 11315.045969 -137319.962107
139.384057 445.496482 1.223362 0.149511 36.938689 47.583665 47.583665 21331398.833976 479.078730
93.329539 341.138063 0.746994 0.137378 52.648792 56.342380 56.342380 4915883.872506 4087.435875
190.745950 337.435791 0.816635 0.378353 67.802125 68.112758 68.112758 52095.725419 47953.305147
601.290986 123.045591 1.156313 0.377548 57.686893 59.052065 59.052065 527817.030801 7351.144150
220.643381 372.493832 1.022991 0.424582 41.439086 53.555381 53.555381 21099959.987910 266.558400
370.431191 437.291053 1.484314 0.273535 54.365861 -1.000000 54.319393 1951.448553 -410825.996764
283.983032 235.280141 0.603626 0.246644 76.898516 -1.000000 76.769374 5693.825122 -213700.094931
631.169933 20.960730 1.169984 0.275428 52.298882 57.344496 57.344496 4751222.063536 899.923549
484.152051 335.401664 1.335072 0.314256 52.094270 54.717200 54.717200 1923578.918609 2491.665766
207.219296 179.550932 0.455232 0.532042 77.160991 80.357818 80.357818 1145697.806727 3538.392311
129.522959 66.169550 0.241994 0.437941 98.340761 99.005852 99.005852 46800.801566 29406.759507
209.420812 367.848737 0.984019 0.415000 48.884992 55.998702 55.998702 10039562.192632 976.575330
157.449813 309.802401 0.711771 0.455053 69.173108 69.820717 69.820717 219144.461201 24411.866756
176.792284 283.820724 0.630292 0.311994 68.370584 70.890729 70.890729 1450707.968442 4987.295874
138.260894 198.434318 0.407731 0.359395 72.379040 77.212636 77.212636 3063366.977253 2741.603945
135.662132 363.256666 0.935338 0.426697 35.794795 46.951347 46.951347 20283652.679216 598.707536
92.921461 61.911764 0.252253 0.515523 82.697806 86.099025 86.099025 1112638.702437 5745.592173
109.005006 34.654566 0.239476 0.511156 92.886360 95.034026 95.034026 363842.032723 8450.272318
144.217922 224.201729 0.480735 0.418792 67.913076 72.694026 72.694026 3474116.195753 2665.911879
417.145616 427.149650 1.529546 0.189840 53.602964 -1.000000 53.516179 5387.608507 -228907.311479
222.776882 392.294609 1.044629 0.245921 62.313987 62.475073 62.475073 16337.152752 83673.626446
285.428746 199.160143 0.551715 0.342401 70.489712 75.318440 75.318440 2661117.251657 1717.818768
103.792777 487.218000 1.461623 0.278838 33.520980 37.548347 37.548347 9446512.613005 4106.032662
309.170768 413.755915 1.256292 0.204895 58.301941 -1.000000 58.257230 1596.800188 -453655.355076
151.127481 403.338605 1.044816 0.327485 57.742602 58.744183 58.744183 691989.663279 13432.528761
187.610045 150.243224 0.389560 0.471648 59.347408 78.172521 78.172521 15498942.215495 160.600284
267.043798 240.635881 0.625479 0.363832 66.257969 71.334581 71.334581 3395551.879831 1458.726852
89.874038 149.201661 0.373486 0.537846 28.858051 53.260120 53.260120 18606184.529199 559.903780
188.211624 503.166823 1.531949 0.119101 52.851630 53.123475 53.123475 50699.762965 39711.527345
393.451916 298.517987 0.991648 0.234931 50.149481 59.602766 59.602766 12069598.384549 371.349146
93.941605 347.921417 0.778814 0.114484 24.352475 46.982193 46.982193 36271188.050100 204.486075
93.338558 572.770399 1.875895 0.090483 44.551138 45.085458 45.085458 547194.205109 26955.097329
272.708162 273.769450 0.732129 0.425780 63.079268 67.427449 67.427449 3072619.946164 1962.151684
87.957340 356.976886 0.885315 0.316122 26.982843 36.866767 36.866767 16650245.881810 2300.398998
410.069030 385.161018 1.345652 0.318074 54.544155 55.510323 55.510323 366819.542192 9271.442744
151.273189 375.726425 0.962183 0.312047 38.619265 50.258222 50.258222 21314970.895720 466.255568
83.745650 46.537899 0.270393 0.560503 34.175814 63.368637 63.368637 15521710.379328 385.428108
614.500452 305.405293 1.598168 0.199173 52.762150 -1.000000 52.736610 565.118410 -748155.509662
199.767211 254.643788 0.583653 0.363834 67.359933 71.811572 71.811572 3015832.500846 2394.162047
102.284620 203.382158 0.391536 0.321560 73.711046 75.624316 75.624316 1208598.654679 10807.684954
307.967411 142.744518 0.461737 0.213323 68.332765 79.111020 79.111020 8025246.529834 783.709913
100.003253 189.100577 0.407365 0.505132 71.358816 72.738467 72.738467 841179.458198 18494.867224
195.385322 327.597814 0.797352 0.280082 50.861716 60.389587 60.389587 12843177.201014 635.083826
144.347551 393.134944 0.997411 0.368129 60.468039 60.938822 60.938822 230284.978005 32016.016635
307.916521 318.775310 0.880866 0.136881 50.690816 62.334874 62.334874 14768287.917146 175.433855
73.353163 147.834548 0.284190 0.255472 56.782751 63.525319 63.525319 5417477.548609 3736.663138
232.159319 201.713889 0.500892 0.404883 72.313184 77.051170 77.051170 2497149.657585 2008.144673
164.797111 256.820021 0.571951 0.420634 66.598785 70.589107 70.589107 2880242.592010 2998.298657
289.995081 113.059703 0.365651 0.124101 90.290309 -1.000000 90.130170 4501.925403 -213612.559100
460.269457 337.743729 1.279841 0.334083 55.860826 56.795042 56.795042 319700.507357 9755.952343
236.827072 300.084720 0.720163 0.228476 70.965003 71.473245 71.473245 81728.264259 27106.045745
68.328709 136.980411 0.248772 0.188633 45.413069 59.963742 59.963742 11455850.042687 1198.719864
132.293357 224.020143 0.435230 0.253484 69.914252 74.960704 74.960704 3747850.992871 2588.111774
68.341988 110.372951 0.220001 0.206117 46.494570 62.345061 62.345061 11275874.879282 1094.376588
124.810851 41.872655 0.144948 0.150460 111.729415 111.873180 111.873180 2564.834954 167015.572125
233.714028 283.674163 0.650088 0.145495 74.916507 -1.000000 74.790475 5974.043013 -214225.526603
527.929490 62.502892 0.861215 0.278847 65.979174 66.855981 66.855981 185705.267676 12693.834828
102.703215 464.042610 1.323136 0.171176 11.800240 35.204359 35.204359 45774638.350539 313.481676
65.669538 173.567381 0.417249 0.533835 28.850331 39.995979 39.995979 8491400.487216 5894.534283
172.812175 138.630053 0.263100 0.130114 94.002311 96.068975 96.068975 387770.837099 7051.674623
96.167782 280.732829 0.585996 0.259269 53.011689 57.258723 57.258723 5326154.274553 4539.500081
405.825297 403.469454 1.402059 0.199411 53.326969 54.510170 54.510170 501745.137702 6622.511372
380.378043 149.007244 0.612019 0.274472 65.675730 72.702220 72.702220 5003884.990452 775.385294
346.688888 297.081260 0.885197 0.270032 66.834294 -1.000000 66.708115 7402.255050 -192988.919734
161.020999 409.952510 1.091364 0.255074 45.191885 51.916140 51.916140 11075763.184633 1061.985150
99.957119 157.408291 0.339466 0.388926 57.320558 67.665744 67.665744 8438714.078928 1286.321947
315.323190 20.613366 0.418474 0.452726 81.093945 84.394375 84.394375 883562.791010 2699.154894
316.733113 112.794291 0.481042 0.425527 67.767845 78.158256 78.158256 7151466.719398 363.560592
101.223294 376.787603 0.987663 0.416017 30.108061 38.328011 38.328011 15217706.319578 2263.056949
215.863190 437.342389 1.232606 0.209606 58.746993 58.779447 58.779447 1070.619463 422763.518279
162.963063 391.567432 1.046930 0.423175 45.636832 51.682311 51.682311 9771892.684872 1520.221905
117.439452 89.028572 0.249162 0.359775 63.582933 81.600857 81.600857 11448126.893443 342.306030
64.812044 316.819126 0.626433 0.054177 43.316236 52.995237 52.995237 12329475.085501 1473.516629
134.387000 321.428611 0.762415 0.341517 34.493024 51.013526 51.013526 27147863.786364 314.463307
78.739822 39.702224 0.160715 0.236916 92.970759 95.347596 95.347596 755052.597667 10508.805349
102.896683 443.782433 1.240177 0.293455 38.289102 41.404015 41.404015 6439088.916337 6211.808371
142.647237 275.638762 0.583956 0.298292 65.835176 69.288369 69.288369 2726458.013128 3843.750342
108.469053 148.661616 0.274421 0.212384 65.673705 78.216806 78.216806 9698275.279627 828.576968
146.949733 562.435704 1.833374 0.060803 49.663249 -1.000000 49.633081 1014.636056 -580906.991041
133.081441 408.747038 1.097963 0.385939 44.782255 48.789213 48.789213 6826708.324353 2878.018851
669.019574 118.492959 1.351846 0.136944 56.562623 -1.000000 56.497312 2359.841000 -328722.432118
137.730432 318.461586 0.721481 0.276579 53.617453 59.785888 59.785888 7844671.780931 1703.163846
293.349362 352.556215 0.967329 0.082257 53.400255 61.589678 61.589678 8170197.380094 387.913659
621.896116 97.017461 1.173374 0.169911 49.480382 57.184944 57.184944 8897893.515965 348.876597
125.052582 33.419069 0.229215 0.453361 99.625414 100.305776 100.305776 43222.424958 28773.675876
125.382629 311.429964 0.688280 0.374614 67.539220 68.128769 68.128769 319229.203885 31368.302326
223.084978 470.171355 1.401029 0.126295 51.862191 53.634117 53.634117 1127769.342348 4647.342669
135.281197 163.220015 0.379180 0.497380 67.315636 75.704485 75.704485 5664458.512963 1287.753073
112.115231 78.140717 0.211676 0.286848 83.277505 90.867312 90.867312 3290217.870756 1777.407345
108.979899 101.935202 0.191802 0.164570 88.210973 94.659366 94.659366 2753806.437918 2269.319637
143.452646 252.456071 0.558264 0.438520 61.017129 66.753739 66.753739 5387555.583209 1976.394001
97.838516 444.123434 1.176827 0.116693 48.570412 50.665938 50.665938 2901015.114084 6593.662056
129.299371 380.272508 0.974045 0.309951 35.180108 46.474897 46.474897 21441071.294704 519.334927
111.919834 192.050966 0.312131 0.099866 68.735810 80.498572 80.498572 9346317.236017 783.485936
452.287157 178.277633 0.848468 0.471811 60.838265 65.068385 65.068385 2825090.831586 1670.520600
554.694658 77.497332 0.976062 0.409052 55.987677 61.402016 61.402016 4682491.571713 909.397782
441.818122 16.426506 0.664816 0.475404 61.729768 70.490153 70.490153 7046263.310318 419.666693
172.506646 200.100828 0.396204 0.196722 71.202430 79.754283 79.754283 6143054.679842 1079.968493
64.698922 60.982736 0.155521 0.161742 56.928670 71.804357 71.804357 9005403.693522 1203.999965
150.442082 238.739469 0.514309 0.444083 73.351949 75.369000 75.369000 955979.830511 7561.756925
211.302956 412.526757 1.128524 0.287687 58.683958 59.361953 59.361953 239948.323377 17653.925853
99.850164 60.108496 0.254757 0.487678 65.076764 78.388749 78.388749 6965682.189950 782.446016
179.386959 561.644939 1.862995 0.096044 47.768289 48.362158 48.362158 218449.300796 15003.324083
601.582702 114.322732 1.143095 0.379948 59.558900 60.052106 60.052106 87213.032582 20768.251040
63.187307 23.389473 0.230053 0.424970 29.332955 53.444688 53.444688 11310602.283173 1444.439296
240.957691 246.799862 0.567484 0.181850 73.045669 75.712600 75.712600 1090738.634580 3975.616256
282.033953 178.412122 0.529671 0.518089 79.994142 80.245415 80.245415 13956.031995 61035.346640
133.674210 497.830610 1.482885 0.248964 49.638526 50.380577 50.380577 682527.502957 17259.961446
518.424445 293.374395 1.274603 0.217424 51.487423 55.519823 55.519823 3564119.294908 1361.306153
119.809836 54.248203 0.225307 0.361393 64.777814 85.589718 85.589718 12065630.520379 239.247348
289.565688 328.554518 0.897009 0.301972 66.595422 -1.000000 66.521422 3209.533857 -316160.528257
285.433832 393.272816 1.144019 0.253299 55.714269 57.946831 57.946831 1494860.755355 3819.441777
96.203807 160.949138 0.330008 0.314553 44.688950 63.185397 63.185397 16649745.936439 461.776945
181.542536 323.016556 0.743780 0.242916 66.542794 68.170262 68.170262 786444.916363 7678.986941
93.984359 429.278804 1.178542 0.279626 30.998009 36.913690 36.913690 12484080.981973 3369.778485
482.458457 228.721682 0.993946 0.202459 55.044156 60.974899 60.974899 5473586.977269 653.499039
135.850976 493.273622 1.494964 0.250527 33.274272 41.260896 41.260896 18720313.312137 813.728712
31.841262 5.384055 0.061283 0.031877 72.683099 84.256595 84.256595 3568498.910752 3276.884482
222.249887 134.670740 0.326777 0.202723 88.177436 90.620703 90.620703 560627.576826 5120.596278
372.901443 213.855440 0.738650 0.382217 62.923252 68.013759 68.013759 3556181.876840 1288.006327
165.163278 324.707459 0.769445 0.325960 53.763434 60.357418 60.357418 8169977.849031 1328.268244
58.892058 528.955786 1.608882 0.056142 34.660966 36.439038 36.439038 3540586.311876 24943.071224
244.839831 66.346205 0.352106 0.507196 91.154295 -1.000000 90.979574 4364.937395 -200172.429449
412.934388 99.337006 0.638946 0.470839 75.248492 -1.000000 75.036867 11855.139350 -136410.938909
398.738256 368.512039 1.237129 0.194860 57.621596 58.101308 58.101308 92418.875216 21000.735568
113.878299 219.433378 0.388114 0.176491 78.996176 81.210534 81.210534 1087250.680917 7816.817772
442.870974 73.275019 0.680297 0.470168 73.707529 -1.000000 73.550711 7294.829687 -177613.570246
579.639760 240.356071 1.304191 0.262775 54.616258 56.121479 56.121479 683215.603126 5178.979408
125.655558 204.931678 0.454495 0.456183 49.491977 63.680194 63.680194 14691897.045715 555.551497
92.490052 108.261158 0.272825 0.423365 72.981401 78.160939 78.160939 2751308.581961 3640.160561
126.540007 238.915644 0.477737 0.241643 51.592793 65.070025 65.070025 15792284.509791 552.367653
646.746974 19.578750 1.233535 0.361948 51.992889 56.209259 56.209259 3753799.706065 1277.472018
135.856789 483.688419 1.391252 0.234513 55.598921 55.630821 55.630821 2895.866595 452192.163256
148.439039 203.932246 0.407814 0.245686 52.973407 72.002136 72.002136 20294930.411355 235.191443
122.460222 163.680193 0.376348 0.523482 71.659306 76.623471 76.623471 2864996.883461 2931.274780
195.333074 20.002666 0.166779 0.069242 109.152519 -1.000000 108.991732 2212.557778 -263111.109917
549.041012 284.397117 1.337947 0.319860 55.986760 56.365104 56.365104 64041.126220 26300.435747
151.641445 424.482484 1.152079 0.274633 46.042852 50.934109 50.934109 7843828.718463 1823.295758
125.297733 384.452273 0.934462 0.269897 61.957480 62.302950 62.302950 168736.946430 48348.574607
140.996250 16.858336 0.237240 0.448933 91.703482 95.877795 95.877795 875979.561900 3015.327158
153.966518 400.288483 1.044958 0.263532 46.724550 52.710337 52.710337 9425218.730818 1405.675184
181.848681 318.154433 0.767308 0.472020 65.082869 66.639146 66.639146 826603.591756 8457.085318
355.572559 175.837279 0.591453 0.179768 65.788210 73.583232 73.583232 5750016.763374 503.564877
95.845185 213.581912 0.384846 0.221816 74.293713 76.125723 76.125723 1208400.888289 11333.847926
370.341796 21.733678 0.483884 0.328030 80.714924 81.856196 81.856196 174936.316949 10373.028453
123.681523 487.600139 1.398401 0.144896 54.035153 54.301001 54.301001 93856.491956 50044.684812
331.359808 247.486696 0.749371 0.384257 56.952827 65.885621 65.885621 9130503.951531 534.936382
206.545012 412.903069 1.120505 0.296277 60.748794 60.845298 60.845298 7926.404818 142339.997925
129.289460 315.992860 0.672714 0.142454 56.049930 63.088618 63.088618 8258995.008799 1384.055641
303.739376 315.107293 0.879262 0.318310 65.253073 66.023952 66.023952 186667.000599 15030.715753
557.201805 109.799009 0.961485 0.081258 64.881577 -1.000000 64.770810 3949.101488 -232881.351610
93.462573 72.126084 0.200955 0.334776 103.763551 103.886029 103.886029 5198.886843 213632.868942
126.699297 349.316623 0.786884 0.219305 67.107945 67.506460 67.506460 136503.264367 41685.229381
101.950544 284.347243 0.545700 0.098052 54.669155 64.272222 64.272222 11250112.774155 1026.335242
194.830455 445.562534 1.240133 0.103794 56.847746 57.537338 57.537338 200714.578041 15175.480363
172.643849 321.367812 0.755606 0.387118 65.731885 67.160754 67.160754 738300.531060 9486.909556
279.469863 259.347876 0.671142 0.232684 58.921496 68.344555 68.344555 9440106.824696 556.287013
232.882823 125.793116 0.356091 0.306706 79.812092 86.153829 86.153829 2795996.268930 1276.430903
62.792701 172.574967 0.244771 0.072995 78.971486 81.381980 81.381980 1449118.942789 10490.480810
109.501143 317.361243 0.757504 0.438778 43.786942 49.455067 49.455067 8546533.410165 2703.073668
541.362655 175.070046 1.025085 0.155616 63.155828 -1.000000 63.011127 8429.612918 -168896.502514
261.241516 208.578371 0.526886 0.339104 80.670583 -1.000000 80.591812 2111.527317 -359109.903641
229.943719 252.305145 0.632989 0.481678 63.786477 69.526815 69.526815 4390469.820736 1446.437852
79.125631 48.343903 0.184092 0.302511 91.494196 93.103201 93.103201 484314.506648 16665.973651
533.682294 63.844672 0.869188 0.215947 65.907023 66.718561 66.718561 159447.616535 13304.963766
516.566923 261.027852 1.183306 0.343506 56.870846 58.337669 58.337669 631544.522201 8423.653089
510.257392 103.451269 0.856821 0.273726 56.477654 64.225620 64.225620 7490464.522044 401.070246
144.180371 468.596301 1.306646 0.069596 53.223641 54.960726 54.960726 1037627.295669 15664.625483
272.279887 194.355283 0.486456 0.169716 74.305708 79.103814 79.103814 2368843.155255 1811.462447
546.334517 53.346128 0.924347 0.339970 57.927594 62.950150 62.950150 3953127.637665 1049.457607
301.680164 38.240749 0.393741 0.426163 87.670482 88.070076 88.070076 21009.994973 37317.873060
257.494791 397.284162 1.108896 0.231885 60.857350 61.032225 61.032225 17728.987896 72459.030585
527.019227 107.995547 0.921609 0.382113 58.814823 63.161390 63.161390 3128685.717589 1385.976765
272.840798 87.376203 0.393640 0.453315 82.747204 85.836518 85.836518 772807.850592 3110.079773
381.655402 409.635741 1.373171 0.196405 56.133491 -1.000000 56.062415 3572.426774 -284940.012432
188.372573 248.513004 0.571541 0.482454 73.248580 74.913040 74.913040 605334.108065 8273.879400
68.719734 413.519948 1.059296 0.135937 28.272326 34.670865 34.670865 12011418.297018 4985.802915
245.226096 158.367383 0.445923 0.484912 83.383522 84.099187 84.099187 77249.961157 20208.794002
230.403028 408.587657 1.111229 0.138750 61.159131 -1.000000 61.074028 4781.276556 -256410.087977
79.011190 318.348031 0.774417 0.409761 21.031451 32.983600 32.983600 15896841.577180 3408.720813
108.653880 223.067881 0.391637 0.151620 73.599116 77.564439 77.564439 2706219.847433 3894.919886
606.766009 325.740491 1.647394 0.150737 41.364802 49.531468 49.531468 12426415.584004 173.074424
185.321529 467.331005 1.364301 0.169352 43.250469 49.804742 49.804742 10812803.396179 889.767199
452.749059 210.671667 0.848324 0.065210 68.003733 -1.000000 67.827670 7706.091183 -158852.620604
95.028057 374.402785 0.960097 0.310816 12.568181 34.144571 34.144571 32268261.092294 690.207920
189.502252 449.224779 1.275896 0.290464 55.848517 56.393940 56.393940 207177.321769 21804.831382
119.981923 315.337893 0.698178 0.344211 64.892715 65.742163 65.742163 609337.973127 18864.262137
160.280887 149.686688 0.340406 0.385088 80.074051 85.057910 85.057910 2146244.526908 2423.126259
147.904287 389.329089 0.989174 0.297611 54.463208 56.986888 56.986888 2755499.548015 4615.940084
117.329732 321.964370 0.684888 0.222467 70.224483 70.571617 70.571617 121765.032102 52833.889144
594.518335 315.902576 1.562687 0.127290 53.070335 -1.000000 52.931392 10355.651267 -151681.182277
121.484685 218.417705 0.389568 0.198892 84.464697 85.275945 85.275945 198430.247059 23563.859384
278.933762 458.657671 1.432556 0.244011 51.765112 53.248685 53.248685 912392.391198 5967.822698
386.294121 122.737375 0.579885 0.296358 78.325063 78.346305 78.346305 177.750208 835197.277577
114.739264 142.779677 0.297097 0.358079 83.373853 86.252962 86.252962 1133175.646778 6135.664281
96.087712 203.568259 0.409269 0.340897 59.599065 64.882132 64.882132 4905949.053724 3355.052931
101.308087 372.047142 0.867872 0.110256 39.313933 50.484059 50.484059 18935450.341755 680.707987
191.594697 389.248762 1.015822 0.363311 61.766217 62.190148 62.190148 112498.903505 31715.447097
75.352568 4.247726 0.212693 0.398108 59.956297 71.836207 71.836207 6079187.687253 1550.889105
296.276400 475.258862 1.534510 0.197585 52.225636 52.797330 52.797330 170830.781910 16475.395219
359.016435 349.484852 1.080159 0.132362 53.764087 59.035718 59.035718 4784734.222466 901.123745
116.424506 464.476928 1.358199 0.295803 28.310857 37.699342 37.699342 21838956.355703 1494.079762
244.244622 36.531875 0.279464 0.256307 97.034539 -1.000000 96.842541 5012.560775 -191371.363881
242.607939 342.264073 0.868659 0.205293 66.020052 66.561116 66.561116 105427.493513 23451.461363
119.957830 184.779661 0.378267 0.325155 52.542311 68.303725 68.303725 15338731.563506 467.844023
111.722032 290.876858 0.674306 0.388499 23.907447 46.093154 46.093154 30943260.073665 276.124249
280.100645 501.939386 1.667352 0.188039 36.472275 46.646550 46.646550 20826170.289536 258.955217
213.437532 402.276755 1.104971 0.236212 37.322817 52.376735 52.376735 29017445.114534 167.286416
178.579505 368.813000 0.937686 0.306080 51.355933 57.101613 57.101613 7555820.533183 1458.172970
78.674585 195.427050 0.356916 0.234751 64.631514 66.876971 66.876971 1944537.129997 14366.713122
90.483325 455.046383 1.198004 0.043652 57.681112 58.114899 58.114899 108004.175451 29701.332102
390.547991 170.467133 0.667076 0.325132 74.218582 -1.000000 74.063156 7638.391692 -178360.669847
191.437487 374.778516 0.964928 0.372150 60.555557 61.776704 61.776704 653147.274224 10077.844784
473.986861 321.310614 1.258830 0.308195 52.959439 55.922442 55.922442 2248593.443407 2587.146255
366.157685 117.579597 0.535719 0.248525 67.784198 76.046709 76.046709 5769880.142725 671.503428
349.559592 229.681450 0.748060 0.491462 63.708202 67.862806 67.862806 2584154.893493 1884.702230
108.280989 92.921770 0.247927 0.372396 76.744922 84.620132 84.620132 3875381.044914 1698.527331
86.855466 332.198724 0.776398 0.298491 40.048738 44.309314 44.309314 6857677.319753 6478.208623
214.022037 217.548789 0.541757 0.527569 66.970872 73.198546 73.198546 4213211.265067 1387.846494
184.286960 423.810865 1.118959 0.061562 61.013995 -1.000000 60.921535 4267.953121 -244909.647257
94.698468 262.436226 0.473939 0.120682 73.728513 75.248821 75.248821 896648.222629 12324.172212
476.792733 342.954141 1.326506 0.249658 12.825475 -1.000000 57.169874 96810372.587225 -147.440403
132.183267 365.807164 0.841096 0.090732 55.052633 60.894706 60.894706 6351463.820480 1488.458559
126.913909 264.066725 0.569331 0.325296 47.139141 59.245159 59.245159 15711652.599902 663.844416
173.531900 420.389885 1.122945 0.179358 51.923773 55.593463 55.593463 4080098.057611 2467.056693
204.204149 328.900294 0.830248 0.439885 57.879054 62.150918 62.150918 4051229.874688 2238.157443
336.205927 280.812730 0.851047 0.452684 62.951196 65.371619 65.371619 1240648.078341 3619.123771
173.383216 352.454116 0.842922 0.173505 52.382942 60.035610 60.035610 9771532.875466 939.153539
253.469628 134.978307 0.421018 0.484312 86.621348 -1.000000 86.520785 2218.539436 -311582.679501
129.499198 245.663863 0.472658 0.222968 74.008539 76.435362 76.435362 1361420.239846 6449.900122
210.324815 422.204351 1.143671 0.062135 53.367704 57.983634 57.983634 3617289.830506 1114.769471
235.836916 264.411348 0.666122 0.432444 59.847432 67.386129 67.386129 7055192.667573 961.999742
79.485206 295.483181 0.620753 0.199435 42.203531 48.158298 48.158298 8490478.357778 3668.167809
185.812515 339.466487 0.839267 0.302629 46.156598 57.489166 57.489166 17357204.598523 511.977074
470.486393 131.546143 0.806638 0.437430 65.814494 67.695147 67.695147 673992.040957 4952.999038
657.405231 120.402889 1.328338 0.245870 54.112173 55.718326 55.718325 750014.969823 4575.836331
145.988299 212.730843 0.353334 0.050122 90.957921 -1.000000 90.726851 8252.407128 -150707.455139
553.715203 52.940997 0.942586 0.320189 57.716487 62.550010 62.550010 3767238.149364 1123.421697
106.024067 141.396770 0.280427 0.349195 93.257934 93.697979 93.697979 64146.533555 52446.474722
182.407976 380.050284 0.977029 0.436241 63.254693 63.502114 63.502114 47578.170520 58659.157173
155.491843 258.742773 0.590050 0.489783 61.659808 66.966092 66.966092 4745880.821203 2055.302504
60.221865 85.064414 0.237282 0.324489 30.354767 50.131933 50.131933 11006023.742593 1954.620411
218.590434 354.985041 0.875086 0.144804 67.463973 67.474854 67.474854 95.745652 1463389.458887
253.159497 140.223567 0.401509 0.319739 78.550890 83.697872 83.697872 2183377.487451 1616.997182
346.159897 172.588650 0.559819 0.175719 78.185555 78.624397 78.624397 39139.281548 30941.899303
141.264333 512.720773 1.569550 0.145387 39.241516 45.052609 45.052609 11219439.809061 1135.804505
374.448470 316.033695 0.982930 0.121384 62.701565 63.546506 63.546506 186226.490230 11327.656421
207.025231 507.734875 1.592903 0.206481 49.214400 50.528913 50.528913 932305.842346 5655.383009
82.324102 169.733858 0.299032 0.212569 70.341804 73.825161 73.825161 2583222.702578 6513.919098
229.262277 190.156034 0.414637 0.167229 87.175043 -1.000000 87.118182 949.752514 -530600.229134
430.923690 148.399829 0.691955 0.144503 67.473756 71.179241 71.179241 1789389.067113 1832.210523
146.050495 281.754232 0.584282 0.296685 77.064227 77.214810 77.214810 14267.289851 121736.094408
72.478126 37.143776 0.115560 0.110011 86.201552 94.589043 94.589043 3754867.652485 5027.554550
230.742508 381.094570 1.019651 0.334264 62.603613 62.846890 62.846890 34481.924587 55100.260208
120.178288 249.490788 0.512867 0.345572 67.088689 69.902354 69.902354 2207113.111219 5753.741906
526.954383 320.045966 1.397660 0.252528 41.616112 52.016200 52.016200 17429669.478540 152.462190
151.672592 240.544263 0.527499 0.507317 75.057507 76.287232 76.287232 434676.188874 13192.148348
133.324892 395.329228 0.962474 0.165986 64.113823 64.240769 64.240769 16775.798362 122108.624224
403.457277 281.157422 0.952914 0.301373 65.095715 -1.000000 65.022286 2858.403938 -320442.995694
147.416234 263.973580 0.502807 0.084146 62.786886 73.635488 73.635488 9864985.654369 573.489611
463.766621 231.470045 0.961155 0.294101 61.584775 63.304592 63.304592 695460.786900 2640.784694
102.373514 571.856427 1.863663 0.039631 44.800337 46.760436 46.760436 1500538.416454 3843.966603
134.277585 215.381504 0.488473 0.500060 51.467337 64.023879 64.023879 13103002.732008 641.473981
229.087494 119.091253 0.363526 0.423537 88.658873 89.449887 89.449887 74438.099298 18964.656266
121.455378 367.418537 0.901179 0.294289 47.820860 52.327252 52.327252 6962354.716058 2747.634805
219.375067 287.223282 0.669224 0.199174 57.027374 66.928173 66.928173 10891088.490822 609.950653
160.114894 392.336611 1.008654 0.225496 45.699873 53.519473 53.519473 12608042.477204 867.522171
253.138838 289.851675 0.757305 0.379310 49.221614 62.703719 62.703719 18226554.802173 237.669536
187.802409 323.462724 0.736224 0.123236 57.284116 65.255137 65.255137 8331744.776409 837.440995
96.045166 525.981388 1.611896 0.125322 43.214223 44.425351 44.425351 1937363.169029 13555.514066
171.751100 249.051005 0.572711 0.521731 69.033158 72.048423 72.048423 1746491.718973 4224.424221
132.604309 388.346444 0.998940 0.322404 45.107585 50.471055 50.471055 8960669.844284 1944.847705
249.151828 353.575805 0.926233 0.203731 59.806675 62.611552 62.611552 1865349.261650 3271.109949
387.960370 149.036106 0.667895 0.503257 62.868032 70.210507 70.210507 5493158.764538 14997.381001
337.707381 201.709755 0.661830 0.507861 71.435200 72.903845 72.903845 387002.956319 7482.306599
152.276139 488.685450 1.445538 0.154240 42.176198 47.662701 47.662701 9470403.803505 1320.572691
112.920918 159.094180 0.329714 0.347424 66.258599 74.936990 74.936990 6415109.120538 1463.618218
218.948881 466.894008 1.375838 0.154625 56.174939 -1.000000 56.148650 758.532298 -737434.186199
126.376970 310.522640 0.683623 0.225247 46.883931 57.196236 57.196236 14988438.618843 768.941103
148.739565 170.861862 0.368233 0.430067 85.577722 86.799848 86.799848 253317.715467 14057.341318
360.428154 381.145923 1.240566 0.348490 50.674631 55.011438 55.011438 4550895.799334 1436.573996
338.253254 254.432749 0.713976 0.070705 72.377795 -1.000000 72.138547 13097.477253 -122901.585006
228.798533 315.300466 0.796428 0.373704 60.711268 64.618705 64.618705 3121306.638069 2409.594058
388.741672 440.645763 1.520456 0.078380 53.827327 -1.000000 53.764197 2258.366895 -328288.640528
64.523879 245.048728 0.481377 0.210221 37.648687 44.191337 44.191337 7598499.382411 6862.101064
206.512895 364.119923 0.937376 0.410280 63.712301 64.198241 64.198241 122668.428715 27792.255592
195.214048 430.850237 1.227519 0.362940 47.276638 51.893988 51.893988 6671855.433456 1753.985521
119.395994 344.341251 0.848805 0.426316 44.632884 49.971768 49.971768 8468843.125409 2347.910899
