378.379677 93.627404 0.534758 0.268293 72.193072 77.110179 77.110179 2441514.756110 1706.762209
123.521945 251.415693 0.499552 0.336361 78.419740 78.833755 78.833755 108301.417715 47523.396857
188.130462 343.001367 0.832632 0.376616 67.670751 67.883492 67.883492 27873.902137 71437.133871
205.500527 60.462961 0.210545 0.121766 104.034511 -1.000000 103.912373 1907.250799 -314888.731948
440.407847 398.471517 1.454280 0.134242 50.714136 53.218056 53.218056 1670430.901472 2275.694533
205.986267 259.026255 0.550985 0.161058 77.748438 78.394290 78.394290 98283.137939 22652.860114
265.676522 381.764413 1.052726 0.183981 60.334518 61.284671 61.284671 311234.344187 10988.354567
114.456402 236.946887 0.546343 0.529212 42.440106 54.771330 54.771330 14519689.873773 847.432027
512.970830 317.069484 1.347883 0.321838 52.426048 54.719295 54.719295 1527351.784315 3184.802216
346.487336 169.947404 0.593917 0.376788 75.164273 76.246059 76.246059 205689.401482 10941.128803
88.046698 227.073930 0.478930 0.373027 47.346370 53.871827 53.871827 7274783.160111 3372.354786
153.459457 286.086284 0.666972 0.459456 54.243484 61.436232 61.436232 8428626.732869 1329.598770
114.677735 220.892680 0.455796 0.309653 35.397594 58.967612 58.967612 27478405.979652 182.141226
336.005367 344.782453 1.050375 0.288143 48.155257 57.355213 57.355213 12804867.073133 448.097296
285.609637 67.353484 0.383104 0.412688 88.414752 88.794281 88.794281 19225.463263 40356.626351
235.984066 159.681325 0.423329 0.408316 83.687315 84.863325 84.863325 186220.113045 11741.393897
80.786668 172.786228 0.348105 0.350238 63.646356 66.026388 66.026388 1883547.369013 14871.128589
96.805062 438.500731 1.229047 0.273976 21.743544 33.633954 33.633954 24544068.724671 1243.271015
245.997581 195.089083 0.465288 0.250471 81.576081 82.585882 82.585882 168566.159995 13825.406532
367.101221 188.113777 0.639902 0.218381 71.474209 73.588346 73.588346 705150.442350 4587.608017
143.031428 390.183416 1.000450 0.354622 53.953230 56.118801 56.118801 2439656.803447 5963.581191
59.293516 99.262530 0.289197 0.474616 44.263064 50.719871 50.719871 3910439.401874 12115.923820
255.399011 246.009620 0.622290 0.359327 66.915890 71.525086 71.525086 2956486.465000 9621.533621
433.242213 495.623975 1.900038 0.035573 48.634335 -1.000000 48.283148 34406.154510 -64628.037649
213.819228 182.575711 0.464570 0.542021 80.418144 81.800722 81.800722 277195.442189 9862.648955
146.750856 386.237262 0.973585 0.234046 48.383485 54.267716 54.267716 8796928.783898 1553.666460
99.567751 500.006860 1.496220 0.137144 20.660798 35.458039 35.458039 34497837.435043 503.011071
328.682545 30.911382 0.376723 0.170462 89.769062 -1.000000 89.715858 634.155984 -611133.428871
498.149164 224.007340 1.026574 0.272720 61.209180 62.224220 62.224220 288555.801535 9291.898619
116.906079 501.352866 1.494023 0.214873 47.358832 48.184457 48.184457 1033336.031486 17840.441225
99.242776 280.475959 0.620305 0.316820 27.730470 46.059130 46.059130 24843389.206963 506.821640
184.423911 375.531879 0.993704 0.375298 41.442222 52.517728 52.517728 19428677.760794 434.315870
244.771118 171.206721 0.392956 0.115978 73.934617 83.605160 83.605160 6017551.088583 494.509726
514.516067 119.218782 0.897894 0.430064 65.716507 66.154675 66.154675 57518.283170 26070.154911
200.777582 457.102796 1.346695 0.277491 44.462025 49.979644 49.979644 8833160.894452 1271.828235
153.244451 58.624750 0.242448 0.380645 90.643065 95.252927 95.252927 1156453.326571 2581.121155
138.364210 380.264436 0.995613 0.431091 42.394132 48.910936 48.910936 11364376.019979 1512.693982
677.043607 228.171401 1.588928 0.127334 51.933973 52.442977 52.442977 99452.989997 14474.525955
120.421973 396.189548 1.038186 0.374907 44.987496 48.389604 48.389604 5768136.904838 3950.849615
397.086305 334.107224 1.132117 0.317381 49.789825 56.650347 56.650347 8384209.156426 636.296288
665.621215 129.891028 1.377187 0.232671 42.927538 52.919131 52.919131 15623237.034099 142.571926
80.725063 307.785477 0.668696 0.227203 43.253564 47.497186 47.497186 6262479.816120 6502.019476
479.695772 77.857303 0.746795 0.315717 71.497744 -1.000000 71.443400 1203.025272 -467222.017692
366.903037 124.708226 0.549893 0.273490 69.953619 75.901338 75.901338 3463673.261554 1082.235371
328.670791 29.065797 0.390583 0.207991 79.060405 85.185144 85.185144 2688696.620304 1065.008168
155.893406 426.552490 1.183776 0.377834 45.707086 50.026453 50.026453 6999244.762270 2255.324385
127.846077 366.659900 0.919625 0.302621 31.727920 46.349772 46.349772 27147557.539705 400.490351
354.509383 225.851574 0.717502 0.307046 65.091615 69.180616 69.180616 2467963.074535 1961.182720
120.237898 112.487781 0.291373 0.434250 66.513656 79.178528 79.178528 7899954.476095 732.151767
130.967635 384.607675 0.940686 0.218134 57.109497 58.940052 58.940052 1721518.702311 7369.794890
476.591691 269.055761 1.075490 0.126957 52.017075 59.315974 59.315974 7526851.801400 397.854105
470.488093 6.392011 0.721437 0.438124 64.802207 69.398039 69.398039 2703216.768869 1375.552254
116.469687 321.853246 0.728270 0.369242 61.837103 62.730563 62.730563 781525.691020 27422.986033
390.895558 100.048373 0.543209 0.147904 65.956010 76.078355 76.078355 7764100.258113 249.929555
263.320716 54.602959 0.337921 0.357434 87.226786 90.031995 90.031995 592499.105854 3657.963150
560.645030 50.897573 0.954234 0.292692 61.053815 63.329928 63.329928 1065223.574490 3559.211181
117.096122 239.115530 0.474595 0.367550 78.299229 78.762949 78.762949 151480.360698 44872.967702
196.733138 53.539965 0.298129 0.488420 87.414035 91.855250 91.855250 1047780.180726 2079.892472
132.594891 360.633672 0.887566 0.410096 55.897135 57.716227 57.716227 1981615.744076 8002.531554
312.840988 237.843674 0.659576 0.237950 69.422250 72.095290 72.095290 1156534.102067 3662.166691
238.447706 70.686346 0.357329 0.524028 80.834417 86.996952 86.996952 2087850.322292 1067.054238
375.565843 15.720631 0.504652 0.365542 73.632760 78.689576 78.689576 2311887.162696 1330.251285
91.952989 358.812685 0.833720 0.158423 36.896971 46.187484 46.187484 15982699.335910 1419.768033
332.420092 183.887388 0.593423 0.363776 74.509571 75.918506 75.918506 333185.788158 8046.748776
527.646088 215.861323 1.101720 0.303016 51.666435 58.122851 58.122851 6977756.085463 888.061815
199.746930 242.095807 0.521042 0.188786 55.183500 71.466115 71.466115 18563756.077993 200.134491
213.922558 487.963520 1.489448 0.134871 46.584199 50.573405 50.573405 4713922.921299 1606.988896
322.682763 74.597742 0.427790 0.343576 86.270114 -1.000000 86.176802 1914.455956 -336438.231038
287.568373 335.885751 0.920692 0.314190 66.074131 -1.000000 66.043370 683.098530 -722489.766831
601.091178 92.996746 1.118780 0.354418 58.143631 59.730130 59.730130 662085.484165 5178.247969
130.400298 132.038344 0.223020 0.116725 84.252272 93.282968 93.282968 4516810.171353 1128.337265
133.428902 328.882604 0.812522 0.460326 38.823065 49.767863 49.767863 17845573.489420 701.208366
480.454638 38.677477 0.704091 0.162246 69.806786 71.610593 71.610593 524414.926130 4891.016719
278.075373 86.248852 0.352434 0.237448 84.185628 88.253135 88.253135 1275933.648489 2204.897053
473.505436 327.750971 1.263349 0.170719 51.751578 55.803697 55.803697 3489258.410999 1290.361697
97.050213 429.569215 1.145824 0.242819 46.236623 46.992770 46.992770 1265355.466676 51237.910416
330.138406 350.931518 1.041907 0.237788 60.213778 61.415636 61.415636 442365.383668 8254.949808
312.975502 272.352106 0.787620 0.416640 60.847170 65.733681 65.733681 3777275.459324 1562.992913
140.048135 429.587936 1.151005 0.380295 58.419437 58.574608 58.574608 54494.011622 100968.957419
108.050580 309.400718 0.731772 0.373231 20.688965 43.049659 43.049659 31974355.468753 343.721594
202.980623 243.825537 0.562621 0.334215 55.895527 68.887573 68.887573 14338643.720977 382.860644
536.312119 249.343118 1.201239 0.230964 48.266135 56.007269 56.007269 9755026.378828 391.479060
160.015854 238.210992 0.480681 0.253051 74.651386 77.513577 77.513577 1436549.238655 4725.981427
352.539459 85.152567 0.489221 0.326667 76.000428 79.855205 79.855205 1475065.740580 2112.592825
101.867360 207.709702 0.424334 0.331192 48.626161 60.437748 60.437748 12521300.826327 997.537557
344.174426 145.334810 0.488721 0.064999 79.388648 81.594114 81.594114 447327.746894 3338.878283
415.483520 41.565184 0.581833 0.294232 65.331268 74.003326 74.003326 6493885.268519 472.768616
478.964261 60.753240 0.708334 0.135979 68.240192 71.067775 71.067775 1109389.893259 2693.482360
94.706752 243.445289 0.496488 0.343975 62.300744 63.930924 63.930924 1548370.240667 17378.367312
548.926469 186.052663 1.082734 0.277536 61.897283 -1.000000 61.820365 3144.389710 -296235.012612
152.578426 327.265828 0.754126 0.364089 66.488713 67.424690 67.424690 438416.960060 16124.328094
178.315527 306.791130 0.749546 0.457428 50.699296 59.747248 59.747248 11842040.138009 808.649560
108.662180 376.588868 0.935497 0.339675 51.600461 52.693313 52.693313 1505246.613955 21085.813158
573.023747 110.248430 1.057994 0.360152 53.069656 59.254203 59.254203 6221569.175602 637.144549
383.731726 126.104517 0.610850 0.479597 76.764143 -1.000000 76.687485 1854.395301 -362244.719505
211.889936 45.709015 0.250531 0.245096 85.527159 94.608509 94.608509 3651591.406027 669.815667
171.496418 455.541380 1.261813 0.060302 54.396017 56.339628 56.339628 992207.313997 2736.039678
494.118197 114.873037 0.844216 0.409636 61.858844 65.591760 65.591760 2249052.012233 1823.364568
82.381678 498.489620 1.496005 0.180401 30.177218 33.919933 33.919933 8899179.708328 7717.528627
257.585281 497.134415 1.606448 0.194157 42.049194 48.064577 48.064577 9641014.105509 827.493525
182.459835 51.585572 0.208298 0.185164 88.950953 98.247064 98.247064 3581651.357484 760.826172
279.580497 155.482051 0.488937 0.505067 80.701344 81.569158 81.569158 112429.722084 15332.529806
106.442252 422.122845 1.078683 0.162775 55.154975 55.918006 55.918006 706359.837810 21593.867624
163.676691 344.896656 0.850948 0.462494 59.478519 61.651357 61.651357 1815608.255284 5808.079678
141.530935 139.559100 0.331199 0.509229 91.865175 92.116008 92.116008 13157.499606 80510.904986
205.918612 479.676291 1.431821 0.086918 35.032553 50.212438 50.212438 29721672.953609 38.891433
186.889184 211.051955 0.487007 0.538673 82.383859 82.517455 82.517455 5772.132245 136256.142531
247.589108 242.291497 0.631073 0.461496 55.337795 67.733092 67.733092 13482246.032902 362.723325
576.517306 223.389681 1.254505 0.285708 55.547686 57.033431 57.033431 652298.727277 5375.362654
96.238328 345.891021 0.837151 0.346013 41.297439 45.426847 45.426847 6857816.913230 7820.237946
212.450671 129.882435 0.298531 0.153214 86.034366 91.326469 91.326469 1929355.806183 1776.959627
107.060980 81.281865 0.249303 0.393541 59.924325 78.374742 78.374742 11535096.242938 353.184112
231.778759 295.986220 0.754096 0.486683 63.543042 66.652433 66.652433 2011228.180590 3327.959282
564.468256 143.808480 1.064314 0.332227 60.495515 61.421680 61.421680 249515.309283 9990.357681
365.219162 305.336397 0.970975 0.424008 62.254966 63.294546 63.294546 323558.664205 10083.105856
623.905437 50.833488 1.161090 0.335130 55.753056 58.324253 58.324253 1553089.495688 2860.181494
188.093983 374.952099 0.966426 0.440206 62.392619 62.944783 62.944783 180081.968479 24616.252958
313.208449 172.533131 0.534019 0.320648 76.592013 78.394577 78.394577 469962.652349 6290.087130
388.758964 257.821536 0.845291 0.236302 17.340988 -1.000000 68.414670 89603527.139674 -149.478773
448.665515 338.700366 1.229627 0.124113 57.560345 58.223558 58.223558 140142.922440 13385.227831
98.615941 128.378727 0.292080 0.435481 82.503445 84.432363 84.432363 739988.996871 11273.323742
419.093060 122.056414 0.676766 0.453278 71.741739 72.857792 72.857792 229331.974309 9679.604897
168.316156 285.996479 0.676036 0.424421 46.474197 59.843430 59.843430 18423730.698938 394.084069
277.513656 288.618953 0.770593 0.326654 57.438671 64.822218 64.822218 7455540.765668 853.653312
298.692841 25.666769 0.358480 0.305706 91.183144 91.198215 91.198215 58.584596 1341570.163264
250.231760 314.214220 0.779603 0.158492 62.317913 66.498268 66.498268 2944819.042030 1939.519886
220.490847 416.781905 1.154824 0.239587 56.872649 58.135583 58.135583 658542.864834 8390.664246
179.121382 375.445068 0.970739 0.410125 56.831814 59.170297 59.170297 2070135.532584 4842.403310
153.156282 3.421710 0.242282 0.436149 85.929664 93.922970 93.922970 2490497.426214 1059.158046
86.689410 47.932974 0.162617 0.238892 100.836380 102.125035 102.125035 247139.373871 18942.883112
145.034900 168.733712 0.378002 0.491375 82.783724 84.617367 84.617367 511313.018038 8880.182663
247.764144 67.803365 0.303316 0.252463 85.890810 91.364296 91.364296 1838845.171836 1530.640437
198.092717 468.573312 1.377372 0.295840 55.278572 55.486455 55.486455 39553.703458 59644.278630
525.120859 175.564675 1.021130 0.411172 57.218123 60.807954 60.807954 2518609.027143 1836.025513
532.518418 76.388880 0.882149 0.281508 67.085406 -1.000000 67.003969 2877.513976 -303531.475616
571.250822 211.733240 1.208002 0.256435 56.010086 57.792079 57.792079 854815.209688 4445.730975
195.050702 264.191442 0.543974 0.091533 70.997096 75.801993 75.801993 2628960.426091 1581.356824
265.752136 372.707697 1.034084 0.198821 42.742574 56.427227 56.427227 22857988.108138 -2.018611
249.661779 313.105174 0.754075 0.080740 71.303458 -1.000000 71.271180 449.841179 -772956.003546
171.104030 302.205175 0.717572 0.458540 60.111702 64.240398 64.240398 3792854.111005 2633.721353
171.660508 317.624299 0.728796 0.339580 69.170118 69.864495 69.864495 207676.323210 21379.658919
55.915631 319.445389 0.792273 0.430622 5.639469 21.298307 21.298307 11738191.457638 11118.932004
407.292761 395.041758 1.363887 0.175691 55.257591 55.771196 55.771196 109943.131595 18336.456508
33.996142 81.406340 0.164577 0.131419 16.410134 36.081192 36.081192 7183848.983264 7320.473800
154.507749 225.500018 0.468841 0.281208 54.277967 69.341044 69.341044 16591213.250148 440.658794
323.261363 425.082935 1.333517 0.168112 53.783787 55.309466 55.309466 774923.079472 5546.941187
207.670498 211.535832 0.502976 0.449427 73.184145 76.917392 76.917392 1794396.536140 2931.111682
109.204589 401.018339 1.041915 0.333898 47.375101 48.998959 48.998959 2598003.518555 13070.875544
101.304691 89.539706 0.160245 0.108102 67.030251 91.378200 91.378200 15965356.975378 182.807905
229.596517 284.635533 0.665781 0.200502 67.200050 70.577900 70.577900 1956683.330119 3048.683107
110.426356 410.863288 1.047290 0.190153 49.727415 52.172504 52.172504 3490582.340160 5734.268355
508.198694 166.363876 0.928750 0.201052 57.560976 62.932593 62.932593 4346746.068459 919.904286
535.923298 192.002058 1.039119 0.115785 61.101067 62.172116 62.172116 266107.955357 7443.632865
127.553640 288.332693 0.660616 0.464990 55.504847 59.901724 59.901724 5019196.262861 3123.452534
158.666940 47.963420 0.251025 0.410537 82.483355 92.254334 92.254334 3732184.656862 739.634023
90.768708 44.175983 0.220731 0.373408 36.982300 72.419004 72.419004 20897619.606244 148.757436
483.724262 243.648683 1.056452 0.343624 53.561044 59.155397 59.155397 5471122.703755 926.983602
413.083943 359.923455 1.247592 0.286177 56.170351 57.246840 57.246840 406849.717542 8336.228746
625.078421 232.993760 1.430286 0.198171 48.836637 53.060076 53.060076 4026384.484543 935.269418
249.429715 268.701236 0.670676 0.312711 61.434468 68.239636 68.239636 6015571.743060 1031.526181
333.357132 316.374032 0.916915 0.213118 65.372762 65.690002 65.690002 36947.335975 38965.635100
260.150608 198.198854 0.501591 0.274392 72.115794 77.428193 77.428193 2976034.343183 1696.259406
440.589935 52.237087 0.610292 0.165640 76.878856 -1.000000 76.823451 996.651816 -506144.720977
161.656357 311.259797 0.716595 0.281397 50.210418 60.261646 60.261646 13739285.124871 703.981017
525.491902 136.664112 0.951516 0.353737 57.091983 62.123705 62.123705 4108688.778261 1048.060197
314.447127 466.511583 1.525403 0.219701 50.759777 52.140374 52.140374 786627.573313 6095.815724
289.183937 220.545881 0.629759 0.474347 64.666669 70.922513 70.922513 4468978.771546 1024.700051
112.153968 234.334592 0.508909 0.525335 68.232315 69.560685 69.560685 907317.706043 16045.532998
282.889934 439.257985 1.340809 0.236661 54.376801 55.348681 55.348681 410913.156273 10184.962504
292.062990 352.544005 1.001330 0.401966 63.181382 63.427800 63.427800 29724.608247 52340.821905
245.861404 181.066138 0.433904 0.200212 73.502343 80.663050 80.663050 4291138.580131 1015.182675
498.755449 99.608068 0.836983 0.370800 57.753240 64.801310 64.801310 6329703.614750 636.446241
523.223553 149.985852 0.915898 0.064046 66.183625 -1.000000 66.101985 1978.325924 -320652.362569
657.297116 64.155165 1.280020 0.276642 51.208791 55.458804 55.458804 3847763.461477 1224.496568
262.878112 296.990833 0.742543 0.219154 70.627377 70.993747 70.993747 43992.155852 37526.172613
193.906415 426.739851 1.172254 0.172740 49.194040 54.344919 54.344919 6594077.123849 1415.157698
588.678015 219.054902 1.279996 0.241395 53.016124 55.914214 55.914214 2034778.744348 1742.357023
450.173662 229.633263 0.893775 0.092270 62.121405 65.191960 65.191960 1416570.400607 1824.291994
118.352674 410.071233 1.037645 0.257996 59.553242 59.709169 59.709169 80450.515868 116693.036906
164.092438 414.816810 1.086710 0.248460 59.620204 60.121023 60.121023 175216.110124 26455.480578
156.449837 179.419904 0.363223 0.300101 81.810164 84.865222 84.865222 1167022.252896 4645.607248
439.223503 356.234087 1.298261 0.282211 52.077285 55.101459 55.101459 2417839.735085 1995.193202
83.221633 405.967870 1.074639 0.301568 35.179289 37.562111 37.562111 4692642.474843 22325.801428
63.621958 57.419681 0.230642 0.418114 68.063844 69.663077 69.663077 789173.939547 63772.144230
538.158135 343.751176 1.487711 0.125078 54.351192 -1.000000 54.301346 1594.925982 -404813.018499
590.798111 191.415103 1.231432 0.339620 57.322524 58.034019 58.034019 178693.487276 13173.120688
340.503486 25.431666 0.463478 0.470804 77.777404 81.504701 81.504701 1198535.344693 2080.620155
262.403681 183.426813 0.476917 0.331029 83.331845 83.410813 83.410813 1773.963100 224502.975978
277.760550 394.333802 1.118600 0.153360 59.273671 60.073618 60.073618 226410.313081 13137.248293
541.696835 195.268301 1.077123 0.230321 60.608623 61.334839 61.334839 160513.718632 13253.148265
487.213290 118.480348 0.828595 0.469852 68.817995 68.848792 68.848792 462.259162 489427.408375
145.984344 517.773953 1.596125 0.112854 34.356735 44.360913 44.360913 21677854.505000 449.410867
91.462102 146.802713 0.264111 0.203594 65.298460 75.104581 75.104581 7523620.871886 1363.688812
334.065587 343.446833 1.039129 0.305242 54.304616 59.047028 59.047028 4556176.293166 1408.425360
110.205744 261.408456 0.511589 0.229001 67.845078 70.334619 70.334619 1980101.216873 6744.434455
125.786180 433.805183 1.131108 0.134125 57.694334 58.340580 58.340580 311776.984743 20701.696760
212.577675 331.163168 0.791119 0.183857 66.978485 68.071294 68.071294 350385.388511 11226.172302
278.914179 329.967851 0.907279 0.424174 64.106789 64.945688 64.945688 238248.698003 14117.360400
218.410731 385.436801 0.994187 0.114089 63.411589 63.668098 63.668098 28220.871146 48835.560889
266.126244 297.383127 0.785705 0.418364 65.588393 67.434952 67.434952 813149.080223 6168.859869
120.138876 343.474500 0.771323 0.203355 61.017942 62.888042 62.888042 1647303.175696 7843.349846
162.054904 245.133759 0.518571 0.402882 79.935357 80.187114 80.187114 25436.602398 71429.280011
96.719917 443.269277 1.208460 0.236447 45.663806 46.261020 46.261020 1014857.532046 77187.814616
296.341201 207.908805 0.583646 0.323161 67.849251 73.513156 73.513156 3629856.711376 1285.917424
121.480659 332.982174 0.716681 0.211978 72.206417 72.240282 72.240282 2011.897403 547695.938964
172.611368 481.070167 1.403970 0.103606 49.043480 52.112969 52.112969 3025801.917744 2559.310446
294.084624 235.664390 0.629575 0.273767 71.762355 73.707749 73.707749 663059.039199 5664.152671
180.721161 138.102343 0.237467 0.029303 101.141479 -1.000000 100.856389 4202.405746 -160811.157563
99.339373 347.856010 0.752064 0.108327 63.995126 65.183807 65.183807 805043.043712 13648.078576
572.032890 62.660158 0.990802 0.268996 61.496141 62.912312 62.912312 480979.694988 8151.488990
90.477485 433.347692 1.132965 0.096228 29.423685 42.099910 42.099910 25114732.586207 613.514245
387.934040 212.612720 0.742023 0.272171 68.078375 69.850543 69.850543 598551.160157 5505.860608
89.354269 114.859484 0.254265 0.322491 71.412352 77.600283 77.600283 3710430.094886 2868.161818
512.321942 166.724432 0.962218 0.335682 55.703801 61.563023 61.563023 5343720.747711 1091.839612
266.110225 19.480160 0.369873 0.546437 84.895682 87.842090 87.842090 583443.061442 3024.458264
166.275968 307.255341 0.652218 0.126535 72.176313 73.128575 73.128575 249160.485797 14519.976367
570.657332 287.612722 1.394450 0.121190 53.947828 55.048322 55.048322 356243.600585 7098.038322
43.218139 112.686891 0.273232 0.334994 22.649106 34.482631 34.482631 5746694.608035 13132.628064
462.935956 225.685054 0.943298 0.227359 51.854700 61.367679 61.367679 11300009.243762 300.216183
126.159634 221.049965 0.454879 0.353383 63.858117 70.050306 70.050306 5412225.127961 2111.143415
81.397284 177.160333 0.280757 0.140281 81.419045 83.207735 83.207735 986218.425408 13461.178094
360.318954 314.768771 0.968738 0.244686 62.336017 63.428181 63.428181 339896.724639 9292.065235
185.050681 70.071628 0.297748 0.477189 81.066813 89.610716 89.610716 3236173.369674 793.508639
583.945437 222.512915 1.272527 0.262255 55.481048 56.815797 56.815797 542341.757094 6706.140383
380.851714 189.306494 0.685482 0.337764 72.682727 73.137314 73.137314 51068.847085 28429.456692
232.892229 161.276537 0.459042 0.529544 63.606771 76.910034 76.910034 10242385.874917 277.011619
157.598038 479.546245 1.417066 0.244878 44.185799 48.104773 48.104773 6369913.418349 2107.714370
119.443502 313.866065 0.695428 0.357333 65.055447 65.819596 65.819596 542022.611151 25101.287389
186.095992 199.343036 0.480471 0.517127 64.513771 73.674858 73.674858 7068045.841851 823.039487
203.981899 443.197293 1.294856 0.303458 38.665238 48.669872 48.669872 19811715.820130 476.493154
382.628917 333.848308 1.070947 0.195100 61.335345 61.726128 61.726128 57428.496949 28309.038154
466.507063 51.948471 0.703680 0.309886 66.528130 70.368918 70.368918 2010798.654663 1911.325775
190.888263 364.834944 0.930721 0.396042 60.676782 62.161127 62.161127 882098.464180 8173.122598
227.814915 216.407039 0.541278 0.441541 61.894841 72.075398 72.075398 8938892.915999 549.304799
250.962638 324.661738 0.832415 0.230621 58.232462 63.606814 63.606814 4961600.878234 1372.489057
133.355136 400.427271 1.005298 0.293332 61.766080 61.957546 61.957546 59586.218523 83610.180169
148.174863 159.831190 0.368456 0.445341 68.618637 78.066766 78.066766 6330452.108859 974.052334
254.590634 394.916058 1.135890 0.316059 38.390274 52.677759 52.677759 27120102.183589 109.219277
307.633581 338.507242 0.992271 0.348942 45.068076 57.448577 57.448577 19332726.938021 224.225391
354.611046 271.211703 0.827776 0.246852 61.094920 65.408858 65.408858 3062213.061420 1620.836056
60.709466 136.804735 0.354957 0.531345 31.063340 41.821176 41.821176 6955503.821782 6922.531859
296.630096 248.204428 0.639401 0.110894 60.299090 71.146355 71.146355 10028473.121217 238.098412
128.529524 466.139287 1.336568 0.268947 44.784915 47.419143 47.419143 4395370.393796 4446.174175
335.407047 225.579762 0.683857 0.292662 61.238378 68.947219 68.947219 6690571.762105 691.801135
236.689122 305.559676 0.790218 0.475163 61.101930 64.902913 64.902913 2896755.524715 2453.088567
68.666610 78.991403 0.129567 0.084114 77.845531 89.196804 89.196804 6076460.566053 1435.441907
560.247329 143.566049 1.046847 0.309185 61.719733 62.224273 62.224273 83925.047414 22012.634168
196.776063 283.487193 0.682167 0.481946 64.066239 67.718876 67.718876 2621662.857955 2838.257394
560.095374 294.909624 1.379932 0.076103 53.888489 55.350827 55.350827 492229.683465 3795.374459
248.351792 47.357529 0.245352 0.091289 95.693738 98.585485 98.585485 496735.107403 3332.250476
75.784339 2.721735 0.185517 0.300424 56.546125 73.159112 73.159112 9112034.207532 735.071065
489.776117 90.492826 0.799278 0.378878 65.597168 67.797854 67.797854 871950.504067 5374.503657
438.413460 237.113104 0.923319 0.302637 55.343582 62.092704 62.092704 6662408.349810 757.629213
127.438775 45.888694 0.190800 0.247875 70.515338 91.852038 91.852038 12308353.684383 177.710484
114.778144 359.949440 0.866126 0.207470 16.453653 45.103322 45.103322 47301752.279486 83.929204
152.003516 362.811840 0.857469 0.162234 57.887779 61.508858 61.508858 3442669.024921 2907.560709
536.014908 297.694706 1.355864 0.303923 42.743585 52.594075 52.594075 15907881.004967 1709.795359
439.874354 175.096737 0.756250 0.132428 66.721513 69.349838 69.349838 1051997.213718 2856.773917
306.503966 201.676075 0.595847 0.382121 68.768175 73.475981 73.475981 2665562.733299 1668.788831
478.538808 251.590156 1.028056 0.135236 60.617922 62.089903 62.089903 493193.003411 5038.527085
210.197657 260.690116 0.558338 0.147836 76.714759 77.672007 77.672007 191619.840960 14295.230033
107.751815 294.270304 0.636354 0.364123 64.027692 64.651065 64.651065 528360.691514 43117.878507
88.294387 172.163091 0.338908 0.307221 60.057479 66.481360 66.481360 5450648.275230 2955.223426
506.175832 130.877601 0.901809 0.444840 60.084811 63.865098 63.865098 2433389.431050 1709.722509
455.892420 278.465578 1.075961 0.269673 49.924883 58.089025 58.089025 10113188.569625 406.978254
382.420404 105.737020 0.572199 0.336706 62.744447 73.780250 73.780250 9392149.482000 232.492216
626.548029 68.133989 1.187878 0.329918 46.844601 56.060584 56.060584 12668437.427063 282.071473
423.620375 84.993293 0.623366 0.328423 76.268291 -1.000000 76.203936 1402.626872 -428392.261171
216.667736 436.942438 1.231438 0.187560 57.923086 58.202069 58.202069 47446.549657 43071.842846
202.593281 347.546183 0.891124 0.319197 38.791583 55.665942 55.665942 29448946.964218 104.618814
155.361407 61.745342 0.272257 0.475505 78.750162 89.474073 89.474073 4448133.039266 668.588439
456.471406 92.308690 0.695841 0.225610 66.272075 70.577942 70.577942 2410041.735380 1541.929385
632.265635 161.788271 1.310387 0.245521 47.882389 54.401114 54.401114 7808529.770699 582.639071
472.401254 44.568079 0.734839 0.408437 59.570541 67.912614 67.912614 7299954.570049 441.837549
126.517277 188.481744 0.398687 0.468128 79.410035 81.115096 81.115096 646644.753462 10460.247942
464.465025 12.163281 0.665828 0.220019 72.184083 73.376041 73.376041 252183.194170 8860.629771
142.532934 215.991080 0.432060 0.322924 77.191309 79.590526 79.590526 1093329.069885 6554.420557
68.537018 86.464419 0.279953 0.516302 59.313036 63.248242 63.248242 2207990.084941 13325.905927
286.956761 323.546804 0.887821 0.355548 64.559829 65.483037 65.483037 268378.055795 12588.175407
132.487547 423.327780 1.099695 0.132515 49.451742 53.805022 53.805022 5814699.547666 2141.192302
538.734878 54.813338 0.865289 0.111728 61.482299 65.689589 65.689589 2412398.779388 1093.314876
117.684989 259.850181 0.566268 0.495240 67.328159 68.500501 68.500501 817259.287885 17753.332325
123.816982 291.451715 0.627986 0.276792 55.217341 61.217430 61.217430 7233119.249634 1979.339206
125.941886 305.350264 0.738606 0.470723 32.617096 48.378885 48.378885 24276843.244021 468.519834
179.794624 398.150973 1.041270 0.366415 61.398817 61.714248 61.714248 75807.150075 43986.644537
611.399904 56.559685 1.115059 0.256861 54.636832 58.786263 58.786263 3299309.055378 1142.780370
491.792101 371.209162 1.481497 0.174061 38.195653 50.988790 50.988790 23774920.067833 30.109694
624.310920 334.739932 1.731818 0.113713 45.208171 49.343959 49.343959 3977833.182400 756.377629
259.829822 283.123499 0.707374 0.271399 69.944574 71.111255 71.111255 330523.747550 10560.391850
77.463263 430.870185 1.210687 0.335733 24.011706 29.300975 29.300975 10461411.011636 10060.613779
131.234336 141.699958 0.324652 0.467969 86.984344 88.578636 88.578636 365331.849419 11063.546052
442.194431 170.894154 0.809085 0.448133 60.940954 65.979727 65.979727 3619418.910615 1200.809899
263.386962 137.089658 0.406276 0.303902 78.918330 83.709377 83.709377 1949378.887663 1784.982458
483.633647 14.640960 0.747411 0.367755 58.113450 67.357017 67.357017 8759470.767675 398.122456
291.444808 437.724657 1.351967 0.278180 53.975620 55.028263 55.028263 483628.031426 8805.190847
529.486188 276.806228 1.261065 0.244940 48.627649 55.046639 55.046639 7605926.930337 482.584810
132.405502 346.001231 0.765555 0.101568 59.788280 64.066516 64.066516 3844973.506966 2471.933918
238.758626 57.696969 0.313260 0.383337 93.583787 93.972315 93.972315 16968.557062 42009.479415
453.545110 164.744738 0.820332 0.452856 64.789670 66.998098 66.998098 912089.768126 3691.153084
442.109714 366.794533 1.334148 0.157534 44.980076 53.566724 53.566724 12129259.201660 254.034282
445.408508 242.520893 0.962256 0.419528 61.211269 63.061698 63.061698 806689.920687 4654.313740
229.614673 421.480340 1.178560 0.218047 59.008557 59.281495 59.281495 44050.392860 44850.015921
418.305653 386.913829 1.368778 0.289806 53.936266 55.033756 55.033756 456096.817736 7986.292104
208.820274 335.822333 0.872480 0.464104 50.716568 58.500122 58.500122 10252650.113537 900.333512
391.600990 354.546029 1.161938 0.119158 54.905268 58.180900 58.180900 2188170.696123 1683.762423
201.764360 404.047858 1.070648 0.213335 60.165092 60.810404 60.810404 201295.243628 18808.793954
84.426104 240.652699 0.507845 0.317171 28.885389 45.304897 45.304897 18630911.647237 1020.705462
210.967131 390.617305 1.056474 0.330419 52.242672 56.603058 56.603058 5039791.054482 1938.174967
537.650937 131.126857 0.965012 0.319172 63.066429 63.928747 63.928747 202263.729106 11445.890822
137.155266 385.590143 0.948838 0.137931 36.638971 52.068261 52.068261 28166927.344213 264.380222
231.687768 349.858485 0.888391 0.153154 51.008451 60.708057 60.708057 12492571.489106 467.416525
356.263260 19.727899 0.445546 0.235318 64.781821 80.393058 80.393058 13136098.754323 34813.849278
97.832223 319.395141 0.735367 0.334442 45.952719 49.912033 49.912033 5908707.017346 4641.851475
241.904447 216.510951 0.533698 0.414940 80.155315 -1.000000 80.035912 4692.561049 -248723.940847
127.764328 99.538769 0.254200 0.331393 68.463528 84.078639 84.078639 9778933.053252 450.578836
315.871064 70.121255 0.343921 0.037212 91.880685 -1.000000 91.588871 6541.941263 -142948.563793
107.238558 492.543538 1.426945 0.078607 32.046284 43.647846 43.647846 24506055.429499 392.409794
180.020093 174.447945 0.422464 0.460529 53.306828 74.259875 74.259875 19982637.974755 136.702403
357.183064 209.871853 0.676638 0.246438 64.308354 70.182507 70.182507 4195412.452849 1160.158500
369.231338 330.900790 1.044938 0.254214 59.535055 61.115332 61.115332 688955.399230 6022.653565
346.026897 203.616198 0.658450 0.338950 66.138522 71.044582 71.044582 3067017.989919 1415.316050
108.221973 227.403436 0.418427 0.254664 81.009564 81.586319 81.586319 194814.550930 36934.163872
426.773596 62.225830 0.558522 0.022170 78.684902 -1.000000 77.742803 41570.758300 -51303.878620
209.858487 227.562054 0.485616 0.182193 73.613225 78.115153 78.115153 2417002.409018 2241.988457
99.383798 182.737850 0.375206 0.408964 71.519364 73.841667 73.841667 1500030.884606 8806.817364
320.329241 167.183982 0.564879 0.441609 68.245527 74.521525 74.521525 3843128.905979 997.473258
151.764861 134.862585 0.318363 0.388749 76.063331 84.137726 84.137726 4279835.129987 1212.308508
73.858702 2.394833 0.121574 0.138491 83.549504 92.219469 92.219469 3962965.740545 2064.937422
458.876185 46.041630 0.651650 0.156708 72.622449 73.946993 73.946993 286557.192007 7496.620254
168.281972 381.123157 0.979417 0.365685 55.819750 58.316501 58.316501 2425552.427081 4545.457745
394.907963 337.510379 1.150825 0.370600 45.680815 55.388152 55.388152 14559439.130467 334.540506
220.419496 192.505128 0.448564 0.312300 77.045453 80.712491 80.712491 1544472.751530 2978.571901
443.035354 326.418446 1.208791 0.321726 48.099427 55.260066 55.260066 9253562.184510 507.522017
355.130238 350.289542 1.074367 0.166697 60.674135 61.343403 61.343403 147895.464798 15331.403277
531.401187 147.584676 0.955721 0.204438 63.779342 64.428573 64.428573 116574.511403 15647.276297
85.727482 254.295359 0.544433 0.374091 50.462100 53.219470 53.219470 3278063.734354 13374.287809
148.538671 389.862193 1.017277 0.405750 51.200588 54.267784 54.267784 4017885.651154 3826.813420
72.656392 44.446737 0.242593 0.444780 25.738953 57.521856 57.521856 15767942.040779 640.193583
260.320782 36.410684 0.298532 0.237902 87.380085 92.241387 92.241387 1466489.539951 1733.264506
113.961327 155.282864 0.356732 0.444256 48.138958 66.989102 66.989102 16326830.330507 314.566342
99.222484 557.181150 1.770133 0.067562 50.038676 50.100771 50.100771 7184.296527 200912.817181
670.885129 151.643745 1.423058 0.204639 47.713144 52.975939 52.975939 5719237.674500 645.302232
403.478709 408.429254 1.417927 0.148675 48.046108 52.818386 52.818386 5036478.033833 923.444318
466.519600 359.293197 1.363023 0.233849 55.710976 56.012495 56.012495 43577.742049 34268.066799
227.133152 308.971772 0.758929 0.388945 70.749680 70.847984 70.847984 5155.363450 160854.516492
258.007382 17.433677 0.326489 0.378520 80.381228 88.941476 88.941476 3589718.971175 520.049060
561.218463 267.141887 1.312236 0.144943 44.851196 54.438606 54.438606 13484794.667937 128.124032
87.977941 14.548995 0.248035 0.553692 73.887633 80.722911 80.722911 2673093.516784 2517.414157
602.433693 186.531734 1.263770 0.294179 49.133198 55.151921 55.151921 6835302.872618 699.571389
524.965258 259.042124 1.199671 0.377801 59.265990 -1.000000 59.148394 7766.406092 -188319.804006
82.827603 286.819426 0.510901 0.037573 81.364688 -1.000000 81.293108 2111.541841 -392826.211066
501.596328 327.398030 1.325099 0.097513 52.089586 55.488682 55.488682 2298358.140727 1138.867469
112.871308 14.662953 0.235669 0.467108 69.212319 85.177107 85.177107 7613979.122082 467.450496
70.467251 429.357875 1.158593 0.209354 30.010507 32.948007 32.948007 5954960.143813 22333.601226
249.259465 154.587943 0.429758 0.367423 74.542108 81.061386 81.061386 3402064.104933 1003.272891
266.479717 372.841799 1.036017 0.299073 59.242492 60.781270 60.781270 771862.967889 6574.817253
77.129896 253.418401 0.518101 0.234316 20.594123 41.880525 41.880525 22884067.692186 955.758707
407.568842 306.657422 1.027865 0.175014 62.148910 62.659549 62.659549 85184.116856 20788.206245
351.448372 196.902366 0.620390 0.187189 74.331976 75.302691 75.302691 176481.143262 12070.002335
281.686779 350.607260 0.953296 0.162092 59.922229 62.553441 62.553441 1547762.464861 3255.765527
106.679511 413.493242 1.072689 0.176991 34.523015 44.010037 44.010037 18895040.448053 938.263681
363.505108 34.687384 0.514405 0.519834 75.603172 78.924907 78.924907 1072228.441558 2411.488532
75.181953 271.367499 0.597223 0.322447 24.756802 37.882077 37.882077 15494876.793985 2546.935988
554.183492 98.852007 0.975551 0.340170 63.161494 63.830682 63.830682 130046.048532 15209.009665
216.553096 271.718332 0.651558 0.317546 44.913770 64.526873 64.526873 27649853.432011 86.870071
235.570877 364.748580 0.983365 0.334769 51.435958 57.843515 57.843515 8027039.074208 1074.082080
247.458577 31.764678 0.317788 0.398437 90.459154 92.274504 92.274504 250386.810514 6496.306476
262.894167 512.108139 1.678249 0.163935 50.515878 50.946048 50.946048 111981.063402 21972.717834
163.693827 435.346158 1.185610 0.298308 57.885595 58.236831 58.236831 113103.194542 38168.723375
114.573220 438.874299 1.203591 0.239099 39.458661 44.557121 44.557121 10136408.827244 2479.992351
149.286858 154.202513 0.325871 0.340570 84.884600 87.743444 87.743444 923123.243451 5225.219163
153.839350 276.262369 0.605926 0.476745 75.955244 76.112418 76.112418 16065.057366 115023.247333
379.386814 300.748584 0.949223 0.187836 65.134432 -1.000000 65.030527 5058.982798 -232069.099006
112.530287 534.287004 1.645967 0.090072 50.215015 50.571421 50.571421 142195.204502 33558.382405
371.874058 187.274102 0.649627 0.201327 63.093749 70.997889 70.997889 6381323.466625 575.015202
166.701019 163.893977 0.359222 0.362774 82.043718 85.396333 85.396333 1206167.811982 3968.729178
259.424620 345.167989 0.900497 0.143363 57.564559 62.634372 62.634372 4377091.778411 1302.081309
241.258988 257.341192 0.624261 0.374019 75.304077 75.604160 75.604160 28192.092882 50914.334524
53.681140 187.122450 0.252401 0.032736 64.302585 77.358964 77.358964 8154614.003688 1020.252232
125.749260 129.310584 0.266725 0.316332 94.770626 95.588897 95.588897 108536.360782 24572.591729
499.451078 163.153432 0.917231 0.360935 63.358198 64.749670 64.749670 454247.897808 6697.754561
217.115829 220.671127 0.487353 0.245024 77.978838 79.953915 79.953915 612557.893625 6484.087932
39.186060 63.988276 0.165915 0.166892 25.433288 41.683951 41.683951 7045632.143421 6365.709837
190.592014 399.764483 1.063542 0.195099 34.868168 52.371176 52.371176 34278669.799884 128.234288
169.215191 131.531824 0.279321 0.199935 67.928495 86.685841 86.685841 14101012.862116 193.451024
222.663048 174.502298 0.406260 0.243629 72.090423 81.026348 81.026348 5915133.941284 747.829335
145.575154 192.730741 0.381188 0.266884 69.991231 77.970115 77.970115 5885834.453345 1319.934904
120.433315 67.676258 0.237441 0.394431 80.828449 89.200272 89.200272 3454170.912573 1370.632868
71.471260 381.860360 0.948110 0.213125 33.101968 36.503541 36.503541 6163203.575004 16054.635987
158.266070 539.012001 1.731407 0.131919 35.048234 43.448375 43.448375 18278446.982516 557.384137
353.368330 164.486601 0.591872 0.348851 75.335794 76.390281 76.390281 195851.213811 11235.919978
341.287839 136.738491 0.531793 0.332864 69.962646 76.412382 76.412382 3837054.354448 1049.295219
253.851417 313.613438 0.813361 0.302965 57.032012 63.397013 63.397013 6447656.509194 1066.645796
102.501608 102.230035 0.251792 0.372324 81.469825 86.027967 86.027967 1951426.704371 3777.391486
103.614611 195.002285 0.430854 0.435064 35.039056 55.861759 55.861759 21026693.073343 404.505172
90.162172 237.769712 0.509155 0.355650 33.979886 48.189806 48.189806 16606319.928780 969.841497
111.275130 105.027506 0.242832 0.334382 89.879658 92.543761 92.543761 774754.142237 6912.447581
117.142690 273.539891 0.531939 0.214755 76.236205 76.792021 76.792021 180147.129151 33927.531574
575.567459 96.095211 1.026309 0.239651 60.613168 62.047396 62.047396 501296.923448 8508.167461
153.321839 305.212184 0.663696 0.241593 67.205028 69.314323 69.314323 1281414.712738 6411.816810
513.313040 333.935747 1.393882 0.188813 50.495980 53.784850 53.784850 2673451.597918 1569.044859
287.100696 167.067740 0.477748 0.262095 73.081819 79.005093 79.005093 3244787.501650 1229.074538
558.340701 53.695092 0.966249 0.432939 61.781824 63.352479 63.352479 571569.180053 5379.130603
105.338856 324.140031 0.717967 0.278889 59.814164 60.872061 60.872061 1086357.346087 20043.936899
214.245556 395.092897 1.076409 0.283720 48.035058 54.940191 54.940191 9956843.233681 968.775014
137.227380 221.926762 0.395243 0.164881 87.838132 87.973291 87.973291 6713.688700 148484.955916
556.643367 140.451377 1.033567 0.304065 60.440976 61.824532 61.824532 488181.946260 6276.016966
127.004752 444.071038 1.203164 0.186280 49.850729 52.152509 52.152509 2929504.554671 5102.911236
250.453774 303.367913 0.773722 0.380771 68.090096 68.947175 68.947175 222383.172934 14814.625501
343.161274 321.999485 0.981952 0.298622 51.199632 59.344588 59.344588 10039313.254735 559.108864
348.358526 9.670282 0.480364 0.520518 80.327672 81.810576 81.810576 246182.386294 7244.490182
256.985156 396.155517 1.118692 0.241185 52.746789 56.898114 56.898114 4224768.852900 1747.485426
340.343297 62.438981 0.404289 0.113470 71.177713 84.042670 84.042670 8796085.595394 4174.637714
136.547807 323.748811 0.759953 0.306801 38.585716 52.817544 52.817544 23194326.659529 448.682038
119.571283 225.945977 0.449292 0.301591 65.439034 70.660954 70.660954 4486499.553231 2676.731119
184.753171 297.961993 0.685546 0.425203 73.256171 73.365067 73.365067 6995.312341 155323.944444
431.388724 56.543609 0.583981 0.118039 76.704753 77.400882 77.400882 79836.898218 16402.730018
103.016364 86.992810 0.270423 0.542885 92.437091 93.278533 93.278533 121365.446723 25963.192955
52.165382 35.175385 0.146529 0.171132 55.946784 64.736172 64.736172 4841264.983254 4511.125045
145.032191 444.099188 1.261069 0.287973 31.583544 43.532876 43.532876 26498173.183464 425.371448
150.851625 293.238488 0.665415 0.486208 69.019497 70.035999 70.035999 460307.168339 15521.818054
148.533438 194.626896 0.337728 0.114890 84.485003 87.751894 87.751894 1169963.236616 4135.080564
305.774084 256.182061 0.733869 0.407072 58.240918 66.281528 66.281528 7779901.007126 720.631326
147.812779 283.489078 0.569521 0.174723 77.068484 77.436014 77.436014 53748.238421 46346.242180
211.593983 152.535642 0.404788 0.511300 87.111826 87.353764 87.353764 10672.888664 71402.248136
129.778367 180.583521 0.309174 0.181656 94.205677 94.336753 94.336753 5328.162498 165874.928553
292.198739 366.842246 1.063464 0.282954 45.590660 56.110501 56.110501 16281076.395587 342.677310
351.273644 373.560579 1.180529 0.224048 43.196792 54.720243 54.720243 18892702.934834 190.571385
326.056264 335.062578 0.979764 0.307667 64.478019 -1.000000 64.441962 906.803038 -619170.480109
328.711073 163.170546 0.534731 0.257393 72.173931 76.851881 76.851881 2354227.738077 1267.715019
166.585070 468.794456 1.351359 0.175444 47.515436 51.085985 51.085985 4639147.640511 2398.415235
207.046843 137.717053 0.390456 0.525498 80.665079 84.481590 84.481590 1205546.623080 2732.339891
147.998861 285.161776 0.557658 0.074910 73.603071 76.001241 76.001241 912866.414165 4863.399018
117.541478 63.307746 0.276316 0.559581 70.422733 82.702570 82.702570 5775899.821762 725.638740
373.474684 376.167925 1.213919 0.201002 59.139033 -1.000000 59.090801 1617.926942 -433545.422011
239.129986 345.031913 0.918773 0.365930 52.229739 59.238115 59.238115 8625454.118878 978.744573
486.749868 365.690820 1.438373 0.201260 53.919307 54.497876 54.497876 139107.209718 16386.611566
206.599104 214.399944 0.475542 0.274643 70.565743 76.929640 76.929640 4215095.922178 1314.517155
122.137557 459.978664 1.297260 0.218888 42.619784 46.465039 46.465039 7035476.253993 2837.775298
133.787014 299.902414 0.684982 0.445067 60.506179 63.175079 63.175079 2522717.825714 5413.312816
98.669750 7.399510 0.184756 0.317975 89.434626 94.643840 94.643840 1650697.779134 3191.959937
278.848601 298.106377 0.796296 0.314953 60.412671 65.208495 65.208495 3890466.233254 1622.606475
474.311967 149.302974 0.803018 0.160271 61.358172 66.776425 66.776425 3824800.851314 901.525881
107.191489 451.163838 1.197086 0.051266 44.870275 52.289775 52.289775 10135904.814536 794.176462
226.445062 230.205409 0.516290 0.241963 79.292562 80.017571 80.017571 111812.682098 20267.750814
370.279014 28.664575 0.506742 0.457766 81.886262 81.924942 81.924942 413.799341 448290.338055
392.208501 331.472435 1.086628 0.167872 53.951537 58.866137 58.866137 4417143.225576 1085.308984
405.247870 208.884324 0.774652 0.265545 60.936198 66.831496 66.831496 4636187.644564 996.088956
579.433113 46.730152 1.017703 0.317049 54.601239 60.399652 60.399652 5389738.695999 774.632136
134.592542 467.418415 1.352939 0.213629 30.583687 42.316074 42.316074 26941432.486697 457.682736
91.526024 426.290642 1.175503 0.307599 28.621571 34.974664 34.974664 13228900.591010 3729.397942
542.783069 16.520693 0.863720 0.134573 65.465503 66.716847 66.716847 310401.226473 6818.456568
150.483584 387.440243 0.996136 0.271101 42.472447 51.354117 51.354117 15575302.885809 784.897595
223.272705 216.064830 0.518541 0.425938 77.233651 78.709591 78.709591 377480.406746 9062.575138
340.389895 102.326217 0.464403 0.230718 77.289789 81.223086 81.223086 1509441.287167 2149.114112
462.278542 170.325534 0.803766 0.162784 68.451747 68.994477 68.994477 72357.917999 20595.861754
273.000452 527.090540 1.773463 0.113285 49.255844 49.769210 49.769210 137450.229167 16896.764615
168.270903 289.253728 0.623027 0.273337 73.993099 74.549010 74.549010 116303.885112 28444.105863
527.139886 304.810156 1.348294 0.263077 41.478652 52.714871 52.714871 19075773.044179 116.301478
124.258364 407.087322 1.032461 0.180018 51.102488 54.270055 54.270055 4158651.122620 3692.140198
80.787411 255.419710 0.518604 0.258029 47.004356 52.035349 52.035349 6240579.449083 4992.713110
98.817136 456.212728 1.287630 0.206762 29.049915 37.406680 37.406680 18634202.692904 1406.237460
425.656176 231.117485 0.848864 0.159533 65.506936 66.881118 66.881118 397275.132036 6550.133065
120.278975 436.580299 1.179792 0.204984 43.678458 48.055489 48.055489 7723268.497675 2459.629601
166.015313 250.582358 0.513452 0.207406 65.551457 72.623907 72.623907 6025553.020958 1314.320322
124.618299 114.045128 0.308258 0.502688 71.477012 80.714619 80.714619 4980630.144889 1157.866825
226.281328 502.095850 1.581670 0.232350 51.521931 51.984367 51.984367 148557.329933 22755.974833
106.348252 417.226235 1.056443 0.187852 57.620917 57.843672 57.843672 157725.212094 94934.502431
253.171720 370.022918 1.005097 0.281557 59.402454 61.195696 61.195696 993174.732296 5431.484521
149.660026 256.867183 0.574967 0.481478 65.508545 69.122360 69.122360 2729306.112646 3636.943624
190.369053 464.089862 1.339065 0.139701 50.437591 53.243117 53.243117 2651723.250460 3057.873582
372.608331 345.400651 1.133965 0.386002 49.195106 56.177421 56.177421 8872288.714636 679.427821
58.519634 141.203648 0.217137 0.121012 73.559045 74.506440 74.506440 634656.376525 93825.147263
338.816681 497.951002 1.732425 0.149835 42.190871 47.832452 47.832452 8032777.710315 662.203637
140.237365 398.834148 0.991076 0.148329 57.309990 59.357947 59.357947 1657751.353268 5681.972898
295.047559 458.991684 1.439705 0.101108 53.424756 54.254186 54.254186 250642.759038 10259.922278
92.993734 251.218229 0.451179 0.136122 70.839559 73.113783 73.113783 1687722.370126 8317.377981
72.006614 352.190236 0.786204 0.096385 21.351312 40.104317 40.104317 27459694.223942 711.724398
131.195712 460.889816 1.351396 0.302827 18.898145 37.855350 37.855350 42696311.872006 223.601789
168.982979 119.291950 0.294537 0.339062 85.825465 90.327597 90.327597 1486488.369287 2637.524786
430.979630 289.139204 1.063116 0.376126 52.812398 58.611074 58.611074 6013047.199314 1026.470350
99.864689 378.372896 0.865561 0.122639 66.361906 66.428006 66.428006 11734.932460 280388.164677
140.148508 354.026634 0.842404 0.191465 32.007211 52.334368 52.334368 36366647.158107 87.293936
76.423064 78.298855 0.133528 0.118454 110.257329 110.555743 110.555743 26564.791235 95382.847817
306.995257 305.407373 0.852449 0.330109 66.940777 67.342967 67.342967 57364.452120 31837.614903
115.015561 532.070914 1.638225 0.107661 49.628230 50.094307 50.094307 252211.232967 25933.083106
90.371023 251.229559 0.558900 0.450641 46.794595 51.321426 51.321426 5424838.766630 5864.788152
598.025499 103.924867 1.110381 0.296018 60.013289 60.652261 60.652261 132188.213924 15514.754976
430.389118 285.492716 1.018260 0.239447 63.446310 -1.000000 63.379370 2436.204628 -341554.956316
95.768219 121.771675 0.326708 0.520715 40.439965 62.352418 62.352418 15936427.546759 417.812128
140.098638 41.561367 0.180488 0.208203 87.026238 98.160422 98.160422 4615256.155647 750.680681
286.767000 117.538603 0.408513 0.280215 77.634044 83.462430 83.462430 2650371.392849 2199.017209
72.017879 96.810861 0.296498 0.555774 62.802147 65.580010 65.580010 1537646.649779 20195.846427
145.202010 490.226286 1.462495 0.215243 41.929004 46.345389 46.345389 7980585.724728 1906.789140
225.055648 272.471083 0.615152 0.170900 72.460239 74.206250 74.206250 588154.858453 6976.269598
251.754731 231.868104 0.618462 0.492351 48.649186 67.599579 67.599579 23351202.386072 88.726314
171.169470 313.498855 0.677940 0.115027 68.454833 70.698288 70.698288 1048798.420785 5158.204596
486.973356 130.635070 0.805592 0.139325 52.671223 66.015524 66.015524 15635313.407393 67.007022
234.040410 149.270400 0.351088 0.154612 83.052648 87.686114 87.686114 1729279.027078 2060.133490
372.715869 41.142996 0.460343 0.145373 75.293238 81.269461 81.269461 2879486.874111 1174.941253
