129.112334 341.416873 0.822153 0.391467 52.018087 55.770733 55.770733 4994982.438173 3485.498697
660.765079 193.453379 1.465262 0.195860 44.469687 51.958601 51.958601 10272004.010453 323.814862
487.350334 8.775690 0.738880 0.322083 69.813535 70.762436 70.762436 187124.175693 11390.476269
525.776014 168.098863 0.995311 0.363604 62.645516 63.304293 63.304293 131210.550116 15785.481671
298.705222 27.628030 0.381392 0.381949 82.411315 86.439800 86.439800 1190922.167446 2323.466236
497.196765 68.229478 0.815115 0.440536 59.371404 65.666297 65.666297 5089652.084545 732.453034
138.677402 537.393117 1.690526 0.092455 43.568540 46.889571 46.889571 4390585.644609 2270.905881
671.920015 47.605206 1.306799 0.174237 53.688740 55.945322 55.945322 1251164.968284 2592.689012
244.878636 246.231395 0.628925 0.402573 50.148989 67.011121 67.011121 21032457.627528 87.552762
98.434715 177.319426 0.340197 0.264002 55.183996 67.112054 67.112054 11041070.322178 965.844572
168.802329 167.436400 0.381474 0.416224 77.256004 82.223617 82.223617 2337405.852480 2332.118409
200.080232 185.477403 0.447397 0.501240 82.221950 83.195326 83.195326 156301.303804 15474.453150
149.228201 383.736329 1.003560 0.324561 28.363155 46.920211 46.920211 36540310.755905 153.424968
140.238677 127.343875 0.298905 0.399100 85.445993 88.909511 88.909511 1105868.636860 4258.451136
108.291374 311.867651 0.655586 0.150121 51.199049 58.898151 58.898151 10327401.343820 1386.081007
138.351376 461.000447 1.294081 0.260648 53.141080 53.881362 53.881362 565839.396725 17780.056521
130.465903 349.608030 0.799068 0.156011 51.767179 58.510227 58.510227 9030830.562159 1369.591353
163.026632 316.293270 0.706379 0.187940 57.338872 64.150737 64.150737 7505433.275326 1301.056618
191.613097 209.280039 0.401020 0.107794 86.509351 87.106374 87.106374 59407.982139 26343.008192
237.198682 290.849406 0.703739 0.263917 67.566721 69.856707 69.856707 1095671.232397 9125.600922
207.863658 358.648327 0.896696 0.197096 59.095084 62.392106 62.392106 2593079.531622 2828.955765
150.815685 221.253164 0.455933 0.402391 82.679299 83.057271 83.057271 48166.630907 48991.456835
275.987625 369.792395 1.052746 0.289247 45.342721 55.951877 55.951877 16631592.290769 361.551956
618.742901 94.867310 1.166024 0.302160 60.198439 -1.000000 60.172831 452.357645 -815246.824851
199.126595 418.512592 1.140296 0.212919 54.429485 56.870068 56.870068 2045658.399592 3803.321155
102.154604 127.386020 0.232073 0.246364 99.630299 99.889363 99.889363 21246.945051 93669.007164
98.828317 124.117873 0.289199 0.378129 56.506432 70.727800 70.727800 10433065.724321 794.156593
525.277437 45.982404 0.880760 0.465448 57.236583 63.683252 63.683252 5628092.656289 696.600435
279.711351 271.854755 0.706287 0.234608 59.594659 67.427984 67.427984 7441221.635104 763.612742
433.667338 369.982373 1.332081 0.317887 56.921927 -1.000000 56.879969 1405.384592 -500517.020951
125.662760 165.222442 0.313877 0.294877 89.063180 90.195476 90.195476 250387.207155 16949.722374
146.192161 209.336296 0.455699 0.429588 64.887557 72.181381 72.181381 5873658.769968 1490.937486
499.463534 22.618218 0.751786 0.173665 66.630906 69.402486 69.402486 1168369.891936 3916.213568
143.466644 231.023338 0.486963 0.480647 81.185121 81.435314 81.435314 29204.229877 76398.042886
159.214247 305.214814 0.684070 0.314219 65.388429 67.796334 67.796334 1644466.218683 5410.166572
89.243899 258.385871 0.460084 0.081875 53.408634 65.343641 65.343641 13326672.224841 864.599065
620.096155 160.574220 1.260095 0.246344 55.636834 57.052832 57.052832 582234.333446 5554.170192
427.058293 143.393679 0.665930 0.096516 67.750078 72.359905 72.359905 2276301.475431 1065.873671
117.554411 449.436490 1.222651 0.161423 47.514401 50.325385 50.325385 4104464.196401 4122.697544
95.717275 389.599278 0.991734 0.265642 37.593378 42.554552 42.554552 9349071.374386 3704.457549
536.050056 180.346846 1.032887 0.272429 63.185213 -1.000000 63.151747 669.576726 -656830.320514
198.262120 324.007666 0.812003 0.446773 56.440216 61.640280 61.640280 5454472.906686 1771.174348
643.929671 153.054601 1.319307 0.203134 57.250582 -1.000000 57.236518 159.310202 -1384106.914119
432.200375 426.125100 1.557011 0.125028 50.412262 52.080446 52.080446 863798.043180 3752.644164
673.187072 75.228154 1.347746 0.281012 48.181909 53.892571 53.892571 6487515.547556 620.050577
199.292339 467.889639 1.391474 0.283659 48.549072 51.341725 51.341725 3223264.737080 3163.801026
86.532838 422.647577 1.135798 0.249174 33.648068 37.655084 37.655084 8224502.544178 7108.565478
388.479058 53.508183 0.547736 0.422711 77.735593 78.687876 78.687876 138826.742359 12358.950761
505.754529 328.221125 1.359960 0.249695 51.163471 54.240236 54.240236 2459951.684790 1919.073748
567.256197 209.096954 1.201580 0.304524 51.323569 56.473662 56.473662 5158110.142349 873.241301
384.557761 25.534822 0.482157 0.167090 77.058506 80.707243 80.707243 1316812.191346 2140.460700
90.563685 545.607103 1.706022 0.052932 40.263631 44.200171 44.200171 6113385.989122 2283.958428
91.978328 9.075462 0.144762 0.205368 100.158480 102.998852 102.998852 660025.140352 7330.543876
141.156058 473.156805 1.364459 0.197609 44.433629 48.355722 48.355722 6390019.613695 2349.248909
245.613454 486.631379 1.527265 0.141787 39.349446 48.712414 48.712414 17039318.502541 1600.196847
312.760007 369.561655 1.090752 0.278473 58.454288 59.905382 59.905382 669358.481891 6618.071240
103.896160 154.119962 0.276853 0.258576 91.170891 92.034637 92.034637 206100.044831 25674.433197
122.986944 411.816205 1.035802 0.127062 54.318934 56.779757 56.779757 2495271.680441 4693.557425
153.392645 394.735762 0.988152 0.210014 60.496456 61.406395 61.406395 452900.653311 14425.672999
89.967433 62.950672 0.141845 0.161329 111.359471 111.519283 111.519283 5768.886438 168513.714160
403.279774 317.814041 1.082617 0.261337 45.312562 57.044991 57.044991 17922704.843180 202.223713
154.064137 26.748776 0.163733 0.162574 109.216443 -1.000000 109.019392 4306.392131 -205208.867088
98.637396 329.587862 0.701733 0.095827 30.254422 52.805670 52.805670 34860825.791307 160.092733
101.317223 65.846618 0.198422 0.275490 77.163766 87.575023 87.575023 5238388.714085 1213.833884
455.297246 71.407406 0.706723 0.388055 60.078129 68.806927 68.806927 7637177.139824 457.972714
153.726296 368.903525 0.923424 0.379049 56.458102 58.810810 58.810810 2345337.198478 5238.463952
383.331925 188.538908 0.673363 0.235621 72.396795 73.236471 73.236471 146928.010555 13933.507301
368.955083 356.752034 1.143251 0.328888 60.095511 60.300476 60.300476 21312.179535 58229.267781
167.396898 244.907104 0.488015 0.188448 75.125049 77.972764 77.972764 1340941.023671 4508.308657
407.778214 100.936056 0.617390 0.398187 76.293954 -1.000000 76.138324 6742.455516 -183925.259426
195.003092 463.906169 1.338084 0.161837 55.205465 55.725454 55.725454 157238.495615 21331.499724
125.691100 240.471036 0.503386 0.485503 77.983877 78.347718 78.347718 93561.728130 55494.167951
110.769600 354.148850 0.866562 0.407084 51.135051 52.750811 52.750811 2246365.235999 13691.461661
162.016523 240.583884 0.459560 0.160887 82.978707 83.383567 83.383567 44306.675686 42793.977819
212.479752 363.189692 0.943615 0.422057 62.940033 63.634316 63.634316 223142.017703 18439.002091
74.908255 48.154709 0.148863 0.178618 82.121283 88.481980 88.481980 3004545.757642 3297.224043
153.009806 299.758501 0.659096 0.377134 73.123111 73.390222 73.390222 44338.115197 64108.147583
122.569433 173.068871 0.334861 0.257178 61.842352 74.868950 74.868950 11247715.104565 713.475829
295.013715 76.281403 0.401191 0.383106 80.951264 84.960777 84.960777 1271784.999998 2158.235383
128.636408 347.292582 0.823786 0.302518 52.442661 56.549839 56.549839 5458049.284618 3001.319189
661.074897 143.522420 1.365008 0.152130 52.151876 54.832631 54.832631 1697372.646299 1933.535367
162.102272 311.973131 0.737910 0.407875 56.510109 61.729677 61.729677 5765822.742295 1974.108296
169.696991 330.471939 0.761749 0.285775 68.225927 68.881944 68.881944 193418.255067 22356.072249
114.630444 178.628191 0.377768 0.444269 74.425872 77.468136 77.468136 1685470.160683 5714.935349
212.447180 280.641330 0.669114 0.407684 69.159361 70.996561 70.996561 788248.276774 6915.485231
106.889546 177.728242 0.387455 0.495471 71.600388 74.398355 74.398355 1681326.332227 7104.288345
104.035480 423.968782 1.185733 0.363420 22.847209 34.518388 34.518388 23717775.034244 1268.641196
136.090530 478.919943 1.415452 0.250278 36.498173 43.247035 43.247035 14704049.871276 1147.644038
537.927500 25.164757 0.845123 0.084291 61.614055 66.521156 66.521156 2811640.673102 678.416395
274.586874 325.078400 0.848720 0.158049 62.841677 65.486120 65.486120 1419544.315086 3337.234907
134.646605 438.907884 1.203227 0.224540 42.651329 48.198901 48.198901 10046411.760085 1602.631256
200.353901 334.060582 0.797717 0.277484 69.265461 69.398209 69.398209 10045.576538 116241.483608
619.470950 171.808499 1.283609 0.324727 56.861754 57.307068 57.307068 79934.349251 22195.004358
425.376274 273.079235 0.964394 0.180179 63.076795 63.945584 63.945584 204146.708419 11424.216923
335.819584 361.314458 1.088740 0.214903 59.261742 60.420523 60.420523 421453.154246 8424.714404
73.787156 354.694985 0.791729 0.098060 35.885863 44.873027 44.873027 14441512.215238 1663.694049
439.827711 18.747755 0.653021 0.420279 57.574909 70.424577 70.424577 12776591.077634 -23.074396
133.150482 375.399784 0.967367 0.328032 21.838848 44.264402 44.264402 41661807.572298 112.598299
126.285385 294.648040 0.621106 0.188885 48.406196 60.075972 60.075972 16054804.820945 650.341090
155.310566 335.065310 0.783299 0.266731 55.849565 60.934676 60.934676 5850158.282674 2009.088924
137.117858 362.577106 0.834517 0.189220 67.909661 68.015638 68.015638 10821.369091 155589.124383
88.428633 156.347523 0.366275 0.454999 21.798097 52.032502 52.032502 22754296.856990 554.978781
448.650689 69.723038 0.686062 0.365983 60.844681 69.585459 69.585459 7491805.406469 480.923748
107.731360 452.244218 1.206878 0.134183 57.245596 57.422047 57.422047 63472.919723 88768.812125
154.740340 343.445674 0.787404 0.245248 68.121571 68.519362 68.519362 92511.163127 38985.013148
60.197962 133.303628 0.221683 0.133062 38.502997 57.540608 57.540608 13954695.348665 979.490362
147.434681 347.246323 0.801722 0.162635 52.323423 59.718998 59.718998 9640515.910968 1137.656138
114.534539 255.439093 0.517831 0.316876 67.987965 70.105259 70.105259 1609496.081701 8327.969268
158.404389 255.276725 0.502468 0.171354 75.914257 77.964300 77.964300 825433.797928 6821.105546
111.039494 449.245243 1.266419 0.345774 44.187954 45.410356 45.410356 2177452.885314 19650.838333
204.525314 20.548405 0.252019 0.307215 84.922743 94.351853 94.351853 3643974.712955 603.622055
150.287073 528.572846 1.660257 0.140824 41.758016 45.893134 45.893134 6784335.371330 1832.739650
73.306594 179.124506 0.381386 0.357759 26.970932 45.429636 45.429636 15280308.741709 1470.157732
103.851982 487.152274 1.406127 0.137509 43.617698 46.094004 46.094004 4172117.961729 5080.924917
257.933990 444.081873 1.301931 0.035421 57.117191 -1.000000 56.770177 28714.827340 -75898.827921
113.506475 97.810625 0.205768 0.198174 73.270023 87.842373 87.842373 8966487.963100 588.739854
133.078235 124.831023 0.222310 0.137763 84.754991 93.338689 93.338689 4174657.729870 1227.744589
343.736808 176.851897 0.579311 0.243954 74.204565 76.220009 76.220009 604392.724152 5119.817967
117.639300 388.478358 1.025899 0.367397 28.788414 41.045601 41.045601 23855684.428528 687.430717
129.577458 211.218091 0.476667 0.472840 41.887424 61.319552 61.319552 21539713.004409 240.913634
108.504122 437.649728 1.147584 0.186748 57.296526 57.396531 57.396531 53123.408742 214040.268756
358.352952 57.276563 0.490478 0.360098 66.384648 77.929278 77.929278 8631192.932674 253.750545
336.735903 201.723701 0.597455 0.140235 72.058764 75.067871 75.067871 1174688.227316 2865.983343
496.118467 196.511553 0.984568 0.406114 57.145344 61.386179 61.386179 3246883.198545 1384.677599
181.799579 334.943773 0.772776 0.132830 57.914483 64.265691 64.265691 6335622.267145 1230.051109
183.796272 359.985206 0.889850 0.180112 33.232602 56.105795 56.105795 41797315.918500 43.334007
90.256631 426.732012 1.097030 0.098239 39.273497 45.947659 45.947659 12187185.842022 1653.906837
298.194213 27.498118 0.387990 0.444470 89.080156 89.100755 89.100755 100.790048 954673.598509
65.980544 100.851312 0.160114 0.103838 72.946235 81.441873 81.441873 5163125.316198 2413.188455
102.122972 278.880057 0.587957 0.243615 39.257445 52.442327 52.442327 18473318.656139 758.160221
628.783299 19.991049 1.165205 0.304793 52.843375 57.493885 57.493885 4176449.279815 1077.727203
368.356381 271.779921 0.851268 0.218798 60.293008 64.787381 64.787381 3282255.963426 1479.576853
131.204490 238.844933 0.521617 0.487643 66.774417 69.942005 69.942005 2327836.200663 4763.082023
303.918340 287.486383 0.795023 0.312613 65.196449 67.313814 67.313814 964874.089901 4834.411780
117.278326 41.983104 0.235154 0.484006 99.482205 99.948723 99.948723 24647.239866 44759.042424
117.494056 187.751536 0.340279 0.209933 72.228869 78.741000 78.741000 4662606.099512 2041.743286
180.905884 328.214493 0.793002 0.300149 48.817541 59.039450 59.039450 14597315.960978 597.399708
74.809520 436.969975 1.148277 0.119036 41.924499 43.266324 43.266324 2442691.714235 31476.554458
166.868433 372.515125 0.936415 0.245644 46.676950 55.197648 55.197648 13269830.902179 845.729159
107.736235 422.797935 1.067957 0.145502 60.345412 60.484246 60.484246 43389.843906 120479.683283
80.074542 186.232990 0.365211 0.295221 53.021461 59.421297 59.421297 6033379.608972 3605.363613
97.096525 213.234400 0.365613 0.176290 81.042379 82.188136 82.188136 522604.850795 18621.813859
423.239679 470.922099 1.753908 0.143888 50.564343 -1.000000 50.486288 4599.773985 -251506.501914
228.657867 433.443577 1.243409 0.322799 57.968966 58.136596 58.136596 21704.010209 76218.170897
372.210308 299.211530 0.978272 0.433494 54.698564 60.296019 60.296019 5483501.607349 1061.361997
281.873299 321.765422 0.858308 0.225163 63.253834 65.358827 65.358827 1028870.691816 4736.036187
156.532066 282.439303 0.633496 0.356833 57.911916 64.536106 64.536106 7117999.326722 1442.701005
210.624966 171.809550 0.440925 0.519189 79.875647 82.191043 82.191043 633030.308438 5279.899171
545.788164 230.720127 1.158422 0.109295 55.417879 58.678688 58.678688 1965970.073272 1516.986015
63.849509 56.475519 0.260109 0.492105 37.485028 53.158939 53.158939 8101273.861875 2650.524632
104.228634 530.192310 1.662542 0.158997 34.243112 38.850147 38.850147 10802124.203028 2444.908675
167.862550 220.352156 0.450957 0.303789 80.376522 81.723348 81.723348 364832.406942 11574.476927
89.153935 129.107637 0.229200 0.171304 59.312927 75.396128 75.396128 12439062.611887 610.869092
84.750475 259.113806 0.476904 0.144978 65.849391 67.815772 67.815772 1786646.235692 11034.176241
253.542245 126.510097 0.419225 0.531406 86.934594 86.974401 86.974401 379.094801 471057.941709
281.167977 114.747835 0.391577 0.284482 88.371865 -1.000000 88.192922 6158.086011 -185474.837608
137.412497 419.772016 1.114389 0.252906 48.419281 51.972173 51.972173 5215877.094687 3052.409992
403.192146 238.014215 0.868309 0.464869 60.348692 64.328774 64.328774 2709763.880197 1822.891717
555.522401 128.312197 1.019936 0.316968 56.510607 60.750863 60.750863 3262420.181794 1404.337374
64.803044 312.323333 0.587096 0.035751 76.393290 76.537481 76.537481 15946.709994 142634.876972
390.199559 6.879009 0.494950 0.202098 80.517359 81.474229 81.474229 133181.246016 12627.504220
589.987937 214.131412 1.281553 0.340685 54.877005 56.441667 56.441667 735244.986000 5040.227596
140.316614 337.430023 0.789734 0.279445 52.291497 58.075117 58.075117 7676634.706388 1744.523882
101.811338 514.890366 1.575455 0.183236 38.661558 41.041084 41.041084 5001817.943811 6499.913090
452.746000 375.959318 1.412128 0.248153 42.017623 51.523373 51.523373 15733252.087041 266.722672
197.334734 228.580452 0.523299 0.414173 72.674513 75.893453 75.893453 1567054.599479 3672.713179
157.477682 463.419511 1.306119 0.193956 54.901492 55.504219 55.504219 270461.022239 19976.028531
76.919248 143.800184 0.257591 0.188330 50.596047 65.077014 65.077014 11960919.581134 952.472670
133.559296 268.160649 0.580653 0.443943 69.658912 71.083474 71.083474 816580.461088 11702.780273
367.168058 36.032875 0.502905 0.417294 75.692736 79.332269 79.332269 1295931.517255 2173.328603
203.104127 219.361486 0.490586 0.298268 66.907166 74.918113 74.918113 6241794.472215 956.886156
564.863248 401.905784 1.803367 0.101235 50.030635 -1.000000 49.976432 1988.127534 -352193.894127
135.470614 376.294134 0.915946 0.190035 49.059179 55.194533 55.194533 8988552.647184 1444.088293
88.637884 44.772638 0.243803 0.500918 75.034319 81.256529 81.256529 2564514.590999 2905.565810
130.016435 278.132105 0.545898 0.116798 56.222692 67.440143 67.440143 12769572.934414 676.147688
218.498090 297.551461 0.709285 0.343369 71.117190 71.634511 71.634511 92693.508895 28035.831648
457.327368 109.928314 0.746995 0.453823 69.902022 70.627287 70.627287 117465.962280 15616.369351
218.183777 483.400322 1.480170 0.270358 51.461089 52.477631 52.477631 589692.308642 9770.911706
145.664974 335.552047 0.753357 0.140417 50.489188 60.443383 60.443383 13555044.079535 678.139029
137.907194 346.989142 0.815931 0.398204 65.664750 66.036356 66.036356 147254.602592 45306.085154
131.865796 309.100201 0.716050 0.331926 37.096475 52.562169 52.562169 24338849.265807 363.431763
114.947530 355.528393 0.819919 0.188618 53.801297 57.448830 57.448830 4644243.026160 3533.789654
66.161127 489.604340 1.441279 0.133738 15.632880 26.226521 26.226521 20307143.474076 3600.068677
214.491247 267.444745 0.619297 0.371622 75.793597 75.982589 75.982589 13626.565387 85417.157374
109.095921 63.167503 0.263613 0.519151 72.476002 82.689765 82.689765 4669489.428961 1092.365009
330.474726 57.483328 0.459781 0.473665 79.239683 82.075658 82.075658 753246.390041 3200.051412
123.669654 320.841429 0.713051 0.252789 56.787064 60.729174 60.729174 4565745.557774 3280.545127
411.718408 76.650985 0.621363 0.501199 75.979864 -1.000000 75.760298 12051.537481 -133338.321205
90.562238 465.351804 1.297061 0.154276 43.217192 44.696417 44.696417 2662330.136700 14810.998277
204.507382 264.300921 0.564046 0.146512 74.285762 76.233252 76.233252 669584.309580 6283.003264
251.220762 248.480043 0.590278 0.242490 77.545981 -1.000000 77.444675 3879.940463 -272002.599323
120.977648 337.416034 0.798101 0.279996 35.739064 49.130929 49.130929 22732825.901054 372.365583
95.011094 8.966513 0.221883 0.476289 92.714606 94.718237 94.718237 386725.113603 10377.038310
100.550020 69.207731 0.183378 0.228162 84.289943 92.001428 92.001428 3428522.574729 1885.243290
390.391933 438.258538 1.520816 0.168966 53.799222 -1.000000 53.741001 2589.601931 -332970.377507
158.510791 388.092509 0.969256 0.147636 47.948105 55.992934 55.992934 11786801.625833 870.674366
278.188634 63.455922 0.388709 0.487387 85.448032 87.160813 87.160813 261551.607583 6509.132257
236.073083 231.275391 0.574636 0.370747 52.236903 69.270491 69.270491 20004455.489899 90.421210
465.317116 123.394229 0.761414 0.289818 66.654808 68.996698 68.996698 939899.768371 2463.555328
614.193421 356.363841 1.776131 0.087726 43.477074 48.941467 48.941467 5957081.612735 292.726630
155.130394 161.795045 0.384135 0.459091 55.963889 74.459208 74.459208 16022410.120383 243.521322
446.821316 79.417778 0.701369 0.445723 62.699883 69.408696 69.408696 4926358.102739 646.284578
555.608062 124.586752 1.018353 0.338258 56.316552 60.709591 60.709591 3461673.664939 1291.257522
424.456019 358.139024 1.271007 0.226283 43.605899 53.789752 53.789752 16110360.812668 234.825969
141.859182 236.860659 0.502744 0.380549 65.448819 70.662128 70.662128 4270309.108635 2389.910156
158.063449 417.884574 1.093359 0.134722 49.139495 54.793959 54.793959 7557275.184069 1384.831121
174.461358 402.951938 1.067555 0.390545 58.420243 59.312399 59.312399 490113.475807 14350.489029
129.018608 414.336587 1.115709 0.302101 36.563585 45.016130 45.016130 16992990.511653 927.840068
50.931589 25.574648 0.238339 0.441396 12.399553 40.773396 40.773396 9461014.302076 3555.503435
191.130700 86.697012 0.223203 0.129078 85.595154 96.740738 96.740738 5128449.508996 458.855207
166.734455 546.542484 1.762867 0.120616 48.537047 49.195149 49.195149 298452.687783 14469.427658
174.711834 375.085800 0.953770 0.314770 55.398235 58.693040 58.693040 3402353.672576 3180.670912
596.674219 43.747186 1.072871 0.348168 55.432382 59.573635 59.573635 3251107.466535 1222.402577
126.227720 284.742267 0.655663 0.442853 47.301832 55.800187 55.800187 11393105.214027 1223.840510
226.599570 313.116081 0.756043 0.169048 49.858620 63.518405 63.518405 18499442.371348 264.655554
460.097370 239.675989 0.962920 0.222250 61.417470 63.265677 63.265677 768748.515068 3893.973666
492.985859 230.462124 1.035798 0.276767 55.799955 60.202099 60.202099 3581358.996886 1589.086843
110.877560 318.103272 0.743171 0.324005 31.248568 46.429860 46.429860 24148106.502911 4270.717911
103.259293 345.101662 0.830115 0.337580 43.324551 47.946151 47.946151 7526586.207322 3926.612749
203.206875 200.950312 0.466875 0.418391 78.362717 80.502398 80.502398 666593.096555 6082.033016
159.418609 468.943925 1.333101 0.211404 56.100345 56.260376 56.260376 28292.056898 81774.219875
65.804753 293.344773 0.708768 0.486625 27.049793 31.817887 31.817887 5936591.255451 22904.037918
164.129743 205.075992 0.381430 0.172110 88.048238 88.430825 88.430825 32917.647000 47702.421384
73.302096 146.424348 0.306961 0.327217 50.184089 58.360523 58.360523 6556534.048310 3239.437527
137.068398 289.374209 0.608905 0.242426 65.005174 68.332706 68.332706 2726524.345981 4021.714397
304.397165 458.926789 1.474056 0.202584 47.852931 51.472074 51.472074 3838484.878009 2005.899226
626.445343 294.765560 1.590529 0.035558 52.565323 -1.000000 52.195731 30504.285556 -72940.387854
83.341396 314.884932 0.703458 0.243702 36.241530 43.767504 43.767504 11526116.727164 2734.818998
235.271035 273.118276 0.630114 0.207450 10.696983 -1.000000 76.173248 94220243.523783 -142.804089
75.339142 187.584044 0.346266 0.212283 42.340009 55.312754 55.312754 12604762.847178 1285.984569
432.650920 350.094874 1.252846 0.326015 58.457394 58.474709 58.474709 259.750096 756571.303599
360.524196 367.953862 1.142296 0.082406 60.464351 -1.000000 60.314914 8813.412562 -160160.139728
148.148189 389.709090 0.963643 0.245099 62.918454 63.264192 63.264192 97580.870220 42686.440472
216.734924 365.384762 0.971226 0.334898 45.835326 55.832724 55.832724 15653723.574098 499.359586
309.521520 438.139863 1.375215 0.243524 55.346593 55.658241 55.658241 54866.911076 41230.609758
139.810083 318.197974 0.684554 0.225086 71.483490 71.890717 71.890717 95786.040024 40701.101263
456.854528 6.344339 0.663692 0.278591 63.633238 70.902500 70.902500 5467577.970443 609.470051
87.861341 340.199801 0.753262 0.160885 49.576232 52.888976 52.888976 4803496.620975 5700.736775
111.231503 305.614641 0.678314 0.293955 49.471468 55.450551 55.450551 8283645.321393 2141.790959
140.318700 319.794275 0.760874 0.370861 41.980223 53.606175 53.606175 18228963.918408 556.361806
158.546968 419.905128 1.168033 0.353262 33.930482 45.944308 45.944308 25124009.697337 426.479555
172.616673 240.578294 0.484294 0.232719 81.154195 81.666986 81.666986 71554.300962 32683.512973
345.946017 373.331511 1.169050 0.340714 58.155795 58.934971 58.934971 238189.948985 13176.800512
83.098717 42.639823 0.189990 0.318044 85.888030 89.538818 89.538818 1335102.648655 6036.155981
218.676948 158.664630 0.409115 0.394054 72.735921 80.908714 80.908714 4803479.422715 843.806822
129.194209 357.546804 0.873087 0.308843 45.549589 52.202378 52.202378 10671734.641287 1509.731145
130.494892 449.947656 1.253753 0.341165 51.754872 52.480527 52.480527 756296.376675 21030.851913
96.705334 247.379517 0.478841 0.233006 61.965007 65.489888 65.489888 3511553.443518 5081.210859
248.073193 404.260172 1.142047 0.360218 59.760316 60.022571 60.022571 42045.229294 47854.855951
104.483978 3.529293 0.249925 0.557167 78.865897 86.451320 86.451320 2624008.034087 1738.510845
518.385966 78.800812 0.856957 0.295719 59.123787 64.719174 64.719174 4431763.450295 893.582121
127.142948 335.244525 0.801049 0.316932 36.879609 49.856706 49.856706 21882424.202022 489.197927
217.133812 364.762329 0.963223 0.290993 42.380515 55.524866 55.524866 22308378.655169 238.198168
307.440046 97.839034 0.452505 0.439441 72.365788 80.368508 80.368508 4385634.159178 655.529707
186.674216 416.040183 1.101314 0.136002 57.130001 58.859215 58.859215 1020878.056517 5826.943604
196.465138 276.957490 0.607214 0.252574 75.990826 76.269488 76.269488 27924.378802 57580.053774
360.367228 194.162873 0.680172 0.426034 65.103978 70.170062 70.170062 3234535.901786 1444.096579
470.908468 428.409493 1.666440 0.164548 49.643249 50.780895 50.780895 496265.695015 6893.937784
185.378468 215.716548 0.489894 0.511057 82.370751 82.470456 82.470456 3557.786197 185836.061263
111.429166 136.270368 0.302654 0.389822 72.923663 79.512005 79.512005 3856066.848968 2159.498102
135.963483 391.760160 1.001509 0.270543 46.164330 51.729832 51.729832 9025087.981030 1699.624961
138.762024 382.735978 0.910207 0.152181 66.177983 66.218236 66.218236 1788.382440 402668.371959
277.429615 230.288172 0.582354 0.182680 59.200742 71.904325 71.904325 12945911.348310 251.102748
322.898919 128.194108 0.515294 0.524663 81.167934 81.286451 81.286451 3214.210322 135151.016311
409.279673 89.690861 0.625162 0.496486 76.098818 -1.000000 76.001956 2803.120420 -288552.015161
143.834559 465.957476 1.315240 0.172315 50.210070 52.275754 52.275754 2206324.427319 5154.001419
86.091177 137.600379 0.193337 0.093167 101.830583 102.507931 102.507931 94287.243068 35350.875050
400.110028 419.031112 1.456888 0.145812 48.947590 52.572686 52.572686 3262670.882899 1382.522112
206.712127 253.945506 0.557643 0.257435 76.696895 77.544889 77.544889 172103.760606 17294.622924
391.250583 77.907707 0.551879 0.309602 74.682574 77.315131 77.315131 859788.812459 3464.081621
80.412348 268.755843 0.493385 0.091182 49.295015 59.603147 59.603147 12433017.988483 1171.821517
93.384008 396.374636 1.036902 0.312550 34.644621 39.458382 39.458382 9352305.897947 4814.441205
124.924050 132.317535 0.332195 0.490115 61.100756 75.112599 75.112599 9873418.159118 572.970988
84.353174 276.632075 0.637485 0.462932 41.603464 45.267473 45.267473 4854042.543653 12267.604837
467.963946 398.081896 1.534831 0.232507 47.774803 51.260346 51.260346 3372376.237016 1616.299969
79.120979 125.519120 0.279517 0.346246 57.710368 65.745948 65.745948 5775189.363861 2715.051613
111.593659 490.860531 1.464801 0.250384 38.910111 41.849602 41.849602 6186738.628073 4797.523111
280.843944 345.736152 0.987065 0.398751 44.953674 56.862318 56.862318 18681784.698449 304.253195
70.758501 138.394363 0.229617 0.154808 68.760692 74.085761 74.085761 3811201.691148 4840.263140
125.858583 408.940695 1.042702 0.327151 60.671093 60.731620 60.731620 21330.514364 329664.155090
148.189741 406.584594 1.029511 0.167013 59.099443 60.189328 60.189328 601685.428149 11492.129422
478.984090 118.621659 0.764981 0.138259 65.780875 68.910037 68.910037 1414584.830577 2019.708636
136.250555 208.826384 0.461023 0.431477 49.070568 65.167411 65.167411 17206793.041599 351.649548
153.371671 430.270832 1.158015 0.287557 56.538411 57.288059 57.288059 440340.021245 17518.265010
74.908718 42.945173 0.205781 0.363457 76.390361 80.477091 80.477091 1812448.756275 6376.348788
109.882300 66.959754 0.209077 0.348605 102.424719 102.762124 102.762124 17980.357174 68159.846983
153.951046 174.599518 0.380830 0.448438 85.624022 86.598476 86.598476 170985.348232 17657.266978
193.109209 4.489765 0.206867 0.206439 102.139046 103.188447 103.188447 82120.666806 15380.216051
97.605252 184.426478 0.363922 0.268446 10.258511 58.018991 58.018991 38961872.854140 102.637684
101.083811 43.333325 0.153339 0.191699 97.075760 101.341195 101.341195 1199496.269901 4169.661977
364.916459 454.732099 1.567360 0.238486 46.434983 50.235818 50.235818 4247253.781999 1560.889657
248.023856 83.596371 0.356576 0.447517 88.492545 89.694905 89.694905 137818.002416 10839.702850
345.668682 384.718848 1.202388 0.227066 57.095140 58.118856 58.118856 370594.699558 9246.394627
115.139314 39.636762 0.251149 0.521144 82.155794 88.964439 88.964439 2239669.471328 1872.955845
92.480574 396.178045 1.024232 0.278324 36.490253 40.844975 40.844975 8378481.699513 5221.163900
594.548882 355.986905 1.711844 0.157266 51.140902 -1.000000 51.075513 3074.636797 -295604.747049
54.332143 470.762406 1.290452 0.052080 32.093069 36.101884 36.101884 7346395.381441 9271.290254
201.387185 246.839765 0.544238 0.335491 79.696962 79.774581 79.774581 2527.538817 232078.535923
107.917453 309.816444 0.697080 0.308448 47.386212 53.346528 53.346528 8580020.082990 2128.834249
130.220334 397.345178 1.011799 0.346384 57.341596 58.035151 58.035151 566704.351818 23187.702890
205.073414 418.412615 1.153623 0.336914 58.287783 58.863626 58.863626 197676.005217 21120.430350
78.833851 30.001005 0.227175 0.476003 82.414096 84.741801 84.741801 773596.476533 11727.688963
360.667754 257.036729 0.813325 0.345463 63.288747 66.368552 66.368552 1734839.595543 5729.535207
239.802992 193.876824 0.436442 0.144202 76.116864 81.546425 81.546425 2705173.101252 1308.718569
379.602430 181.085651 0.675530 0.333110 65.178953 70.463380 70.463380 3454738.767928 1269.071055
93.217107 151.901703 0.331133 0.432910 70.464387 73.688742 73.688742 2011162.761682 6780.929710
58.384760 7.696762 0.228427 0.442580 48.296551 57.179370 57.179370 4373240.301303 6339.824050
559.941347 72.914793 0.969488 0.344720 63.322393 63.991749 63.991749 128986.950728 15232.365251
253.679752 262.287215 0.676420 0.451570 67.040405 70.142120 70.142120 1675921.396470 3187.979993
100.307425 91.420823 0.162193 0.142664 107.447421 107.909665 107.909665 33330.937087 51975.251979
53.253294 352.965136 0.838415 0.195486 13.525923 24.846014 24.846014 12827779.817575 8734.549673
303.559692 380.668516 1.123732 0.265744 54.763631 57.870730 57.870730 2500287.377782 2533.476007
133.467662 261.211298 0.527523 0.227831 62.387557 68.654720 68.654720 6084461.582141 1853.436403
240.610432 441.876179 1.299794 0.168248 41.766513 51.588558 51.588558 16949656.376034 370.284265
165.264114 277.095393 0.618659 0.428696 71.081216 72.417868 72.417868 553346.798081 11055.232357
113.158698 243.891706 0.491429 0.355119 72.050140 73.292911 73.292911 749436.834106 15793.209304
183.155742 300.531977 0.698463 0.397643 67.980338 69.506217 69.506217 701526.976729 8798.824819
114.784446 422.616152 1.078779 0.177668 58.958904 59.247135 59.247135 136508.759968 55736.971862
362.070580 151.361469 0.557474 0.180580 74.574689 77.127174 77.127174 842935.886274 3625.238866
126.037678 329.364771 0.756094 0.260682 47.434323 55.281723 55.281723 11693717.160173 1232.395893
150.938213 287.726657 0.611176 0.330951 76.012542 76.139780 76.139780 10849.762836 142513.336293
152.062236 300.559088 0.706147 0.392692 44.575768 56.996569 56.996569 18121109.072218 548.882196
142.890495 331.721158 0.798186 0.414064 52.764606 57.524277 57.524277 6089159.589489 2373.404696
110.289521 236.257154 0.457666 0.319368 77.204226 77.836452 77.836452 270524.943451 33877.372185
129.479909 337.465730 0.733768 0.104868 59.702929 64.392418 64.392418 4415969.996286 2241.571756
113.744538 81.839565 0.209500 0.278549 90.383653 94.794175 94.794175 1429258.597271 3633.030185
103.959304 542.375372 1.720001 0.095773 21.671817 36.898977 36.898977 37825338.119294 207.762563
182.269704 231.578721 0.472124 0.239728 82.161207 82.605597 82.605597 51279.771592 37978.337077
348.594397 454.025935 1.515297 0.117315 47.382583 51.564995 51.564995 4150408.627030 1026.061634
303.938078 358.195572 1.012085 0.171880 63.562845 -1.000000 63.490272 3022.602126 -310954.186585
92.012571 309.927897 0.619106 0.132083 69.387633 69.847518 69.847518 266003.129507 48738.796115
142.839884 489.072352 1.441428 0.257814 50.794776 51.578707 51.578707 634732.583005 15755.105289
291.511748 362.331505 1.037711 0.311398 56.742691 59.702631 59.702631 2227625.833843 3056.408303
151.574598 13.978251 0.168572 0.189502 106.844418 107.659629 107.659629 51202.126432 22869.144419
251.325720 250.153525 0.612350 0.271884 65.966039 71.541809 71.541809 4006186.172035 1473.580111
149.372249 443.272514 1.242071 0.353157 49.559505 51.636904 51.636904 2645400.080690 5300.485378
175.757240 207.804480 0.475380 0.507843 76.469326 78.790611 78.790611 856353.740309 5911.113909
97.185721 173.036538 0.301229 0.227527 84.499541 85.895137 85.895137 582150.042957 15699.730301
579.287961 109.749752 1.065821 0.384369 62.323813 -1.000000 62.262882 2050.373646 -370703.157458
607.682515 78.312431 1.111934 0.283404 61.411010 -1.000000 61.398944 110.042422 -1694609.817988
133.694584 121.861673 0.200811 0.088431 87.616534 97.287208 97.287208 4282770.104322 926.621407
601.083138 260.709121 1.421212 0.167439 48.253901 53.151627 53.151627 4987389.278333 789.912307
83.291584 336.434913 0.770537 0.225049 39.048947 44.335774 44.335774 8594618.894081 4431.637722
187.801926 326.671117 0.766048 0.249321 64.221611 66.567836 66.567836 1448216.475362 4893.781636
199.412607 107.109680 0.351474 0.514243 69.590075 83.823388 83.823388 8462453.169638 266.040543
219.620852 212.612632 0.521480 0.508237 77.712242 78.889138 78.889138 250935.726417 11699.637767
272.279159 414.764175 1.243140 0.355472 47.500490 53.239831 53.239831 7848552.978111 1059.790820
239.607280 436.959188 1.284771 0.300815 51.906681 54.335149 54.335149 2149684.468055 3534.289238
77.697902 380.526122 0.980844 0.312790 25.091481 32.304717 32.304717 12493246.422811 5899.472994
117.037765 198.802838 0.391554 0.372850 80.571671 81.769324 81.769324 451237.724415 16326.421850
97.373321 66.631566 0.243974 0.447816 76.127297 83.197156 83.197156 3116840.313437 2159.006273
94.679226 464.102137 1.283120 0.132445 44.611451 46.696712 46.696712 3475048.449712 7824.099567
430.721015 280.066420 1.040791 0.391025 48.699037 58.211790 58.211790 12703949.259366 326.603348
354.024341 377.580005 1.175016 0.146249 60.021853 -1.000000 60.001953 298.335522 -1032138.088023
462.294586 172.387720 0.844868 0.392532 64.821995 66.560404 66.560404 626339.046346 5473.375165
568.660949 21.054242 0.971278 0.356889 63.280142 63.948492 63.948492 128438.313858 15293.673412
495.264403 301.238991 1.229617 0.156451 49.039764 55.933789 55.933789 7906138.335801 480.142403
385.469273 308.740135 0.993925 0.240564 64.109742 -1.000000 64.065792 1171.004158 -517383.960757
533.356057 131.702958 0.967716 0.362561 56.788228 61.734243 61.734243 4046835.349253 1063.128141
205.258744 512.094103 1.609429 0.110631 42.801400 48.400978 48.400978 8143172.219284 8356.177285
133.301697 228.884803 0.436663 0.226020 73.608620 77.219643 77.219643 2239000.622639 3968.884813
117.256826 479.675411 1.374848 0.212999 50.150707 50.818491 50.818491 699050.126736 22655.410866
240.260149 452.968798 1.330530 0.107200 55.230577 55.984515 55.984515 223094.412791 12488.794219
147.098578 350.826430 0.848650 0.423123 61.770483 62.878038 62.878038 744927.771859 13289.608084
73.370850 186.466027 0.260115 0.060688 95.078010 95.553983 95.553983 76154.651478 51148.648671
477.973177 91.628630 0.735488 0.161027 67.374358 70.030534 70.030534 1063894.687904 3403.785453
130.586143 354.757308 0.881995 0.434081 50.176471 53.796135 53.796135 5094427.082063 3629.656132
496.577831 34.780308 0.777677 0.408709 70.422513 70.470859 70.470859 965.389787 304611.358536
106.928456 305.002565 0.616528 0.114645 57.449564 63.654657 63.654657 6992639.364045 1885.353000
45.488933 395.319896 0.940627 0.058466 23.873641 31.445944 31.445944 10816175.876004 7808.364828
109.318559 430.832771 1.191045 0.290437 29.853479 38.909516 38.909516 19437820.822586 1133.210940
81.272027 182.792160 0.338737 0.232089 53.937269 62.281256 62.281256 7850954.850282 2152.230610
94.635231 252.099672 0.444590 0.090693 62.466037 70.072632 70.072632 7290521.197583 1627.764005
615.928556 246.921760 1.437118 0.273845 53.954968 54.534122 54.534122 138496.852949 15120.433326
237.035495 283.023423 0.684689 0.314233 70.808996 71.875748 71.875748 292957.260389 12106.453778
81.377508 381.692323 1.009205 0.382766 20.009908 30.149236 30.149236 16519439.765532 4024.838425
548.839014 319.600125 1.438508 0.144359 51.247004 53.637454 53.637454 1486229.088953 1936.313928
512.090292 346.354491 1.438404 0.272182 54.346464 54.697325 54.697325 59773.746214 27771.166570
137.403727 393.216152 0.982082 0.157656 44.894191 53.199051 53.199051 13558883.212982 928.047881
411.917607 319.850411 1.105925 0.393858 61.372233 -1.000000 61.310210 2495.039093 -354435.543644
673.433687 110.923343 1.374061 0.203712 48.486678 53.779633 53.779633 5607089.564475 690.066787
114.601325 358.212889 0.787829 0.056329 60.812183 64.791674 64.791674 2890027.109151 2075.609129
530.775873 320.840938 1.394145 0.214724 54.612408 55.216643 55.216643 144817.980354 14778.219268
180.706189 208.856188 0.449168 0.343700 77.352287 80.171547 80.171547 1148535.960682 4611.520498
420.701962 6.918958 0.553467 0.153173 72.125042 76.790521 76.790521 2196093.442411 1344.217411
342.072580 4.158912 0.452558 0.434659 82.531860 83.656917 83.656917 150523.906880 10599.282674
474.956154 11.413815 0.716783 0.399208 72.572308 -1.000000 72.515367 1242.919202 -458211.079132
196.720066 430.421863 1.224309 0.367026 48.933145 52.732022 52.732022 4946791.913502 2311.861070
417.213560 239.969009 0.892386 0.344005 50.716308 61.847586 61.847586 14168912.401137 380.460826
115.431760 353.232084 0.803451 0.202187 61.083253 62.396461 62.396461 1098084.956461 11987.594027
615.483172 112.229076 1.189795 0.319182 50.729758 56.611257 56.611257 6265089.863924 669.480525
153.900846 54.157836 0.136210 0.052161 113.628595 113.637463 113.637463 9.550200 2754061.461920
260.474681 246.657958 0.619752 0.362454 75.293772 75.688838 75.688838 43031.318652 37012.474656
156.409481 473.484961 1.384810 0.229313 42.893399 47.827296 47.827296 8608866.201976 1599.590422
88.144152 353.783514 0.893562 0.406663 31.633473 37.540047 37.540047 10082978.407857 5429.877806
267.153448 269.945646 0.682734 0.327130 73.943954 -1.000000 73.923390 251.951950 -1193230.040868
393.915172 138.997991 0.610170 0.240583 75.264322 75.998553 75.998553 104010.516528 16657.409785
594.564855 98.388257 1.103607 0.300673 52.314207 58.385263 58.385263 6191366.107375 648.935964
239.726887 328.127903 0.838993 0.406934 68.558697 68.567511 68.567511 72.360111 1838292.733385
152.420016 397.439690 1.003482 0.241133 60.202827 61.006043 61.006043 399892.322942 16760.313775
627.801397 141.706157 1.260427 0.317279 57.099074 57.647968 57.647968 113265.287168 17663.838816
82.279331 365.888864 0.942648 0.380129 21.935190 31.905171 31.905171 15981109.178896 3586.692079
175.747571 246.864007 0.569107 0.414768 48.141710 64.862913 64.862913 20703465.042199 236.785317
361.079319 206.825819 0.641785 0.090201 74.292635 74.930783 74.930783 72020.338896 17465.681537
338.480598 264.177388 0.757654 0.129916 60.996233 67.560722 67.560722 5191715.872306 8866.192686
311.808032 396.470183 1.213994 0.264676 42.603410 53.365876 53.365876 18238257.323197 301.116749
481.485459 119.254269 0.801825 0.363388 69.444914 -1.000000 69.316687 6107.433122 -202495.784044
600.042079 124.284486 1.131085 0.155174 51.061770 58.206517 58.206517 7580892.340053 421.291545
300.602827 201.628470 0.569811 0.265181 58.858168 72.356620 72.356620 13720344.759945 244.220181
403.565778 274.284067 0.940525 0.289301 59.528940 62.778499 62.778499 2096600.238110 2046.049817
558.041357 250.533422 1.255096 0.150215 50.230745 55.901790 55.901790 5693807.045212 469.262562
131.467946 155.989337 0.363239 0.547222 82.894440 84.706004 84.706004 511324.772942 9515.552961
243.507432 223.367445 0.549701 0.343497 69.492298 74.530327 74.530327 3062347.688984 1739.575420
152.141489 484.488576 1.440331 0.266856 45.212536 48.145401 48.145401 4471527.202307 3281.061682
142.452199 329.808675 0.758054 0.283370 57.655393 61.548942 61.548942 4196030.936381 7453.656516
584.897984 204.660657 1.231337 0.253866 57.410961 58.097583 58.097583 163186.003864 13452.173074
131.575535 257.715836 0.563103 0.408297 58.148074 64.197587 64.197587 6306581.637902 1989.141549
415.223559 303.479488 1.032887 0.139757 59.139002 61.417424 61.417424 1102837.367059 3153.600347
429.082592 195.248427 0.821144 0.460126 65.632949 67.282630 67.282630 562198.302318 5781.755300
119.167171 281.463846 0.610232 0.405126 65.119113 66.594549 66.594549 1168526.444980 12415.591536
167.183110 246.211526 0.531810 0.380324 72.997061 75.282184 75.282184 1080621.949508 6085.547479
179.657126 233.652069 0.528410 0.479117 74.614949 76.502508 76.502508 704744.703801 7383.395705
181.865352 379.186721 0.982223 0.344610 54.441761 57.920562 57.920562 3727352.779028 2891.389131
582.187292 26.653647 0.982796 0.123269 64.279741 -1.000000 64.156494 5609.041276 -202347.555055
87.573723 272.284820 0.554024 0.206694 40.796306 51.131333 51.131333 13901861.849135 1075.977562
129.727102 398.649426 1.037206 0.393602 52.728709 54.151768 54.151768 1717813.814301 7973.783227
114.362095 283.586615 0.650880 0.422152 40.851522 51.482421 51.482421 14967470.292046 1033.378279
248.086711 337.076821 0.887102 0.270356 48.625826 59.533817 59.533817 15506762.242607 455.855431
132.472629 368.591641 0.943564 0.391033 39.037242 47.875707 47.875707 15860790.259523 1004.563585
68.851298 138.787386 0.342483 0.492266 43.864494 51.282248 51.282248 5430637.981841 6421.421125
662.666501 274.718940 1.663901 0.100126 48.026772 50.664645 50.664645 1715344.501772 1665.873556
301.627428 358.555967 1.055959 0.353921 47.834872 56.574462 56.574462 12403396.629377 472.855133
266.966635 166.104543 0.457042 0.282233 60.888757 77.514245 77.514245 15585162.856260 117.851341
122.825451 520.785423 1.616844 0.141067 24.033074 38.800432 38.800432 37063483.164373 235.699645
179.285662 340.362120 0.829072 0.437615 65.834170 66.489758 66.489758 215885.406161 21833.221407
109.234741 109.005641 0.206268 0.182487 85.017043 91.923077 91.923077 3252707.856956 2048.525989
316.232843 90.947999 0.458196 0.452702 78.627935 81.842532 81.842532 962099.654643 3032.774702
160.544224 43.013278 0.131521 0.040004 114.263400 -1.000000 114.240954 39.384219 -1867448.042011
82.104020 178.010139 0.304888 0.171465 62.415153 69.643354 69.643354 6277154.285092 2302.135855
89.775658 470.589620 1.396770 0.285056 15.259747 28.402626 28.402626 26254547.948273 1894.927498
119.059993 125.925061 0.226788 0.156849 70.327819 86.448928 86.448928 11274931.010815 474.339132
31.304525 60.796338 0.117996 0.078078 34.369547 46.395296 46.395296 5113530.724910 9362.094299
139.413423 74.920046 0.219209 0.265686 73.736512 90.629383 90.629383 9688991.153734 347.240259
158.083109 230.203195 0.500415 0.433718 72.001463 75.102691 75.102691 1711337.797094 4358.681743
152.992458 117.098048 0.325731 0.536534 84.393666 87.836679 87.836679 950391.207813 3812.386592
86.524041 65.690081 0.142157 0.128674 83.767820 93.814065 93.814065 4894576.397903 1455.847663
69.709852 194.579629 0.317480 0.116685 55.555423 63.785824 63.785823 7804546.425698 2296.774660
282.027340 306.132066 0.856340 0.453480 52.488473 61.280006 61.280006 10591974.218089 499.332790
80.866591 51.207953 0.212765 0.366721 72.998873 79.667971 79.667971 3206341.650759 2841.145914
112.457907 342.448494 0.842556 0.451143 46.617046 50.074250 50.074250 5273420.714426 4980.409274
203.907806 237.146590 0.501765 0.175074 71.930493 76.844263 76.844263 2904694.967461 1989.644612
78.574568 382.746090 0.902538 0.120968 49.236560 50.598517 50.598517 2012109.889064 22757.219392
400.900754 68.004955 0.511249 0.056317 81.280476 -1.000000 80.972582 12973.602077 -113718.883373
126.584688 338.909105 0.804958 0.306257 43.954568 52.366207 52.366207 13444345.634957 1117.986314
138.113275 210.830411 0.412771 0.310990 80.374876 82.029337 82.029337 591567.093526 10178.692593
104.846907 585.842554 1.953067 0.037699 44.452668 46.203855 46.203855 1197941.357950 4179.255843
195.941525 131.291229 0.347644 0.427831 88.009582 89.476846 89.476846 229831.734369 9870.181925
525.294494 265.761059 1.216853 0.273545 53.383930 56.743332 56.743332 2597515.323379 1781.638111
286.134592 313.278144 0.844861 0.253515 60.079165 64.284501 64.284501 3241526.076667 1961.253212
93.566510 13.144154 0.170137 0.251227 71.080536 86.638676 86.638676 8154782.924516 650.078687
235.833970 464.968607 1.404686 0.256993 52.833019 53.866681 53.866681 539647.496167 9689.889665
195.227686 255.614881 0.616627 0.484423 55.002826 65.871275 65.871275 11943098.120196 529.374108
461.789417 20.747509 0.693642 0.441592 73.332833 -1.000000 73.234066 3229.603832 -274527.134174
59.363120 235.516007 0.429186 0.141079 38.610258 46.327591 46.327591 8476833.198231 4918.645989
93.661146 217.190430 0.484487 0.516977 54.161625 57.941179 57.941179 3722018.130319 6768.201953
119.043300 404.003533 1.108278 0.402669 19.738484 37.411518 37.411518 33915002.041887 480.009885
141.198969 388.317626 0.993693 0.386760 55.408093 56.981374 56.981374 1593636.518499 8664.325504
100.562980 166.670866 0.315514 0.270381 69.591971 75.641963 75.641963 4403071.286192 2615.487453
155.294808 468.191578 1.345690 0.290938 52.599192 53.450738 53.450738 617454.456139 14286.915348
96.029615 323.235816 0.696264 0.187887 55.989418 58.417408 58.417408 2967296.061363 7379.964640
162.646284 305.324779 0.731267 0.486041 56.783963 61.792437 61.792437 5367546.053917 2127.707389
71.881599 258.316995 0.584944 0.436092 35.866959 40.310622 40.310622 5356816.379988 15723.104359
264.393801 394.957487 1.137651 0.317177 50.862174 55.795431 55.795431 5765368.152927 1495.257301
69.247111 100.492767 0.262992 0.390218 56.414526 62.625173 62.625173 3958528.291723 5665.373744
94.075067 256.683371 0.428696 0.042201 85.998946 -1.000000 85.897677 3075.866563 -296168.072169
310.844210 227.181186 0.606972 0.142203 76.990125 -1.000000 76.929732 1277.085631 -457148.050926
329.685730 360.585951 1.083797 0.208277 50.572552 57.556264 57.556264 8388203.879655 680.443868
420.140990 99.728151 0.615362 0.211691 71.157234 74.289878 74.289878 1274136.655167 3056.146169
179.812831 328.275650 0.785461 0.320893 58.451214 62.854162 62.854162 4326162.902529 2313.224605
338.530271 488.865923 1.668679 0.111840 51.731295 -1.000000 51.683632 1790.324394 -407299.684466
602.961551 56.174192 1.080394 0.202672 54.043457 59.383294 59.383294 4748328.040181 803.828500
205.022519 329.794154 0.800055 0.284257 63.406287 65.729899 65.729899 1419243.837506 4840.440886
640.858270 174.449586 1.355959 0.286838 56.407510 -1.000000 56.314209 5289.827105 -230256.765206
396.719998 225.188952 0.776728 0.164636 59.625798 66.829688 66.829688 6170355.499211 502.487990
286.595889 329.899226 0.919655 0.288982 43.037130 58.769030 58.769030 25579816.625167 108.940840
123.214653 275.899461 0.582080 0.327738 64.710785 67.338660 67.338660 2228249.715874 5871.956830
83.436274 231.718742 0.432080 0.215753 63.056731 65.153330 65.153330 2015538.152941 13529.278237
126.507841 206.315972 0.429885 0.503215 83.778608 84.035522 84.035522 34923.127554 80532.232201
302.076742 189.654199 0.585101 0.497376 69.792295 74.144819 74.144819 2201457.308663 1928.389893
215.610570 466.105800 1.415574 0.267860 33.442261 46.830621 46.830621 29871354.254432 191.783049
88.876960 235.102427 0.431524 0.166882 55.315625 62.844311 62.844311 8277323.420586 2195.858559
339.788102 438.115980 1.437223 0.270954 51.667160 53.287904 53.287904 994198.744148 4916.443442
106.958216 415.522219 1.138506 0.393334 36.340295 40.716460 40.716460 8845466.954993 4161.527467
56.071064 203.685420 0.372492 0.181810 33.687173 43.129817 43.129817 8768616.198995 5292.326891
124.569541 368.755947 0.895141 0.219284 42.832418 51.327008 51.327008 14443232.744814 994.082566
136.407066 344.601784 0.802091 0.216991 49.288023 56.842541 56.842541 10946845.394659 1172.643534
453.445490 283.720327 1.085330 0.297618 55.144027 59.049067 59.049067 3146584.722269 1610.068326
419.480695 2.723628 0.578833 0.324282 76.551381 77.361958 77.361958 113340.942468 14769.260698
93.117670 84.616252 0.181470 0.194245 84.357503 91.032757 91.032757 3122492.319113 2468.392812
99.986023 176.408163 0.343327 0.259537 36.463002 62.508552 62.508552 25270024.269094 240.596235
