118.471067 390.198174 1.054716 0.410834 6.188835 36.561954 36.561954 45087920.569625 293.483792
430.475427 451.744561 1.689240 0.186337 42.501361 48.492047 48.492047 8572113.131374 559.269002
215.647813 374.807582 0.953866 0.177795 2.001518 -1.000000 65.295237 103361234.470909 -140.121124
81.658848 279.949101 0.647295 0.389649 4.938369 34.351324 34.351324 25295452.365675 1219.184036
49.147176 173.428990 0.359370 0.301567 3.866084 30.263288 30.263288 11256430.881977 4917.654470
165.005382 218.309167 0.400694 0.133733 7.377897 -1.000000 88.312776 89184941.998796 -140.968999
75.327845 353.163069 0.851160 0.228990 4.390718 30.698478 30.698478 27720484.813926 1316.205902
78.159059 244.967539 0.454348 0.131997 4.169519 48.644091 48.644091 37459096.774994 228.178371
67.234074 338.521471 0.847072 0.385078 5.095818 24.882922 24.882922 17719568.883890 4551.442754
114.684902 411.360015 1.082295 0.202275 10.500775 40.537726 40.537726 52520162.522325 63.739448
445.834366 409.406148 1.527791 0.176111 38.002469 50.071558 50.071558 22686175.934865 54.341945
88.434604 488.747443 1.491601 0.270973 6.077908 25.963544 25.963544 32939466.296655 1510.156423
241.552283 333.814329 0.832775 0.200866 7.262740 -1.000000 68.789953 99854530.629805 -141.494316
130.386878 462.551205 1.353644 0.275593 10.090085 37.623185 37.623185 55789835.806918 64.610827
450.749424 457.734747 1.763680 0.149193 37.973141 47.499679 47.499679 17218109.597367 137.404912
388.758964 257.821536 0.845291 0.236302 17.340988 -1.000000 68.414670 89603527.139674 -149.478773
112.526588 396.178114 1.065267 0.356891 9.878807 35.997177 35.997177 41934211.270928 497.469996
90.781768 287.819816 0.681295 0.428175 4.777742 36.262544 36.262544 29229838.412045 873.432211
56.889699 410.463632 1.028367 0.086788 4.555581 28.034364 28.034364 25828674.717922 1840.270103
97.154224 232.078503 0.471328 0.263387 7.636240 50.675095 50.675095 39520871.764242 60.849419
476.792733 342.954141 1.326506 0.249658 12.825475 -1.000000 57.169874 96810372.587225 -147.440403
365.368086 455.237671 1.555313 0.216592 8.652730 -1.000000 53.427099 102691076.558734 -143.692246
98.146996 487.128413 1.478757 0.261702 6.148611 28.779372 28.779372 39690921.948225 740.769618
341.889414 348.653615 1.055823 0.298325 9.853942 -1.000000 62.719350 99836027.158358 -156.207074
98.062725 457.127031 1.279172 0.148123 6.768100 35.315405 35.315405 49198751.381176 313.068018
294.880828 300.603983 0.792936 0.175562 14.866045 -1.000000 70.083831 92466660.799306 -146.190240
438.048146 418.751174 1.557034 0.213037 39.174235 49.412987 49.412987 18651486.536061 172.579814
128.217783 512.957705 1.602170 0.210707 7.944395 36.032883 36.032883 61163028.261358 105.673002
443.174246 414.742088 1.553206 0.232587 40.918534 49.566827 49.566827 14623987.480738 307.768423
94.257890 379.455943 1.001960 0.377169 8.550937 31.510682 31.510682 31329579.048552 958.163045
97.414182 317.901444 0.766333 0.377079 4.458411 37.008242 37.008242 34775804.004182 558.405768
62.992301 288.459531 0.649767 0.301889 4.796337 28.130494 28.130494 17727501.232515 3458.897347
87.261984 260.270811 0.519090 0.184203 6.893796 46.904161 46.904161 38523703.565549 185.544081
554.623751 254.592658 1.258374 0.251907 15.515478 -1.000000 58.412239 92302402.729873 -150.505497
235.271035 273.118276 0.630114 0.207450 10.696983 -1.000000 76.173248 94220243.523783 -142.804089
216.064793 213.771257 0.484526 0.348477 10.523378 -1.000000 83.236271 86548556.069338 -142.234214
111.365586 343.614815 0.838084 0.309341 5.445234 41.172033 41.172033 46185027.640689 152.511094
87.242828 308.328024 0.762601 0.481189 7.342412 32.442187 32.442187 25270490.163176 1447.952952
519.655790 307.660729 1.326261 0.334841 12.559357 -1.000000 57.142007 97255625.210967 -146.842329
244.595634 487.847589 1.519270 0.183170 2.224832 -1.000000 53.978026 107327585.026906 -140.221924
95.257440 302.628023 0.727082 0.422136 4.915379 36.638426 36.638426 31877629.111294 679.556892
83.033135 498.737859 1.502286 0.155289 3.797568 27.882177 27.882177 38368935.742497 923.618819
72.409681 291.107433 0.712349 0.497089 5.885172 28.115145 28.115145 18012140.739451 3404.709562
235.265899 397.444198 1.074071 0.195339 3.380544 -1.000000 62.319540 104389248.848809 -140.324293
52.715849 119.556761 0.294098 0.372471 4.007298 35.732303 35.732303 11653900.791609 3142.476233
260.344005 327.394260 0.862487 0.401823 4.331744 -1.000000 67.909339 100357382.431731 -140.499338
584.831459 208.462942 1.228978 0.185021 19.023213 -1.000000 59.000179 85205506.129043 -156.499700
75.430860 209.635531 0.429134 0.291742 0.000169 41.493801 41.493801 25390489.029307 inf
439.313139 398.506612 1.453230 0.211976 11.934694 -1.000000 55.018506 97894127.349516 -146.885216
411.617360 412.533749 1.478174 0.273994 39.097496 49.934545 49.934545 20252701.937122 167.266868
130.517195 351.434674 0.880640 0.355020 10.315985 44.692859 44.692859 52441267.079801 44.169357
499.233691 229.279620 1.041736 0.306499 16.298811 -1.000000 63.052072 91226515.494311 -149.867554
116.377331 474.694078 1.407612 0.251052 10.449471 34.560270 34.560270 48836417.554910 315.114745
87.680381 433.515669 1.223787 0.307498 5.843206 27.612026 27.612026 31062190.018561 1467.875698
427.650874 332.527460 1.180587 0.362445 11.265781 -1.000000 59.965757 98696348.945493 -144.650151
91.403497 422.598782 1.110245 0.142480 2.290249 35.842467 35.842467 46623125.707354 248.558186
435.732472 432.651244 1.610137 0.176612 39.158401 49.020513 49.020513 17603709.200818 167.832044
399.219880 411.590006 1.429938 0.168239 37.372446 51.247484 51.247484 26623058.814485 239.599085
565.077604 384.222033 1.742671 0.157041 37.243476 48.035240 48.035240 20114322.376812 2696.592316
76.489563 388.230619 1.023341 0.316438 7.030159 26.673222 26.673222 23853357.843296 2497.296787
433.422853 415.580336 1.533217 0.223547 39.825828 49.686601 49.686601 17589802.370064 215.104272
436.566162 315.362995 1.135694 0.306783 12.771402 -1.000000 60.914545 96701566.096822 -146.375285
365.146107 267.262864 0.822384 0.223021 16.918676 -1.000000 69.146862 90161375.990598 -149.294602
676.216132 240.250714 1.618915 0.173400 17.624671 -1.000000 52.541006 85025086.011478 -157.366538
67.927538 119.458652 0.337346 0.543261 3.459140 41.885101 41.885101 15763299.206325 5754.751751
95.070737 376.000259 0.980636 0.353591 8.732007 32.514152 32.514152 32638605.766858 817.588063
446.159309 215.734354 0.890068 0.411992 17.256022 -1.000000 67.065765 88563192.821009 -149.203926
474.679573 334.235958 1.290459 0.262559 12.893903 -1.000000 57.820591 96740499.356507 -147.291447
396.489765 414.662857 1.441436 0.188504 38.301902 50.863592 50.863592 23669120.408665 97.795213
88.999451 263.780511 0.586221 0.349279 4.351880 39.887246 39.887246 30946118.070604 579.601329
417.530770 318.050825 1.099108 0.287749 12.854433 -1.000000 61.729688 96526863.097956 -180.860707
96.915877 427.170342 1.175413 0.256330 8.176992 32.208288 32.208288 38486073.677452 594.499729
125.977904 316.392074 0.778880 0.454544 10.010913 44.683472 44.683472 46110167.900207 63.686453
