176.999698 421.516042 1.144194 0.305069 55.320686 56.825239 56.825239 1136329.356014 7552.480346
51.553771 286.074393 0.558751 0.103780 28.028426 37.291617 37.291617 10722002.612106 5460.669658
173.753064 250.303748 0.563346 0.446811 69.540266 72.665410 72.665410 1823619.905932 4011.332827
186.023773 401.043072 1.068371 0.224721 42.496618 52.909303 52.909303 18151455.049122 515.465808
134.375866 380.551224 0.973202 0.325729 42.066217 49.509436 49.509436 13117997.563867 1153.641412
445.025521 456.850691 1.734218 0.150343 50.915875 -1.000000 50.883541 927.256529 -561563.437997
651.172800 63.833035 1.249457 0.243463 55.601072 57.185938 57.185938 694802.561704 4772.225638
400.533636 57.845900 0.557780 0.285815 63.985915 74.744861 74.744861 8842498.002655 317.019659
75.368455 442.394827 1.154002 0.056932 28.258196 41.800057 41.800057 24839685.431725 675.518919
72.171227 422.767715 1.131214 0.219246 30.189175 33.438001 33.438001 6510232.387621 18161.925642
65.163698 203.201077 0.440965 0.404082 36.246810 42.376899 42.376899 5823364.010610 11329.261531
358.760012 381.324091 1.225771 0.251767 49.986723 55.203534 55.203534 5866621.721906 714.070905
122.973147 201.345588 0.399945 0.288582 57.807296 69.622922 69.622922 11511316.510162 764.484849
85.639933 9.982776 0.242750 0.530817 71.900999 79.330721 79.330721 3069774.282289 2285.935872
98.083578 185.580551 0.338328 0.271449 80.000646 81.400091 81.400091 697456.795893 15970.356385
120.863277 523.744000 1.611749 0.173604 46.663644 47.689648 47.689648 1175674.780256 12711.731242
478.904933 214.793782 0.974344 0.408986 61.559604 63.063445 63.063445 559797.877851 6027.273027
127.987441 276.891821 0.629205 0.509376 60.419415 63.392412 63.392412 2814671.111876 5059.500004
67.332113 111.830673 0.244801 0.277330 50.955996 60.703974 60.703974 6833591.286266 2823.531938
90.886801 16.056274 0.232112 0.550043 101.315148 101.361377 101.361377 780.800773 561083.910618
565.979535 15.130384 0.960018 0.363624 65.003362 -1.000000 64.958070 1078.130893 -507086.863638
73.157254 261.523698 0.485600 0.112225 39.301387 52.056280 52.056280 15748804.800908 1179.650844
94.426619 49.170809 0.180849 0.265277 85.611236 91.944960 91.944960 2530883.136209 2581.066345
165.646466 154.216507 0.309045 0.192459 59.226315 82.809608 82.809608 21167138.332082 95.967344
184.243506 459.255841 1.333860 0.268032 48.115483 51.394138 51.394138 4190925.298161 2704.270902
365.230131 433.594811 1.439969 0.090769 54.932706 -1.000000 54.794431 9647.121608 -156646.066267
377.076923 192.935384 0.672331 0.207254 62.799473 70.212748 70.212748 5923159.837734 804.373925
231.875196 313.334227 0.776432 0.234748 52.340957 62.857465 62.857465 13369895.219902 473.617308
112.834283 339.342961 0.791963 0.231538 30.347810 47.339057 47.339057 28817318.840484 305.247646
112.136136 214.502766 0.457659 0.444162 62.189009 66.992356 66.992356 4182679.518585 2170.096887
314.338302 282.398438 0.804955 0.414915 68.635154 68.958424 68.958424 36356.189048 41262.725330
139.716419 357.646175 0.922343 0.454466 34.519564 47.117422 47.117422 22737400.896837 468.850639
355.347383 445.907719 1.505418 0.235988 47.097158 51.029666 51.029666 4374288.168885 1538.219915
203.712341 222.704640 0.494513 0.344475 80.153690 80.889480 80.889480 118234.447389 20821.374273
136.952838 301.072599 0.674329 0.286598 46.200322 57.616018 57.616018 16446357.159844 599.323102
316.442066 339.525859 1.015050 0.374606 43.506951 56.823543 56.823543 21668473.421520 173.996679
92.912964 270.356736 0.624746 0.429597 19.907788 40.613323 40.613323 24163023.756745 785.092144
500.667122 321.077359 1.306892 0.193122 57.249859 -1.000000 57.141442 6666.799937 -198459.999505
89.800526 316.405831 0.731061 0.322520 37.450967 44.098383 44.098383 10300719.936070 3215.221575
53.972485 269.483629 0.456916 0.032894 58.688481 65.480034 65.480034 5520613.344761 2615.997161
258.426963 234.843979 0.575736 0.305247 78.465589 78.493465 78.493465 349.663711 638463.093970
194.944032 224.856307 0.515057 0.485275 80.243853 80.547596 80.547596 26429.560737 55573.480803
377.582364 242.902995 0.829806 0.473597 61.566646 65.429589 65.429589 2508068.524089 1971.489623
446.014779 96.707796 0.690114 0.354258 72.656547 73.069747 73.069747 40882.344380 30674.928341
411.530379 186.661750 0.725319 0.176430 62.111082 68.766768 68.766768 5130980.184406 696.208363
373.097197 131.302124 0.531384 0.095428 74.539083 78.442820 78.442820 1459148.011490 1574.426212
106.392164 245.920036 0.545370 0.443936 46.346300 55.062381 55.062381 10448056.969815 1539.301452
414.480326 60.652447 0.564304 0.199049 77.173374 78.041267 78.041267 125640.328395 13617.654715
130.177188 445.675208 1.231643 0.316693 51.307372 52.320218 52.320218 1138731.386312 14069.726274
76.518085 323.154889 0.775340 0.371408 29.417694 35.768143 35.768143 9470384.051533 7404.230956
186.789736 112.127300 0.251960 0.169565 97.481036 98.439379 98.439379 93474.156527 17409.857861
578.471780 178.816253 1.127069 0.000024 58.127978 62.021619 62.132515 567584345.455616 -1991.014744
219.191980 260.628446 0.581567 0.227376 77.059106 77.409056 77.409056 35868.448164 44221.965114
140.578335 281.223582 0.639488 0.372584 40.728021 56.676018 56.676018 22851240.748193 328.916916
84.426435 69.098159 0.281110 0.559120 47.223163 64.953452 64.953452 10155301.228144 774.242977
89.689092 263.501853 0.566210 0.296904 22.087661 43.897911 43.897911 25828859.192444 556.808522
191.517692 411.945024 1.103195 0.244545 57.520115 58.793021 58.793021 721219.954913 8763.733001
492.782364 261.276356 1.115195 0.349489 61.057921 -1.000000 60.942067 7132.995102 -196138.189741
249.775270 345.565246 0.906879 0.209103 50.409053 59.947504 59.947504 12669512.908253 485.949007
294.880828 300.603983 0.792936 0.175562 14.866045 -1.000000 70.083831 92466660.799306 -146.190240
139.910217 274.545006 0.558189 0.181430 59.866922 67.697859 67.697859 8234534.528292 1205.925636
267.632075 521.959280 1.744749 0.124800 43.415141 47.797279 47.797279 5504520.030446 1065.276247
206.915572 468.736485 1.395057 0.292863 52.524253 53.579179 53.579179 636568.597636 10241.867794
599.169126 291.450292 1.514164 0.226246 47.946240 51.751095 51.751095 3650513.768698 1138.392449
142.053443 341.702668 0.772450 0.181252 61.556584 64.277093 64.277093 2226606.024946 4468.253496
345.362391 302.545746 0.925402 0.424359 63.271768 64.386445 64.386445 355989.768634 9500.290659
545.840678 420.391254 1.833891 0.116400 46.048148 48.415972 48.415972 1667151.286484 1860.067476
150.996064 379.427594 0.972465 0.282274 35.112619 49.516775 49.516775 27400025.162695 311.418934
92.542980 242.754569 0.529247 0.372175 27.971536 46.330527 46.330527 21187025.045115 775.870128
111.994049 78.027302 0.226808 0.356146 89.578407 93.299935 93.299935 1097677.062034 4523.571331
681.708705 201.789359 1.553497 0.220059 52.242661 52.812520 52.812520 135880.933438 15299.121795
332.010282 386.130610 1.216925 0.338003 41.695666 53.119101 53.119101 19933804.850871 216.348180
574.064488 358.275109 1.653180 0.131394 51.926193 -1.000000 51.862486 2717.136519 -308679.084589
623.328261 293.047445 1.582907 0.102479 48.907623 51.683904 51.683904 1832724.563520 1470.132026
128.840139 431.436317 1.135282 0.230702 57.945656 58.280852 58.280852 154854.433346 44498.243339
85.043258 157.402038 0.298975 0.235207 41.924193 61.597974 61.597974 17350840.675243 616.000583
70.866169 43.918660 0.095926 0.067905 97.906362 104.726200 104.726200 2231095.147068 2715.768582
184.300201 216.889853 0.527105 0.532225 48.173536 67.589964 67.589964 21810337.736309 225.127525
489.471136 91.690128 0.791116 0.318600 65.332631 67.894284 67.894284 1124975.158587 3906.437562
129.760609 512.598000 1.574334 0.218963 41.993208 44.802721 44.802721 5016989.632787 3750.175607
113.287179 333.833965 0.805592 0.346173 30.066938 44.861040 44.861040 24653970.689603 525.925695
462.158944 254.319427 1.024162 0.388198 62.300610 62.751349 62.751349 71945.463778 24723.782122
151.540185 196.167385 0.351019 0.131202 77.716260 84.071073 84.071073 3607409.762016 1648.883731
91.395798 87.399450 0.229927 0.380021 92.587851 93.636404 93.636404 241001.894618 23317.898077
177.803926 313.385268 0.696764 0.200581 70.328878 71.223486 71.223486 260199.052945 15632.583001
70.203361 398.358813 1.025707 0.208135 20.263098 30.025735 30.025735 16313299.162129 4162.508743
107.651373 273.048990 0.609132 0.480927 59.162761 60.834846 60.834846 1693707.083171 13936.168421
118.182875 408.844376 1.041857 0.204714 51.513578 53.792743 53.792743 2956413.407176 5875.337703
599.906198 131.337576 1.128566 0.104451 59.063067 60.181624 60.181624 290983.911016 25435.061262
383.159176 61.186459 0.527091 0.341551 78.736469 79.702595 79.702595 141998.114902 12376.977581
521.473672 45.587562 0.850657 0.331338 56.941325 64.418495 64.418495 7016937.714350 534.318544
62.084702 155.475556 0.384590 0.511767 7.682204 35.321351 35.321351 13309302.791314 3082.464064
159.012415 137.988569 0.316222 0.346697 77.905468 85.380965 85.380965 3813163.636448 1347.068380
114.686195 230.834293 0.386132 0.088947 85.689669 86.549690 86.549690 163802.083400 20851.062169
323.208446 299.204748 0.868575 0.303553 57.598839 63.154214 63.154214 5043763.150174 1182.325612
194.656310 447.913294 1.295684 0.282649 45.705961 50.825715 50.825715 7829379.742359 1396.921721
441.576703 89.733238 0.655165 0.222386 70.642170 73.020795 73.020795 835800.379231 3750.894258
97.435938 338.682993 0.749169 0.189833 56.779302 58.477187 58.477187 1993927.470741 11187.551745
77.218651 108.516916 0.162887 0.111356 100.282994 101.473874 101.473874 292235.916961 21547.477943
92.348370 521.034177 1.622546 0.159510 20.624871 31.884789 31.884789 27353219.253706 1155.591506
589.357633 150.860090 1.143035 0.284897 60.630001 -1.000000 60.582953 1342.361430 -462786.715702
115.738721 350.222150 0.845260 0.412061 55.454589 56.528558 56.528558 1250971.963229 19549.580632
151.182303 339.217568 0.773893 0.234624 65.440359 66.699144 66.699144 651721.118791 11102.671906
115.967559 487.313558 1.424158 0.235516 47.488525 48.343473 48.343473 1142376.248433 18354.869175
233.226224 378.676648 1.049249 0.351478 39.222155 53.520007 53.520007 26198896.893312 246.999858
399.987759 252.550918 0.861821 0.286703 67.812781 -1.000000 67.784660 460.706149 -846987.094144
214.309892 474.311369 1.424066 0.269822 53.849960 54.292926 54.292926 137641.591362 25372.201918
65.986983 172.862173 0.253073 0.086544 76.122891 79.063670 79.063670 1940694.373631 8452.225169
375.035036 111.092985 0.540449 0.261821 78.064466 79.023987 79.023987 149034.397536 12594.596502
156.512886 513.616557 1.570540 0.142684 48.690024 50.144815 50.144815 1209911.297519 6768.901738
84.794738 385.272072 0.949357 0.177523 33.259031 40.716400 40.716400 13790147.395892 2344.518246
212.466210 381.650729 0.969528 0.067931 56.384531 61.641078 61.641078 4102473.713691 997.436011
84.326920 122.141020 0.223495 0.202290 76.140758 81.667593 81.667593 3323071.925537 3444.196787
514.134531 176.836075 0.967305 0.210666 54.366693 61.477070 61.477070 7105913.701959 515.177370
154.558740 373.833753 0.897388 0.221327 65.900121 66.052110 66.052110 18913.637001 102243.978640
125.128775 414.304066 1.107174 0.267913 35.193124 44.603129 44.603129 19106222.262921 817.273181
460.403285 336.300612 1.267340 0.224169 52.722539 55.836002 55.836002 2381047.883384 2014.247178
345.416047 105.327339 0.460323 0.177335 84.246335 -1.000000 84.115921 3839.763151 -240222.693329
559.634847 60.834233 0.960442 0.341142 63.064273 63.999682 63.999682 230257.931318 10534.184131
70.793648 119.703837 0.218534 0.185739 63.470710 71.174353 71.174353 5454808.235752 2764.312417
102.336803 204.832339 0.349440 0.202239 88.132283 88.436845 88.436845 57234.475236 75081.535933
145.121193 276.825537 0.615425 0.446632 66.683096 68.944181 68.944181 1537938.519180 6453.959355
384.603927 307.771468 1.010171 0.393436 62.637158 63.058750 63.058750 67512.086736 27533.333944
646.796009 20.786052 1.212053 0.213732 55.284697 57.595427 57.595427 1276417.245901 2735.242690
71.249400 58.072913 0.260967 0.507070 49.403279 61.372691 61.372691 6500443.733296 2280.330727
646.045056 84.189930 1.237084 0.182893 58.589367 -1.000000 58.480612 5924.271406 -205758.465755
228.073601 362.444895 0.967187 0.444653 60.213505 61.777482 61.777482 860821.107533 7231.198787
141.908017 244.105148 0.523629 0.394238 64.680659 69.632132 69.632132 4144058.537924 2546.290489
168.809478 417.669767 1.145482 0.295293 39.976628 49.366741 49.366741 17829411.507211 665.433467
140.858104 195.624727 0.419842 0.403049 64.809532 73.209420 73.209420 6755117.388938 1152.849252
85.659202 293.539275 0.606582 0.206360 54.046113 56.414733 56.414733 2994860.438309 11079.104193
97.375617 282.705444 0.600990 0.257030 42.256151 51.820047 51.820047 13377492.467972 1377.875496
300.477630 199.965477 0.613415 0.516739 59.140166 70.482238 70.482238 10537483.154952 324.113226
237.462971 361.096285 0.968362 0.423487 61.017858 62.303183 62.303183 596430.145275 8888.701991
263.009189 278.076853 0.713973 0.362159 68.356932 70.116975 70.116975 679945.588225 6595.094622
304.888463 125.548391 0.443801 0.284541 79.694596 82.666289 82.666289 917160.844071 3313.958279
102.297551 127.175223 0.215120 0.166718 92.659828 95.288493 95.288493 848445.366733 7398.681155
648.244182 203.065363 1.421352 0.096726 55.463254 -1.000000 55.433509 535.185286 -700867.032745
179.520257 453.675069 1.297837 0.191577 41.640724 49.593921 49.593921 14305894.280693 753.126488
116.008179 496.088343 1.508812 0.216130 13.660752 34.666935 34.666935 47083783.182584 238.212173
93.347775 387.512305 0.893649 0.062565 62.916540 63.706833 63.706833 332399.433667 18798.121597
453.027308 109.493487 0.731246 0.357732 61.426974 68.261138 68.261138 5400419.220565 633.513267
101.074982 181.324902 0.321590 0.266446 88.489612 88.897161 88.897161 96320.774280 58504.331117
281.060903 16.136832 0.335201 0.313163 92.191799 -1.000000 91.892434 12253.642257 -120753.538242
83.557649 336.690784 0.786926 0.233881 17.968838 36.581890 36.581890 26295722.053359 885.491123
149.813393 301.637815 0.710066 0.439083 52.241183 59.325248 59.325248 8946095.697913 1347.558979
136.236067 553.780005 1.799544 0.114703 35.766227 42.407432 42.407432 14064111.288029 850.492044
260.722859 310.511575 0.828387 0.389531 55.498509 62.490956 62.490956 7527749.438196 942.198121
104.278298 347.163520 0.886219 0.441199 18.539491 37.041412 37.041412 28459392.130301 808.255712
69.510217 111.425455 0.256943 0.335852 62.287227 66.297822 66.297822 2618602.463283 9655.585052
137.923858 360.796711 0.908759 0.427637 48.725137 53.273785 53.273785 6689392.136623 2506.708361
601.133826 200.724172 1.280632 0.314796 56.784685 57.294266 57.294266 101698.198848 19120.288182
74.380742 312.743840 0.622782 0.062781 14.149584 49.844059 49.844059 42104846.018265 61.385817
132.093261 415.845264 1.112973 0.292866 42.587425 48.132966 48.132966 10063594.241191 1791.904622
280.373205 66.783360 0.361107 0.336576 87.813911 89.254709 89.254709 203048.304607 8634.541535
127.843201 303.677099 0.648708 0.247155 64.152143 66.644889 66.644889 2068203.657021 5801.724600
608.373793 106.870947 1.139399 0.228865 59.369061 60.035076 60.035076 140865.327265 14214.646188
126.931186 113.926064 0.231122 0.258251 101.971500 102.006001 102.006001 334.769973 699313.330101
61.367930 112.631306 0.207780 0.168917 48.802051 61.403233 61.403233 8903492.579985 1762.174532
463.009083 40.537681 0.660210 0.153650 70.250486 72.906116 72.906116 964101.838046 2876.096421
93.520218 137.243112 0.306472 0.371622 51.015450 65.775459 65.775459 11671154.418976 817.883733
613.515384 137.522990 1.204019 0.255482 55.334034 57.646437 57.646437 1313228.198740 3190.539628
463.533252 137.360682 0.761564 0.234134 71.082863 -1.000000 71.062838 202.568460 -1216102.062202
463.109875 394.959528 1.501296 0.263720 54.192303 -1.000000 54.171251 426.416692 -874259.289768
168.185023 247.913192 0.524643 0.291428 68.488395 73.219963 73.219963 3368845.091364 2395.942097
103.155275 322.629584 0.719223 0.291487 57.561148 58.841430 58.841430 1459092.511757 17961.663270
322.425919 126.937387 0.441580 0.138939 79.897942 83.112534 83.112534 1009057.944800 2737.675820
254.000987 159.977611 0.429314 0.278944 59.772656 78.801860 78.801860 18068410.572451 118.258192
565.035538 108.812962 1.011654 0.283206 62.284587 62.945952 62.945952 129931.378122 15235.956404
159.235831 221.014160 0.453291 0.354783 82.178083 82.789886 82.789886 101277.369135 28678.364379
595.475392 221.474130 1.296780 0.168316 54.284372 56.216599 56.216599 965477.555001 3677.119512
125.586371 321.548109 0.685267 0.196900 69.370465 70.109122 70.109122 306769.063960 22289.557785
108.395182 270.288755 0.581427 0.302508 38.689923 52.873887 52.873887 19429986.941674 592.461977
287.870699 129.062045 0.411340 0.216417 74.235055 82.561083 82.561083 4880296.712338 678.322560
141.389812 399.887730 1.054673 0.328442 43.457792 49.680636 49.680636 10880948.031714 1492.717181
647.577646 165.273296 1.338552 0.043716 56.547189 -1.000000 56.208122 26558.059464 -80224.226105
93.956674 265.995077 0.587689 0.410751 48.309331 52.540714 52.540714 5301200.441581 5672.890372
215.203820 422.456689 1.181132 0.284568 56.017362 57.318677 57.318677 750733.326550 8193.895903
83.525870 26.002675 0.253808 0.557887 66.097083 75.029636 75.029636 4031829.662052 1995.562360
113.078521 135.049220 0.281301 0.291108 61.944529 76.794799 76.794799 11296155.183600 545.161657
100.316202 572.844876 1.879615 0.048945 29.317704 40.896345 40.896345 25252930.769439 307.972977
155.673176 220.658189 0.451508 0.301907 71.833592 76.545736 76.545736 3029550.136299 2614.993729
99.640165 254.547298 0.500183 0.190548 39.617635 56.309299 56.309299 21539156.457884 526.104018
124.600726 88.342758 0.188996 0.199972 106.538660 -1.000000 106.491592 501.460140 -748281.242638
388.711535 75.801409 0.567620 0.463696 78.617503 -1.000000 78.493282 4003.642615 -235632.773250
99.906024 128.290075 0.318008 0.495814 66.837677 73.646610 73.646610 4179226.122417 1987.117355
143.460789 192.836434 0.439867 0.493802 58.594379 70.082107 70.082107 10173350.935090 707.101949
114.255360 237.863432 0.509700 0.391060 51.664601 60.427041 60.427041 9903159.221869 1259.978940
57.121888 173.128079 0.335582 0.243375 23.795492 40.430261 40.430261 12110160.486214 3151.181080
462.697870 175.479051 0.828146 0.230497 64.737756 66.934868 66.934868 903597.860893 3759.625144
231.945189 437.637448 1.269136 0.194926 47.910774 53.180373 53.180373 6848598.014317 1257.673493
656.741642 29.752703 1.251424 0.239295 55.550335 57.149509 57.149509 704008.908601 4707.406253
83.944794 353.198058 0.748339 0.046345 65.540506 67.015587 67.015587 699030.955065 10032.993475
438.048146 418.751174 1.557034 0.213037 39.174235 49.412987 49.412987 18651486.536061 172.579814
120.883836 348.425578 0.835418 0.250516 24.246359 46.584627 46.584627 38437394.005513 234.009080
388.783988 10.867147 0.483447 0.167888 83.238136 -1.000000 83.219598 114.881501 -1562953.415217
66.729787 96.761675 0.189799 0.171337 54.270474 67.945582 67.945582 9279708.169481 1273.496779
463.229968 73.988694 0.724678 0.381712 62.737961 68.768157 68.768157 4328685.973068 845.842726
346.939176 49.468087 0.443707 0.291073 83.455695 84.362368 84.362368 109975.432473 14119.210580
174.104422 456.634385 1.302242 0.275076 53.066489 54.283993 54.283993 891770.403570 9147.585854
162.913620 355.683047 0.871661 0.446349 64.674072 65.155344 65.155344 161920.763309 31205.415916
114.562864 169.844689 0.368816 0.448630 69.697210 74.891178 74.891178 3399325.267307 2881.720452
55.787550 237.979682 0.425359 0.116830 36.193289 45.079646 45.079646 9499359.228724 4261.039840
251.227464 254.758182 0.653712 0.461513 68.759686 71.422991 71.422991 1252898.990603 4027.429145
235.931695 211.216601 0.524487 0.472412 80.933740 80.966771 80.966771 431.542936 559734.707008
254.640346 467.336917 1.433636 0.225165 54.125753 54.498603 54.498603 85346.924226 29022.704374
493.931481 192.409993 0.951698 0.353659 65.172582 -1.000000 65.110317 1982.772713 -376768.120906
392.825908 462.962923 1.634618 0.020992 52.161484 -1.000000 51.991455 4765.105202 -163440.744944
109.795201 366.994894 0.902612 0.323979 47.963711 50.822917 50.822917 4427262.785507 6165.230388
480.482016 365.545768 1.411255 0.082168 49.035187 53.933240 53.933240 4234754.946531 528.687141
234.672413 332.009414 0.807932 0.091661 61.827108 66.202268 66.202268 2869465.190953 1549.066955
162.296293 271.233638 0.575380 0.284672 71.253371 73.400757 73.400757 1094609.120160 6426.994571
555.136238 310.187639 1.423984 0.163250 54.231102 54.810698 54.810698 127592.276731 14730.799434
305.688176 204.576871 0.592508 0.340541 69.464116 73.821026 73.821026 2362246.310960 2091.409328
116.289900 313.853676 0.728522 0.477284 59.284615 60.294405 60.294405 1002735.336833 21770.958550
396.530781 474.429872 1.711775 0.125793 50.227777 50.698690 50.698690 103931.997505 17372.640842
91.049017 94.166187 0.272678 0.514309 83.944091 85.573250 85.573250 519494.132640 11747.182488
177.404125 92.192203 0.177660 0.027950 107.315482 -1.000000 106.592320 15824.887851 -75899.724557
458.993397 87.004425 0.718109 0.336772 62.791240 68.970896 68.970896 4509740.847199 817.099024
171.751606 94.013931 0.313004 0.550166 93.953989 94.145571 94.145571 4978.406484 98664.835818
189.631415 191.179009 0.443340 0.493513 84.617499 84.834426 84.834426 11762.215438 82552.631925
278.797701 340.638582 0.929335 0.263829 59.525280 62.490387 62.490387 2024634.505940 2910.399766
417.801046 131.068191 0.689750 0.432787 64.801871 70.107283 70.107283 3376781.688085 937.741737
300.170072 284.956580 0.772409 0.205669 54.239081 64.875554 64.875554 12397367.100242 362.938922
136.165400 480.610183 1.433905 0.233729 17.093947 39.043174 39.043174 51070730.731826 85.048294
97.511970 144.603165 0.305973 0.373864 72.553500 76.951962 76.951962 2665684.041975 4248.805697
536.547391 88.909120 0.935802 0.418069 56.102123 62.230168 62.230168 5522299.199121 773.595639
393.318984 174.715098 0.684245 0.284510 62.491981 69.677116 69.677116 5720536.817152 806.348938
83.032542 199.634432 0.300200 0.075375 84.072624 86.465950 86.465950 1053376.102225 8126.538893
122.697796 340.436631 0.751905 0.115042 47.445304 58.275110 58.275110 15659695.406544 608.400132
111.299981 407.765887 1.082228 0.319460 39.640657 44.374211 44.374211 9080510.922960 2973.305399
431.426870 193.851319 0.819049 0.473172 69.024522 -1.000000 68.959173 1919.785711 -377851.193566
393.625627 143.822156 0.638919 0.384014 75.552551 -1.000000 75.471097 2237.833622 -333678.086887
132.491838 256.508899 0.574740 0.437548 50.274053 60.233997 60.233997 11998211.298655 907.161526
51.240977 190.395885 0.341507 0.177012 37.082761 43.511297 43.511297 5685172.986097 11814.901962
320.269557 22.671450 0.399929 0.305825 70.658529 83.226766 83.226766 8394960.595531 179.471225
132.513382 258.845250 0.543219 0.338222 64.983353 68.880247 68.880247 3297401.322845 3547.363056
128.217783 512.957705 1.602170 0.210707 7.944395 36.032883 36.032883 61163028.261358 105.673002
158.386345 366.779246 0.873700 0.172710 62.087523 63.725130 63.725130 958951.204856 7581.013346
90.623291 241.888531 0.556855 0.515758 39.105459 47.337717 47.337717 9637040.251363 2856.079542
124.227135 364.792923 0.925568 0.329665 12.438412 42.539807 42.539807 48432520.147883 118.910387
85.824505 25.666004 0.244115 0.531775 75.185048 80.990186 80.990186 2256401.820938 3120.723614
472.124606 133.640134 0.781428 0.259834 70.369548 -1.000000 70.338321 467.039896 -793901.424606
149.175540 490.661545 1.426708 0.080444 52.553790 53.578105 53.578105 479773.261395 9361.724674
109.301471 220.539815 0.491057 0.525833 58.722948 63.298833 63.298833 4227215.885287 3694.197489
111.510584 477.159624 1.368657 0.134860 32.472420 42.029942 42.029942 21159761.816407 724.510092
115.126356 259.974702 0.553188 0.424635 66.858636 68.321495 68.321495 1097312.137159 13328.637095
139.618810 402.604573 1.030645 0.232039 52.311975 55.312286 55.312286 3672159.855784 3713.179820
519.829296 11.978505 0.848935 0.467010 64.242405 66.325944 66.325944 821032.471585 3947.787641
272.791784 311.437916 0.797380 0.176321 68.526178 69.011502 69.011502 72819.188486 26240.208666
484.124456 321.512223 1.284720 0.296523 52.156032 55.366465 55.366465 2595017.224131 2254.420658
144.747338 350.532446 0.839486 0.282020 52.385389 57.599734 57.599734 6861735.314580 1950.043844
454.028926 304.483998 1.150357 0.242994 46.195342 56.272079 56.272079 14589459.953404 550.353002
146.278255 190.648040 0.419466 0.461342 72.311029 77.161139 77.161139 2850012.730026 2616.874115
368.948397 115.776586 0.526898 0.237485 80.898001 80.920060 80.920060 174.916362 826364.068992
147.665081 456.709157 1.262691 0.236649 58.059484 -1.000000 58.033443 1498.101787 -744690.625320
46.493954 529.147152 1.583469 0.017668 31.105850 40.967582 40.967582 12512502.667326 1263.008433
75.193817 437.798847 1.125460 0.064069 46.980753 49.441315 49.441315 3445738.190932 6978.308999
321.898398 213.037439 0.610217 0.189576 65.469539 72.516810 72.516810 5200190.856770 974.285429
587.900361 15.979112 1.027561 0.364386 63.238522 -1.000000 63.175847 2062.773420 -365552.997691
134.488008 234.806698 0.489687 0.336222 59.987323 67.952793 67.952793 7872089.204669 1326.857929
651.950995 233.740714 1.504558 0.058571 54.069643 -1.000000 53.984832 2899.987407 -256003.155069
81.245328 241.453647 0.506110 0.298655 24.060876 43.258554 43.258554 20709665.136228 1091.659189
570.009064 51.630134 0.964888 0.166757 60.889750 63.252468 63.252468 1069376.960766 3177.262137
131.745974 422.786651 1.146954 0.327258 44.764918 48.626718 48.626718 6617785.613055 2940.389954
109.598451 187.749607 0.322869 0.155406 67.602961 77.249376 77.249376 7929624.162177 1165.121885
249.703015 208.094382 0.502604 0.276209 79.091925 80.277446 80.277446 240596.201807 11271.140941
322.230824 219.356595 0.663895 0.483458 74.499477 74.570310 74.570310 1870.338802 224011.201250
593.927467 244.310367 1.356139 0.277178 56.460748 -1.000000 56.395646 2813.342628 -317914.118156
584.028761 154.393375 1.127475 0.226335 59.811392 60.374364 60.374364 104436.101562 15201.761922
256.380343 37.007990 0.303304 0.279684 89.283952 92.546652 92.546652 734658.744235 3142.554687
265.762162 299.182513 0.783825 0.423590 69.338230 69.622799 69.622799 31236.145439 49492.981591
126.744520 319.821105 0.746469 0.398771 53.952539 57.758345 57.758345 4728757.468811 3510.583122
194.513942 19.653923 0.286369 0.482146 77.737602 90.681748 90.681748 5588421.581202 218.733441
145.887918 305.982372 0.702075 0.483087 67.125044 68.114135 68.114135 511400.000419 16078.829757
77.362428 102.908063 0.193630 0.191765 83.346363 86.532099 86.532099 1570340.973499 7554.947716
175.565384 112.347584 0.288959 0.322742 84.257187 90.235370 90.235370 2269144.610751 1686.198248
58.808221 115.689076 0.307041 0.455554 32.693127 44.403241 44.403241 7102817.731275 5913.650582
93.453397 487.230062 1.416757 0.155937 38.867312 41.582703 41.582703 5584676.216700 4656.300141
597.765400 167.916401 1.202452 0.266388 56.478588 58.046178 58.046178 678172.115903 5060.490100
299.744106 45.158587 0.361298 0.275300 90.429115 -1.000000 90.210208 7742.960776 -158030.576860
123.379009 73.331371 0.272367 0.496221 64.227132 81.851818 81.851818 9968937.937861 323.233890
116.236420 251.688868 0.483829 0.249723 75.788319 76.848510 76.848510 486284.631037 17601.125262
370.700427 419.705552 1.401463 0.176321 50.848385 53.567755 53.567755 2087155.872978 2259.532927
103.135821 490.333635 1.465374 0.277965 39.631580 41.049971 41.049971 2961326.103331 18015.775159
113.310567 359.026756 0.868105 0.240890 32.754040 46.208486 46.208486 24142166.302730 566.495276
506.759631 473.640686 1.971072 0.015357 47.783850 -1.000000 46.795768 73484.305801 -40102.519983
72.631493 0.255525 0.227760 0.476406 71.964177 76.200627 76.200627 1785584.467088 6992.960112
210.113621 138.711640 0.371079 0.388826 71.983006 82.680196 82.680196 6592683.326595 506.553877
165.149450 330.558170 0.758096 0.255219 65.798941 67.284222 67.284222 768360.363948 8963.584430
142.805222 210.038385 0.365168 0.121379 86.722957 87.918731 87.918731 242639.366212 13859.228412
98.429613 516.983505 1.549100 0.060951 35.769331 43.803520 43.803520 15477915.590987 830.880207
130.568919 378.914359 0.962495 0.322900 43.530041 49.961454 49.961454 11025554.479979 1549.489381
147.134654 498.331715 1.492403 0.198115 47.452913 49.389854 49.389854 2285242.247184 5299.120644
154.631960 200.309626 0.373592 0.204944 86.702762 87.615148 87.615148 160954.803554 18872.746198
217.472957 36.812439 0.215173 0.131909 103.223613 -1.000000 102.970468 7006.598074 -157745.250439
105.669000 10.587818 0.177843 0.269514 76.119239 90.555248 90.555248 7038990.233941 690.807118
612.479096 45.866353 1.131759 0.388424 52.792966 57.926789 57.926789 4848069.661688 914.724964
413.239892 240.477853 0.877166 0.375988 64.206474 65.674951 65.674951 504904.411011 6615.458144
203.573285 91.014852 0.275871 0.255841 83.479231 91.763754 91.763754 3560019.538483 866.216630
452.292664 223.657964 0.901908 0.183951 58.512333 63.633044 63.633044 3972423.489734 1045.768971
476.408318 8.523023 0.732491 0.398673 60.812505 68.205487 68.205487 6013162.290425 581.177106
101.386821 419.035693 1.080063 0.143546 40.247080 46.501900 46.501900 11614906.206461 2065.615800
68.569283 42.954997 0.135046 0.131913 32.677416 73.546023 73.546023 23101624.006335 253.660165
86.762696 97.797237 0.199737 0.197197 64.974778 78.907532 78.907532 9277024.498791 879.993312
195.710567 484.323880 1.464458 0.167657 39.285165 47.898934 47.898934 16388755.520121 474.715374
433.973002 132.201622 0.693252 0.274898 71.859079 72.601624 72.601624 117681.014797 15654.340073
175.373594 387.809105 0.973513 0.206105 62.634251 63.164173 63.164173 148396.587464 24972.568051
71.757179 249.136155 0.444946 0.115143 56.323465 60.606435 60.606435 4694599.321721 5329.078303
104.063365 185.178494 0.352358 0.343597 83.569765 84.242324 84.242324 228039.041437 34361.759064
478.116065 369.375479 1.418711 0.102032 55.456012 -1.000000 55.405949 1479.455453 -408286.252117
74.026162 369.816552 0.843251 0.101358 48.880122 50.841697 50.841697 2855028.515325 12993.829322
547.308568 226.161215 1.144885 0.070324 57.650706 59.681489 59.681489 730906.350499 2380.822752
94.943490 362.997936 0.850570 0.155503 34.997668 45.961502 45.961502 19178706.732320 914.054112
197.904982 258.357212 0.564398 0.207621 61.051408 70.646148 70.646148 9420067.585757 706.851771
203.660440 334.396920 0.774769 0.077478 66.916324 68.669855 68.669855 586392.079404 5541.915284
111.713843 211.085585 0.360136 0.157175 83.702617 85.183234 85.183234 525828.105472 12613.145520
171.774493 297.458741 0.674931 0.252993 46.597181 61.509113 61.509113 21325842.864091 279.352285
234.848294 267.832872 0.649102 0.357076 70.120893 72.115768 72.115768 813088.838040 5882.742253
586.300818 87.499337 1.047863 0.171637 51.139648 59.726630 59.726630 9754413.457757 277.583885
301.098887 396.864137 1.187087 0.271509 54.432724 56.923591 56.923591 1829309.620463 3323.314628
111.653758 77.295808 0.261005 0.509425 91.226359 93.043491 93.043491 338393.785024 10324.862544
472.036862 170.040593 0.814286 0.074654 68.996441 -1.000000 68.778625 11536.647229 -130658.731286
174.125318 414.304572 1.124204 0.390064 54.725715 56.392897 56.392897 1436199.173009 6899.196616
84.200535 121.717363 0.324405 0.528250 50.623129 61.402575 61.402575 7470504.472992 1782.799471
148.606956 439.860638 1.200254 0.288655 55.482365 56.209308 56.209308 462326.318152 18093.659914
104.015282 227.654016 0.478496 0.362044 48.125809 58.213845 58.213845 11420206.694587 1261.693493
113.273396 441.841627 1.166231 0.108884 51.689799 53.904077 53.904077 2392297.554016 5297.701868
87.675310 438.677217 1.160688 0.144558 45.903677 47.168611 47.168611 2080193.189681 19959.132940
105.982740 261.940887 0.481060 0.094976 53.267766 66.829112 66.829112 15612554.945154 525.263534
367.801451 303.652570 0.961410 0.324443 60.138058 62.520362 62.520362 1317850.409810 3118.748378
87.655998 350.120947 0.803179 0.151590 24.919695 42.231568 42.231568 27975335.070065 536.747862
455.174954 203.881051 0.901370 0.428961 58.686108 63.331174 63.331174 3526544.347363 1325.465063
180.297663 318.709424 0.725752 0.221526 66.041925 68.192932 68.192932 1205082.503730 5545.871158
481.006566 42.746137 0.733715 0.345220 71.681015 -1.000000 71.504376 9834.158635 -154207.436903
290.291496 396.265403 1.190420 0.324148 41.407367 52.930889 52.930889 20427993.705569 244.292402
118.811054 107.753498 0.293276 0.482037 74.303655 82.132350 82.132350 3891303.179245 1583.771951
420.326504 73.957164 0.585686 0.204955 77.968425 -1.000000 77.910441 1076.527804 -482776.205266
354.103275 84.615814 0.513121 0.462517 79.344761 80.353659 80.353659 142985.255388 11760.125349
505.762425 49.248486 0.795655 0.314544 69.683230 -1.000000 69.565999 5065.323190 -221536.673590
137.309214 463.910051 1.311971 0.303936 53.430689 53.910488 53.910488 331666.315084 29195.579392
212.467896 181.418678 0.420209 0.329676 81.578194 83.708296 83.708296 583046.176315 6105.159167
153.989528 328.450599 0.789135 0.420075 55.972473 60.102181 60.102181 4620222.599029 2676.833636
133.724670 352.037493 0.855889 0.317486 45.913337 53.025514 53.025514 11228372.954471 1480.969726
136.252945 280.111274 0.585954 0.251226 63.143087 67.616764 67.616764 4118346.928126 2710.127244
86.088081 289.242227 0.686969 0.505970 39.801471 43.504313 43.504313 5116495.873456 12462.847001
175.256526 409.547307 1.060249 0.151554 60.118724 60.853865 60.853865 251330.170883 16288.306651
458.178349 376.181256 1.405314 0.163791 53.169273 54.505574 54.505574 574969.134438 5808.735289
140.303844 278.368883 0.631354 0.511369 64.886522 67.143845 67.143845 1675476.828187 6618.463372
334.947945 53.114630 0.465560 0.501834 83.829220 -1.000000 83.662764 5298.276593 -191442.079499
225.698641 392.915794 1.100499 0.363899 41.528128 52.642336 52.642336 19753206.681268 316.014420
509.576242 266.011417 1.160573 0.243975 60.326199 -1.000000 60.305687 308.451578 -999886.090973
213.263271 348.213432 0.893701 0.416004 61.792292 63.459392 63.459392 925360.850343 6953.630369
89.304088 443.326284 1.234612 0.245754 31.071189 36.136195 36.136195 10957536.084100 4651.686319
121.764429 143.304023 0.321049 0.492545 92.454740 92.648087 92.648087 11414.168678 113163.137323
172.197318 167.575797 0.365140 0.325917 76.216277 82.674994 82.674994 3512724.594748 1569.604909
212.543910 334.966259 0.843716 0.397456 62.587301 64.572147 64.572147 1161370.619718 5726.480598
550.062272 243.324280 1.230453 0.292079 52.142267 56.222695 56.222695 3608683.300787 1301.058598
368.786254 211.463231 0.696109 0.270168 73.277358 -1.000000 73.200546 2305.855239 -343465.144581
108.513056 81.724522 0.229441 0.343012 80.479691 87.797390 87.797390 3266953.359058 1876.571604
615.792128 143.089146 1.223988 0.357624 58.966478 -1.000000 58.924025 1208.674980 -501116.580453
145.181165 200.687050 0.433271 0.453035 74.507073 77.867805 77.867805 1731802.050613 4253.343054
233.532055 424.148812 1.220390 0.363055 55.309790 56.595710 56.595710 746607.412968 8072.076548
205.958158 427.024328 1.192760 0.322342 57.208886 57.884866 57.884866 264955.462371 17439.888711
159.323136 232.123573 0.474954 0.275243 70.572742 75.420417 75.420417 3285383.093191 2393.645735
472.715365 156.910703 0.798268 0.117968 69.841792 -1.000000 69.816612 277.316419 -960943.503614
609.049145 213.963927 1.335055 0.304975 55.791643 56.305607 56.305607 106613.340713 18511.373154
354.451841 445.761233 1.497812 0.241061 50.875706 52.472919 52.472919 967766.385733 5128.895156
443.174246 414.742088 1.553206 0.232587 40.918534 49.566827 49.566827 14623987.480738 307.768423
384.391117 275.021736 0.871523 0.119833 65.936954 66.702082 66.702082 139439.418961 13248.604951
101.372085 203.018535 0.450737 0.467135 45.144583 56.924391 56.924391 12084280.718055 1075.137755
193.230728 454.922150 1.330433 0.259811 41.024590 48.847934 48.847934 14517528.711419 706.144635
103.072525 11.900623 0.215870 0.452178 98.714254 99.688269 99.688269 100195.006803 21773.489927
137.569709 429.991782 1.177508 0.341703 47.961042 50.584930 50.584930 3889448.926733 4555.634113
90.156793 278.493964 0.509425 0.123018 79.493599 79.535320 79.535320 7452.756317 637980.323910
56.365871 190.076461 0.449110 0.516458 21.877517 32.437815 32.437815 7459726.411359 10960.664731
290.603806 201.704437 0.578633 0.450262 74.444755 76.130963 76.130963 455816.073753 6904.438040
121.465031 506.666228 1.500739 0.099636 49.202916 50.573108 50.573108 1177728.664684 7728.063168
202.159941 432.958166 1.236397 0.285347 43.539899 50.890967 50.890967 12509564.714669 813.713175
89.554826 20.476466 0.245728 0.509537 53.577316 73.063222 73.063222 10220707.203757 489.691984
157.363319 495.112943 1.496891 0.248618 44.732240 47.780190 47.780190 4622581.348193 3083.739548
159.714901 248.483405 0.553258 0.493269 72.069983 73.992531 73.992531 894217.737043 7610.854055
349.042381 337.614427 1.029820 0.279729 61.907037 62.433476 62.433476 103182.550039 21265.606433
123.501107 223.303827 0.448208 0.389330 78.403082 79.365670 79.365670 353952.715730 19792.548092
89.581532 331.026891 0.693772 0.080121 43.795368 55.347850 55.347850 16563429.671009 783.026051
131.622472 323.293956 0.741828 0.440270 65.977102 66.530960 66.530960 299005.520472 32236.264089
642.436225 157.995395 1.331422 0.187208 45.977886 54.081639 54.081639 10763192.686456 273.435244
52.564160 464.158427 1.249984 0.044975 36.350556 39.054622 39.054622 4564520.633042 15049.297457
414.959341 112.516450 0.619060 0.197545 64.418209 72.609314 72.609314 6290568.069502 494.614357
340.721974 44.088591 0.394085 0.129436 88.219927 -1.000000 87.998736 8167.383202 -155529.180736
148.073571 449.093816 1.276387 0.318931 43.597722 47.996440 47.996440 7722603.787937 2174.321466
195.604960 345.291702 0.854718 0.419120 66.844346 67.097518 67.097518 37794.907916 58492.647596
215.002279 315.189303 0.733848 0.124421 61.863420 67.268182 67.268182 4278576.825559 1346.019615
208.632739 426.448521 1.221693 0.285249 30.449363 48.869079 48.869079 40092400.672631 73.720193
427.409435 86.531946 0.616328 0.226412 76.442076 -1.000000 76.319015 4404.464970 -231453.485559
131.091374 263.996134 0.583787 0.438356 59.503054 64.256180 64.256180 4746293.163974 2779.111478
198.260875 233.923866 0.543501 0.460085 73.129577 75.603769 75.603769 1047119.082999 5036.374511
114.231569 443.884664 1.189842 0.233897 55.729459 55.855665 55.855665 82460.122110 171003.334638
266.785154 257.264602 0.644735 0.225480 61.966770 69.728223 69.728223 6859493.780017 767.477924
134.896566 312.971783 0.683748 0.262479 64.632782 66.713307 66.713307 1563158.002748 6923.246671
130.163281 238.003857 0.511088 0.450367 67.431361 70.598065 70.598065 2308936.264424 4768.621048
114.734072 160.513107 0.289935 0.204626 72.415968 81.083056 81.083056 6057405.245743 4342.253286
273.324699 201.721358 0.576612 0.515290 63.812058 72.348600 72.348600 6590730.524721 667.162348
197.172154 349.834098 0.881154 0.441455 64.246019 65.009495 65.009495 265508.299450 17474.718192
96.739397 87.268446 0.194552 0.229892 87.524786 92.317612 92.317612 1936473.889075 3735.339730
94.257890 379.455943 1.001960 0.377169 8.550937 31.510682 31.510682 31329579.048552 958.163045
64.427208 215.176260 0.444782 0.320719 35.285655 42.282906 42.282906 7033305.021175 8241.512517
115.296618 144.985020 0.330751 0.526068 88.870208 89.428047 89.428047 84923.782126 38135.826609
206.954749 312.979464 0.745692 0.273231 63.097072 66.555533 66.555533 2505239.564072 2964.341761
185.536736 8.457157 0.228370 0.290911 89.229062 96.818481 96.818481 2437966.242037 1012.751268
421.775413 128.711200 0.692567 0.466717 71.500333 72.417694 72.417694 166142.918907 12188.632087
106.034892 149.337860 0.277725 0.246426 78.752280 83.603375 83.603375 2705053.402515 3361.592336
145.514016 293.785274 0.663781 0.455000 66.541225 68.146751 68.146751 1002912.006520 9435.848238
125.600256 261.416922 0.534981 0.348049 73.719044 74.653303 74.653303 420755.499762 19439.270060
97.414182 317.901444 0.766333 0.377079 4.458411 37.008242 37.008242 34775804.004182 558.405768
201.782047 467.119968 1.368975 0.249297 55.492930 55.701503 55.701503 36445.207563 57799.163157
84.464432 88.997027 0.173366 0.182612 95.248633 97.287531 97.287531 628857.929881 11481.666215
273.430749 331.172316 0.857443 0.101425 64.217574 66.121639 66.121639 719951.591312 4563.098884
175.638419 331.955555 0.771401 0.282553 68.060494 68.706261 68.706261 182020.341739 22365.675654
328.144410 489.264064 1.652080 0.109841 51.869178 -1.000000 51.783305 5154.785121 -227188.118263
169.376176 305.905314 0.713563 0.470184 68.245930 69.254561 69.254561 406104.198894 14596.669649
117.219078 430.120257 1.212005 0.364688 26.286602 37.752446 37.752446 24648253.714979 855.243897
135.660110 319.041070 0.787389 0.453633 16.684889 47.242696 47.242696 45814299.969164 125.566968
532.142120 356.969599 1.535436 0.183652 46.054656 51.128995 51.128995 5841558.154482 809.923293
86.243326 156.468955 0.231325 0.114181 94.294693 95.371492 95.371492 286983.254405 21567.205388
85.184176 128.178263 0.290173 0.367619 55.777246 66.117943 66.117943 7609610.999482 1567.170469
215.864026 167.570574 0.399405 0.319425 80.578366 84.046669 84.046669 1235399.599658 3220.575213
530.396153 78.576051 0.880902 0.228916 56.180929 63.757101 63.757101 7280382.663036 493.469377
122.159658 320.665957 0.739391 0.303116 43.669826 52.988661 52.988661 14391111.149893 1014.052618
96.644401 21.553039 0.255063 0.539367 44.534500 73.686104 73.686104 15885795.779431 180.316575
75.902893 395.760562 1.020681 0.254352 32.148558 35.585663 35.585663 6523337.974532 15121.836084
165.590162 31.163556 0.223629 0.305896 77.592064 94.041493 94.041493 8226300.223401 213.602910
77.250965 279.200231 0.657987 0.476098 31.484345 38.005801 38.005801 8353881.584203 7851.967281
310.094534 356.158981 1.021104 0.197086 61.176220 62.151204 62.151204 299721.783105 10532.726150
102.404593 467.011219 1.356775 0.311513 38.547624 40.499708 40.499708 4139779.861099 13015.161000
211.464411 29.991356 0.295494 0.470300 93.172299 94.450397 94.450397 118668.438069 10368.244408
446.781189 109.365917 0.728070 0.433432 62.647906 68.581442 68.581442 4222199.878345 912.574191
154.248082 1.703480 0.224527 0.381448 98.842022 100.317407 100.317407 144789.332873 10698.660625
145.148002 371.740591 0.955047 0.421202 47.239434 52.476100 52.476100 8068347.044683 1969.259964
85.675370 32.543896 0.189222 0.338581 92.609775 94.757680 94.757680 566359.886685 10801.248462
371.663942 416.157309 1.373154 0.076835 51.298097 54.655098 54.655098 2256647.606538 1078.838774
609.041723 342.451806 1.706529 0.124156 50.025384 50.716388 50.716388 183188.270835 11394.550726
82.903795 72.138775 0.227478 0.404837 86.431533 87.971118 87.971118 500597.138206 17644.644781
103.106000 190.548330 0.431832 0.468327 28.348389 54.279158 54.279158 24813943.634391 253.911654
634.636470 218.205636 1.425299 0.177734 46.825105 52.863781 52.863781 7051237.614582 554.344302
124.230639 385.467079 1.015972 0.415548 37.748241 45.023724 45.023724 13673588.373546 1506.776912
211.663212 429.516908 1.238717 0.348674 45.111028 51.362598 51.362598 9959856.099017 1063.031746
63.294932 474.802456 1.314963 0.048930 6.331970 33.347591 33.347591 38650331.298897 460.697605
74.610184 342.269620 0.819135 0.269910 21.859731 33.208577 33.208577 16573745.940536 3172.707617
123.722345 438.892483 1.202143 0.231615 41.247357 46.523180 46.523180 10019997.644268 1963.894561
83.746302 512.716369 1.534229 0.112921 41.796782 42.757856 42.757856 1722523.297564 28380.671265
535.797602 409.958153 1.753249 0.099221 48.934786 49.970282 49.970282 364150.469524 5591.163457
136.990709 550.317207 1.758294 0.047963 33.028257 46.001812 46.001812 24981650.898085 78.606463
467.217102 327.321342 1.261797 0.338025 55.483741 56.815051 56.815051 582095.078883 5089.819404
142.872079 158.006838 0.333144 0.306114 59.688490 77.242668 77.242668 14981945.166025 295.640888
99.116803 535.566340 1.689772 0.124579 25.243694 35.472198 35.472198 25768324.263186 717.785851
306.113145 172.741476 0.555683 0.512292 77.362131 78.198702 78.198702 119923.871462 15551.009525
46.734756 234.156424 0.353245 0.025549 65.754981 72.799810 72.799811 4117512.014107 2766.783836
120.364144 298.125944 0.638954 0.219469 47.877591 57.985381 57.985381 14145572.653363 888.813121
145.242169 426.501439 1.101714 0.106165 61.353299 -1.000000 61.295351 3230.118716 -361368.671916
112.141807 300.836010 0.700946 0.501456 54.957353 57.008894 57.008894 2401722.627887 10002.527430
99.451360 142.048167 0.281391 0.373489 95.564649 95.626485 95.626485 4085.448581 425854.272673
64.359499 365.785282 0.884872 0.189272 14.896365 28.878761 28.878761 18552535.191039 3610.818745
118.050703 174.251791 0.411933 0.525232 39.355519 62.188868 62.188868 21500116.214251 187.310218
105.133035 506.214067 1.549593 0.209154 29.696421 36.498944 36.498944 16748790.839568 1845.707673
167.052364 439.520100 1.206781 0.160251 47.611216 52.740571 52.740571 7161992.547497 1484.293512
89.608900 72.337702 0.190115 0.242918 75.815984 85.054859 85.054859 4906925.924621 1613.489261
159.184556 367.429865 0.923493 0.321955 49.706635 55.600397 55.600397 8387622.795275 1501.848845
395.537535 245.316246 0.867339 0.448586 61.281218 64.635373 64.635373 2056450.592770 2030.897674
154.882948 346.320353 0.826789 0.478015 68.579133 68.610585 68.610585 1563.563144 550815.302101
444.856144 252.069367 0.974610 0.300977 57.239264 61.545669 61.545669 3371258.109884 1362.123708
227.134316 151.034469 0.373002 0.263989 81.549558 85.764393 85.764393 1574574.295954 2453.534971
121.656447 59.141785 0.147946 0.135635 108.390344 109.453622 109.453622 93499.116492 18824.221180
70.965929 128.161239 0.307816 0.395907 25.860470 48.794665 48.794665 14921594.261981 1145.666328
132.353931 527.560859 1.636206 0.183526 48.479344 49.173399 49.173399 549255.992164 17025.114519
85.904143 186.280501 0.319163 0.169042 64.477015 71.113219 71.113219 5735407.868561 2488.133843
149.546791 301.446518 0.645479 0.278463 73.469515 73.810625 73.810625 62899.693854 49606.226182
84.433923 52.248038 0.226935 0.435288 81.978867 85.308597 85.308597 1211669.075836 6768.686295
161.673966 467.456059 1.338376 0.210077 51.808091 53.260913 53.260913 1205822.486949 7212.383966
201.911865 378.365381 0.954692 0.179254 64.530621 64.709729 64.709729 17947.335474 77692.843775
116.616757 304.303562 0.620899 0.212467 74.254608 74.446552 74.446552 39466.777323 99842.749819
556.362104 181.184031 1.103977 0.349200 61.319523 -1.000000 61.202365 6935.221591 -195773.834384
390.888818 226.089553 0.797232 0.361002 63.120198 66.745788 66.745788 2174529.725137 1865.726401
262.114312 295.506629 0.787054 0.408269 54.853140 63.269002 63.269002 9445585.126344 647.196339
126.734503 399.436223 1.040742 0.314261 45.117304 49.543835 49.543835 7474034.975479 2570.774189
502.989911 50.096887 0.822135 0.456217 58.082243 65.253074 65.253074 6289686.215283 580.436704
103.996570 315.288071 0.727535 0.358337 46.590160 51.220885 51.220885 6782524.422110 3558.034551
388.016439 28.519218 0.491255 0.192645 82.505255 -1.000000 82.370992 4175.697601 -232142.351297
447.055329 192.630605 0.831605 0.253208 60.252009 65.432322 65.432322 3907436.682853 1106.609888
156.658124 506.044715 1.568561 0.225817 33.241286 42.590458 42.590458 21947091.656759 480.028913
61.940958 261.772416 0.563979 0.299587 23.941534 33.897438 33.897438 10578604.062753 6551.696005
165.590628 373.037116 0.958795 0.322749 42.278174 52.537782 52.537782 17715443.819258 558.466290
211.590152 409.118710 1.119720 0.336842 58.948989 59.573030 59.573030 213522.558005 19429.080498
96.204094 208.150299 0.439741 0.373202 41.722118 55.328183 55.328183 14525104.003592 849.347004
131.279362 375.919109 0.986806 0.433507 34.687104 45.048852 45.048852 19502964.656301 772.639568
203.151909 483.196073 1.473373 0.254317 45.783468 49.516682 49.516682 5127673.204755 2049.526277
99.644293 98.022543 0.160414 0.101614 91.486261 98.679568 98.679568 2902753.667662 2025.519193
