347.442033 242.768135 0.772773 0.477832 64.025027 67.394335 67.394335 1905268.119880 2590.868808
269.772166 314.360578 0.797778 0.152776 69.671965 -1.000000 69.597929 2598.578065 -334097.024195
365.146218 233.639843 0.791162 0.478638 54.704653 64.585385 64.585385 10735285.827299 360.430081
106.402002 235.056741 0.517550 0.518240 61.688049 64.047907 64.047907 2091315.536277 8899.947466
184.918401 269.217336 0.584091 0.303492 76.393702 76.817346 76.817346 60918.456814 38009.955027
260.374363 102.140644 0.390828 0.465432 86.532935 87.504230 87.504230 104522.052935 13802.985870
281.297134 251.613743 0.678345 0.486899 74.137328 -1.000000 74.121358 148.978535 -1496028.940485
127.007208 348.353691 0.795919 0.193489 57.118766 60.544559 60.544559 3744361.397580 3581.447207
278.650981 196.042280 0.552814 0.395026 58.373832 72.441780 72.441780 13933357.668490 185.114279
179.348712 253.872038 0.603377 0.516367 57.507436 66.170252 66.170252 8777827.845901 904.091879
92.064832 463.394407 1.281103 0.102396 32.623360 41.356412 41.356412 18275761.083594 1081.170741
292.065597 187.984519 0.501699 0.175541 77.253427 79.708678 79.708678 767770.229158 4333.734002
129.791021 217.254133 0.395901 0.198225 80.464433 82.534119 82.534119 846218.114934 25724.753337
68.836787 278.686171 0.661222 0.483654 28.688976 34.244528 34.244528 6739446.016507 15098.823502
581.067999 25.848927 0.977563 0.119217 29.027463 -1.000000 64.689899 65280704.157352 -174.074033
152.061096 298.049577 0.687683 0.500444 66.334686 67.837838 67.837838 886235.673069 9917.908320
636.480731 16.663293 1.160943 0.129633 60.128087 -1.000000 60.005712 6380.867485 -182402.280335
170.338023 202.418214 0.447501 0.359511 52.694515 71.439509 71.439509 19793391.213293 210.450690
145.694023 421.210470 1.095252 0.147766 54.602894 56.886890 56.886890 2052683.095384 4575.583967
127.570415 391.875846 1.029612 0.303588 17.683576 42.005209 42.005209 45315297.844331 98.148564
146.376429 282.386123 0.625390 0.343252 57.020528 63.689181 63.689181 7431375.553865 1518.965814
332.499109 131.595903 0.542319 0.530437 74.869363 77.546249 77.546249 827157.193851 3470.645710
139.627283 422.903626 1.123962 0.363660 57.454563 57.838951 57.838951 214930.781485 39374.878863
221.015440 413.746959 1.161202 0.379907 56.320058 57.601107 57.601107 745686.193087 8592.829453
106.815973 185.034004 0.409977 0.445632 44.650121 60.451960 60.451960 15363787.255011 617.351004
378.565178 22.485527 0.501240 0.349442 82.036619 -1.000000 81.941325 2264.040653 -315972.410542
232.791124 82.088456 0.351009 0.504125 88.419421 89.855703 89.855703 177393.511506 8793.101958
234.656506 210.119122 0.507307 0.325405 69.703512 75.945720 75.945720 4050542.345512 1313.028911
219.758398 32.045098 0.278327 0.369829 97.707662 -1.000000 97.712280 5.454009 5610005.706645
261.481485 152.733001 0.466941 0.465485 58.084844 76.886973 76.886973 17287808.457457 107.564861
681.942750 192.403825 1.536285 0.174265 45.831387 51.364878 51.364878 6399094.700623 315.493860
89.286596 114.241688 0.258640 0.337270 69.493845 76.237818 76.237818 4138069.223898 2613.058250
177.979714 435.599420 1.246453 0.355554 39.381934 47.923049 47.923049 16719810.627718 709.626777
115.449658 118.163736 0.304098 0.492361 76.114604 81.898898 81.898898 2731555.106982 2501.368335
370.615931 106.792136 0.556626 0.435497 79.162467 -1.000000 79.048796 3441.298142 -255725.174058
70.388613 109.315756 0.169918 0.104016 73.314829 82.467217 82.467217 5685400.356495 1828.478269
311.408430 526.649506 1.826290 0.049927 49.506560 -1.000000 49.273420 22596.479250 -93146.227179
133.340904 332.445170 0.766418 0.471768 69.182400 69.246852 69.246852 12205.021396 301610.806132
119.932910 229.636406 0.397463 0.142676 87.108373 87.317532 87.317532 17509.295121 97335.557126
161.782187 472.063753 1.356063 0.222209 54.427794 54.898282 54.898282 188127.797424 25821.866898
325.186585 71.814145 0.408599 0.219760 80.467723 84.592767 84.592767 1455321.716030 2024.387358
194.921584 290.446490 0.657240 0.326337 74.242027 74.402986 74.402986 12071.022382 102540.236081
263.672939 287.946220 0.720064 0.180212 60.055679 67.255380 67.255380 6591795.840490 819.229440
324.394034 228.750789 0.659122 0.235742 65.926993 70.958726 70.958726 3274159.484217 1487.811084
201.659145 259.794697 0.549796 0.139852 71.400127 75.322974 75.322974 2111770.452630 2585.825622
555.276271 170.009926 1.064764 0.189045 58.914872 60.885477 60.885477 875972.066539 3976.292180
128.194789 109.379761 0.280059 0.448884 91.854362 93.237982 93.237982 227154.426338 13171.222254
150.173073 231.796760 0.482184 0.422010 81.536332 81.819628 81.819628 32189.946415 65921.459305
470.880255 224.576447 0.921694 0.028310 65.904001 -1.000000 65.662348 7698.054712 -134699.183034
324.980095 221.842783 0.643630 0.232661 65.675515 71.353855 71.353855 3896387.009772 1219.308560
126.314116 206.415821 0.432210 0.416611 69.830784 73.942970 73.942970 2808772.707076 3598.187893
228.849571 177.191481 0.456607 0.425086 71.880338 78.613579 78.613579 3891032.435609 1159.430849
165.252349 234.239000 0.460273 0.227596 83.267869 83.550584 83.550584 24831.117880 63750.199239
120.814172 195.865823 0.368555 0.266683 76.537657 80.033281 80.033281 1998490.698242 4573.429767
109.289445 281.262226 0.581109 0.207197 46.181178 57.378349 57.378349 15311958.548967 835.645454
118.932750 449.856147 1.256208 0.224723 37.463846 43.823944 43.823944 13205361.081603 1473.527645
93.459072 266.264008 0.491645 0.089307 27.663631 59.602153 59.602153 39840282.870225 75.053638
284.170269 125.045556 0.413412 0.311535 87.091122 -1.000000 86.973874 3019.437460 -273091.889387
117.247780 408.480799 1.073104 0.288898 43.530953 47.640735 47.640735 7307154.442610 2964.681360
477.843661 88.717149 0.741481 0.230183 69.658978 70.661252 70.661252 205955.256209 10605.987176
216.064793 213.771257 0.484526 0.348477 10.523378 -1.000000 83.236271 86548556.069338 -142.234214
506.091345 239.620255 1.093399 0.266621 53.777549 58.734971 58.734971 4525075.706598 1042.986442
346.306325 439.642874 1.438641 0.166962 55.107652 -1.000000 55.062713 1623.462048 -434207.646140
540.006508 86.533494 0.923461 0.323977 62.433851 64.329034 64.329034 762311.820926 5097.641601
139.363106 357.359444 0.834745 0.211410 60.361402 62.475918 62.475918 1738749.072453 6129.334012
192.648338 427.853611 1.196531 0.269293 47.029272 52.481420 52.481420 8039673.885998 1337.525838
557.767271 178.719092 1.087231 0.215778 61.845613 -1.000000 61.787421 1837.105616 -389766.535586
136.114759 182.004836 0.383140 0.382778 70.715874 77.125465 77.125465 4283277.804486 1897.370050
302.999956 477.990002 1.553279 0.166540 53.431094 -1.000000 53.418029 200.435577 -1414757.497734
89.797955 362.484334 0.919160 0.337298 16.397497 33.475633 33.475633 25701314.499783 1292.710288
176.382828 322.568718 0.749946 0.324177 67.116203 68.267402 68.267402 483879.438475 11910.237132
283.620796 316.724023 0.862711 0.389304 66.107218 66.679056 66.679056 113964.040151 21976.922945
118.716579 99.634174 0.223617 0.246214 76.906138 88.031300 88.031300 6192629.095794 951.064597
277.204656 387.134557 1.105432 0.314504 60.420319 60.767552 60.767552 60546.619277 34910.192862
123.570492 335.392735 0.738995 0.255027 69.211289 69.446578 69.446578 66280.329850 76391.315229
40.018438 286.553858 0.506576 0.027890 45.400874 52.603026 52.603026 6293031.562021 4756.368968
519.673689 431.060051 1.800018 0.067070 49.926188 -1.000000 49.761502 12395.208859 -128805.043875
166.722073 246.362112 0.551255 0.369474 49.337744 65.179579 65.179579 19370297.754854 302.239828
106.910982 279.370950 0.644324 0.461146 43.052245 50.822702 50.822702 10552769.466413 1831.330977
177.301326 522.267616 1.649439 0.204314 46.162896 48.247230 48.247230 2322441.680890 4317.924569
206.505382 442.196466 1.289821 0.287879 38.322267 48.870393 48.870393 20992782.963511 430.583702
348.906408 91.075237 0.526733 0.509613 67.502725 76.399584 76.399584 5758636.401989 449.228322
126.542987 285.223761 0.638818 0.487660 65.001550 66.400342 66.400342 1043244.372678 12513.676009
128.917973 398.668865 1.003499 0.284749 58.602260 59.244160 59.244160 448294.292422 24183.010628
345.425951 198.749359 0.647454 0.346651 67.738171 71.857016 71.857016 2256887.012231 2012.397029
110.097062 434.692786 1.191471 0.251249 35.684556 42.079474 42.079474 13383264.428376 1743.580185
110.597399 249.888351 0.532810 0.457248 67.193334 68.377421 68.377421 875119.774016 18558.546001
113.846186 519.527731 1.627869 0.208840 27.276157 36.261716 36.261716 22949959.047233 844.903190
92.977023 130.446609 0.276209 0.318357 64.995994 73.664523 73.664523 6057487.239156 1715.395051
221.473567 420.974821 1.194379 0.350719 54.086282 56.072524 56.072524 1565486.046907 4934.187574
310.106888 249.505262 0.690716 0.314357 73.450354 -1.000000 73.372537 2558.015740 -333592.968063
623.469680 47.653344 1.154209 0.314016 56.680169 58.743093 58.743093 1055871.448162 3643.406053
135.474226 149.550584 0.325073 0.362698 72.340973 80.794084 80.794084 5267022.032049 1277.245492
172.207849 503.342355 1.531564 0.183613 49.733182 51.004541 51.004541 957250.196323 7086.123349
77.691053 480.436540 1.443930 0.278904 19.689155 26.709864 26.709864 14938520.681971 6513.240922
96.887686 460.169504 1.308951 0.267581 39.920378 41.421616 41.421616 3064712.156622 21050.443145
323.501888 218.345460 0.607203 0.130068 74.801909 75.863139 75.863139 195169.637567 10679.542700
78.636143 337.961957 0.836364 0.404536 29.990950 35.338712 35.338712 8440716.611166 9546.651043
163.366438 458.341479 1.338650 0.314360 38.053717 45.887211 45.887211 16160809.476044 840.504376
124.201591 364.184452 0.902320 0.419200 54.311726 55.861257 55.861257 1848360.761163 10657.064282
85.495440 272.392282 0.505083 0.123147 67.429667 69.127854 69.127854 1414201.849414 12210.753721
107.035869 383.343983 0.975666 0.351750 46.113176 48.320544 48.320544 3631737.587591 8561.106479
104.695655 537.030921 1.711805 0.156427 24.782245 34.869052 34.869052 26088357.608975 680.699666
127.753647 409.162048 1.037043 0.215839 57.872601 58.703296 58.703296 582544.474934 17300.000215
104.204519 470.439629 1.353461 0.187052 28.859686 38.179768 38.179768 21372423.446211 1176.825947
157.451344 356.087220 0.838299 0.196249 61.373859 63.604089 63.604089 1607896.583814 5353.082752
175.115403 436.308165 1.192867 0.197311 55.541533 56.808628 56.808628 779443.899034 8544.667868
219.927760 348.938125 0.910794 0.447877 60.291059 62.426773 62.426773 1395722.771620 5226.112164
627.525773 99.300262 1.199434 0.244799 56.393683 58.087890 58.087890 758508.089189 4500.788964
425.149423 245.452522 0.908156 0.308715 62.483126 64.473618 64.473618 871106.607655 4553.791407
409.410292 205.033985 0.764058 0.250747 69.568519 70.159034 70.159034 88009.400824 20055.898151
171.532552 502.376441 1.530637 0.208472 49.044544 50.508910 50.508910 1279014.731319 7021.938557
219.698319 250.606096 0.593943 0.401863 72.198775 74.218784 74.218784 781689.519258 6095.634985
222.159408 128.135128 0.313217 0.197646 94.327662 -1.000000 94.215313 2452.276125 -302646.109410
533.115778 189.277726 1.026489 0.141420 63.336336 -1.000000 63.295900 831.741014 -565985.569593
184.856259 415.132563 1.136639 0.286147 46.558701 52.677448 52.677448 9429949.396260 1151.403483
136.079739 376.927153 0.962341 0.382304 47.860712 52.237384 52.237384 6695037.346553 2588.352459
86.769031 488.797804 1.410606 0.082769 11.031282 35.825442 35.825442 47292160.239849 220.017162
144.465536 351.580291 0.860076 0.405639 56.098522 58.789095 58.789095 2918730.526015 4936.910064
79.833798 52.720123 0.220024 0.402059 78.319181 82.170701 82.170701 1610344.989294 6049.394497
114.524306 355.737793 0.919761 0.448181 19.920217 39.146085 39.146085 31731745.295926 429.919872
151.704570 425.968523 1.108948 0.116656 59.210765 59.836002 59.836002 202421.536941 19543.524958
97.275756 297.101560 0.691568 0.471201 48.815548 51.085383 51.085383 3039424.966291 14314.723111
453.325907 246.971653 0.982700 0.269887 46.157431 59.664876 59.664876 20003554.176503 141.417797
170.916959 434.793082 1.200025 0.315699 54.811570 55.987527 55.987527 837622.938872 10029.600528
529.784212 205.082857 1.083628 0.361202 58.487119 60.292034 60.292034 826462.280017 4494.611099
139.539046 138.913150 0.227011 0.084327 82.186901 94.133281 94.133281 6320135.071109 723.771926
666.869271 183.987804 1.472360 0.240513 46.713107 52.050420 52.050420 6155306.986358 689.539755
460.488851 193.117831 0.884610 0.380256 58.966231 63.803976 63.803976 3703695.637216 1223.876724
161.445674 329.682195 0.775372 0.450177 68.580793 68.891174 68.891174 67084.056422 51803.496659
157.713497 345.154479 0.835457 0.318602 52.461280 58.211718 58.211718 7466364.137896 1681.790584
240.885452 224.988970 0.526114 0.242149 74.538627 77.401074 77.401074 1169319.331820 3937.767239
308.178084 57.633577 0.367592 0.190322 71.878162 85.407155 85.407155 9259281.184815 86.074514
207.100946 44.735511 0.242128 0.232060 84.183471 94.948605 94.948605 4732106.633806 462.452579
82.067955 409.246035 1.111564 0.352790 28.560367 32.986954 32.986954 8675492.425396 10816.300323
118.566304 293.774652 0.576133 0.150424 76.662370 76.916875 76.916875 40248.597574 72517.267974
70.435092 338.637943 0.694899 0.046624 57.298373 61.171692 61.171692 3737940.575893 4137.574475
100.070271 115.823458 0.304559 0.534660 77.736923 80.988775 80.988775 1379591.746770 5960.751236
98.377987 179.960852 0.396318 0.445626 50.244381 60.923022 60.923022 9808036.615898 1329.403601
71.633951 140.716645 0.328812 0.426515 43.330732 53.014021 53.014021 7339385.700007 3279.225582
234.324590 491.691831 1.526469 0.183025 53.836058 -1.000000 53.844399 99.914716 inf
101.733078 83.317881 0.199847 0.240787 79.612994 88.524578 88.524578 4510355.956138 1528.215469
492.736751 152.358918 0.870785 0.241915 57.751645 64.121590 64.121590 5558067.281549 727.208420
444.500238 84.369997 0.677068 0.360477 72.532091 73.249838 73.249838 106338.243157 16326.760293
154.626752 350.577699 0.877154 0.432921 50.861604 56.019766 56.019766 6984742.830276 2001.282063
159.238933 350.971282 0.867730 0.401958 55.414901 58.974601 58.974601 3951966.107730 3191.190769
512.066924 248.748828 1.130968 0.346788 60.961489 -1.000000 60.941912 288.118730 -1053467.935747
168.198309 334.213045 0.791682 0.260259 52.848487 60.119759 60.119759 9327328.035403 1137.610214
289.894192 72.563207 0.417158 0.507910 79.576746 83.891234 83.891234 1364047.198820 1765.673883
159.949158 214.644554 0.450640 0.325842 67.434168 74.685501 74.685501 5631284.719703 1506.151319
309.916740 214.009641 0.611604 0.354492 76.787562 -1.000000 76.737362 1003.674939 -528343.856192
389.613050 142.233749 0.601104 0.221091 77.150708 -1.000000 77.049384 3136.300984 -281596.156784
195.725598 317.244648 0.744078 0.316642 69.794997 70.271946 70.271946 93536.841247 30799.188017
136.278948 154.042816 0.321025 0.377929 90.268820 91.069728 91.069728 117539.443486 23780.757054
202.764222 25.233567 0.192321 0.111615 95.832557 102.339681 102.339681 1799403.833768 1184.337533
124.356752 352.388813 0.860702 0.384711 50.564488 54.007429 54.007429 4836866.202469 3998.070616
195.596456 384.315840 0.992781 0.343990 63.750705 63.841441 63.841441 6978.955864 162797.698807
95.422269 320.376293 0.660710 0.083061 37.959906 55.710706 55.710706 26016373.036598 276.142534
196.885942 338.635648 0.866957 0.392698 42.007795 55.924758 55.924758 22846362.188212 221.923811
162.146779 339.532936 0.817387 0.310346 52.017340 58.618160 58.618160 8700470.970869 1328.569902
121.144723 119.545281 0.309603 0.469196 62.484335 76.649659 76.649659 9458219.589496 625.872586
89.601973 399.022620 0.999365 0.187743 44.250057 46.608523 46.608523 4087825.947689 9112.793564
151.226108 423.386741 1.112155 0.112176 42.723165 52.655648 52.655648 16610155.425365 471.918568
520.517471 205.327111 1.023815 0.099116 56.632088 61.429945 61.429945 3345497.451434 715.747413
334.322692 96.552325 0.471761 0.360845 80.819546 82.224199 82.224199 250150.055415 8301.644234
117.720671 380.505079 0.926441 0.213398 51.574741 54.772216 54.772216 4351219.111074 4050.453534
450.615862 21.543489 0.683892 0.468423 62.779574 70.027711 70.027711 5371043.011579 562.946955
260.124356 304.069533 0.806067 0.464026 64.645804 66.565801 66.565801 904611.185143 5561.211261
130.044860 316.986645 0.712179 0.272970 53.484292 59.276943 59.276943 7424143.180260 1892.724467
603.673728 342.525142 1.685797 0.084453 49.434740 50.807073 50.807073 531262.237243 3712.853056
554.172508 31.042475 0.892838 0.075576 62.975758 65.675131 65.675131 1010317.019874 1403.071492
263.621621 208.773150 0.561070 0.497550 77.358886 77.998208 77.998208 83948.018820 21860.070361
88.613023 182.277091 0.332704 0.206019 46.878385 62.720422 62.720422 15500025.037878 676.001524
426.113991 313.603586 1.126486 0.386665 55.846117 58.521347 58.521347 1791454.798552 2784.454925
49.493869 86.592449 0.262109 0.399170 28.189133 40.820586 40.820586 6254605.832804 8272.354917
153.771581 316.803075 0.765334 0.482557 54.152284 59.294274 59.294274 6124099.427535 2084.968378
512.977317 299.156338 1.277037 0.297017 57.910214 -1.000000 57.856861 1958.308543 -391388.166829
125.808898 306.030737 0.719147 0.402758 40.389842 51.749058 51.749058 17280212.207253 725.035025
132.930982 117.377299 0.270421 0.352063 89.119629 91.958331 91.958331 773965.616131 5667.866196
191.445534 137.486061 0.330566 0.338088 90.014371 91.142491 91.142491 151983.611875 13803.394175
135.654184 453.270420 1.250370 0.131170 41.284426 48.841886 48.841886 13634287.403890 928.126171
168.068252 297.208083 0.676164 0.409247 69.219994 70.416806 70.416806 503054.289516 12125.546513
299.978817 384.885933 1.112692 0.143134 58.925770 60.020796 60.020796 369735.390124 8584.737732
147.690678 392.449302 1.043810 0.353864 33.093676 46.516682 46.516682 26654877.278136 336.085451
91.498111 115.324397 0.310272 0.483678 37.601106 61.462463 61.462463 16845661.653875 450.204068
449.683196 369.870816 1.376975 0.286107 51.070360 53.861865 53.861865 2215199.841795 2335.672780
355.114396 115.283976 0.520859 0.284925 65.824019 76.238672 76.238672 8104016.913757 358.657814
104.846077 418.035624 1.039412 0.065443 53.807383 56.950221 56.950221 2991090.983609 3318.891101
252.652938 419.766256 1.216788 0.216311 47.910695 54.001705 54.001705 8156122.702746 967.942616
626.074283 3.258788 1.154627 0.354290 57.324950 58.955838 58.955838 708209.523023 4917.470705
88.804679 490.993161 1.462219 0.224364 35.422439 37.224797 37.224797 4113102.829353 20694.970941
191.009417 249.981570 0.562898 0.407675 74.375926 75.829990 75.829990 473966.916220 9593.292085
134.178432 312.825446 0.708883 0.432143 66.492278 67.298174 67.298174 454566.452377 21134.070715
80.117452 443.910594 1.220465 0.166077 15.767736 30.965671 30.965671 27825604.937289 1314.035741
261.137412 294.484472 0.738331 0.185104 59.021709 66.426098 66.426098 7082901.590871 827.612349
96.623994 151.567102 0.309754 0.318753 59.798547 69.976206 69.976206 8125912.562457 1264.751637
389.440450 333.683681 1.096358 0.287582 60.442089 60.947269 60.947269 97824.565382 21522.442979
215.678643 465.223344 1.377317 0.166673 49.086982 52.410504 52.410504 3507783.851244 2274.072743
509.761222 320.116907 1.329442 0.165230 53.829500 55.616001 55.616001 885142.491914 3834.457038
200.445249 240.427299 0.570238 0.518896 72.887747 74.871547 74.871547 750451.000663 6507.582249
589.107517 242.675949 1.341919 0.244643 51.068487 54.559468 54.559468 2904322.563576 1556.764130
156.167924 319.507091 0.742351 0.424297 66.153868 67.282046 67.282046 579069.972001 13152.429023
111.507891 524.601435 1.605691 0.117335 44.557861 46.490722 46.490722 2683905.085891 5823.378810
78.292169 70.547957 0.168304 0.198371 84.555999 89.112187 89.112187 2068361.621477 4580.987998
139.721083 436.802120 1.180392 0.147584 38.471212 48.663485 48.663485 19664154.505067 516.944696
212.672029 68.870537 0.300063 0.398998 89.052417 92.361490 92.361490 707494.309187 3238.678678
186.020120 334.370755 0.824835 0.438259 61.608551 63.844552 63.844552 1570397.790125 5328.056503
245.108864 279.872658 0.685371 0.271055 65.294944 69.294227 69.294227 2646130.577166 2323.728990
185.990580 163.613096 0.374548 0.327711 67.407222 80.113381 80.113381 9573810.744848 450.166141
228.850209 392.573297 1.062732 0.213737 54.048757 57.981422 57.981422 3836538.235307 1994.399212
93.713523 85.090540 0.216103 0.314093 86.673386 90.084101 90.084101 1262226.577491 5844.654775
213.289391 427.076831 1.200543 0.281298 55.287160 56.723155 56.723155 903401.459011 7256.320204
158.443976 404.089816 1.080224 0.315917 42.800917 50.419279 50.419279 13475480.351605 996.929061
107.455384 302.983547 0.713175 0.377874 14.785156 42.589427 42.589427 36165675.180653 314.600665
54.972391 120.042408 0.223886 0.183648 45.809869 54.992943 54.992943 6469034.864406 4516.960387
68.554289 513.299159 1.562257 0.136050 29.236906 31.565434 31.565434 5510001.718689 25258.630031
99.490259 332.303244 0.815517 0.442020 38.342560 43.918298 43.918298 9036458.661831 3658.443708
190.522517 482.141093 1.453164 0.203014 41.610061 48.123028 48.123028 11531505.572041 829.477361
145.899043 235.331367 0.430034 0.141455 84.040503 84.620747 84.620747 84019.535386 30016.258599
256.090441 130.764464 0.377515 0.269263 85.181249 87.297532 87.297532 463566.052793 5694.927960
164.917074 300.403665 0.689466 0.321380 54.083801 62.255001 62.255001 9987848.897037 981.823456
539.523434 56.428202 0.904185 0.322160 58.045858 63.417037 63.417037 4329746.595018 940.265099
485.272105 259.033548 1.074050 0.188348 59.071752 60.741039 60.741039 683371.571211 7139.928519
126.103527 146.293252 0.295503 0.345248 92.947714 93.521005 93.521005 68489.454863 35901.639318
158.664970 484.608308 1.427503 0.226038 50.220344 51.608327 51.608327 1247005.262021 7580.739882
81.942676 91.010807 0.192215 0.210896 77.972184 84.189233 84.189233 3356699.572748 3054.902202
196.964545 316.751750 0.792581 0.438714 51.158974 59.933885 59.933885 11429775.221665 799.297010
57.575721 340.805990 0.792454 0.200991 18.041356 28.220948 28.220948 12761145.860572 7104.570435
130.667457 267.767075 0.547760 0.341031 76.196447 76.652557 76.652557 122934.025981 40787.643330
461.724696 266.889160 1.039979 0.240222 61.860150 62.362270 62.362270 85075.670864 21452.466088
637.178881 99.926812 1.222074 0.147565 54.836100 57.461563 57.461563 1495491.779386 1793.862167
98.609283 498.739806 1.435788 0.053911 49.911119 51.539051 51.539051 1260011.855051 6456.306230
354.195172 243.000043 0.738274 0.176786 61.587761 67.974120 67.974120 5064845.290651 884.903729
135.999050 494.629283 1.455485 0.189482 51.119096 51.854264 51.854264 525301.091325 16662.080512
403.695009 88.845017 0.569255 0.243397 78.776606 -1.000000 78.737088 540.567634 -712880.115861
281.227184 28.500377 0.283367 0.097861 96.956350 -1.000000 96.838272 1951.007957 -311493.862013
133.403722 188.448333 0.365538 0.343321 88.766038 89.054273 89.054273 27146.038238 71040.307869
50.054735 528.086886 1.577343 0.016721 14.758051 41.809895 41.809895 34758081.413736 138.460297
72.247476 362.398116 0.830068 0.124928 41.235606 44.969795 44.969795 6139345.674034 7542.966926
571.900553 91.869006 1.033925 0.358009 54.143977 59.929198 59.929198 5475673.981594 794.894604
113.659377 161.113801 0.377135 0.550377 69.017362 74.081166 74.081166 3121421.494560 3065.483930
115.162187 51.335824 0.253682 0.483555 62.003696 81.824637 81.824637 10907196.828419 277.708138
85.152381 369.571726 0.859617 0.144953 48.443559 50.889710 50.889710 3712036.630149 8859.622210
336.849571 342.453144 1.016492 0.198774 61.123391 62.221929 62.221929 355613.830746 8981.891633
90.292597 393.730832 0.998232 0.234976 38.881151 42.691889 42.691889 7136868.573753 5795.030752
169.985354 199.170537 0.376531 0.160450 82.219059 85.269302 85.269302 1118337.723714 4236.763623
137.664044 34.593429 0.192361 0.269884 94.990166 99.845863 99.845863 1215571.884175 2604.764374
75.395319 82.474618 0.269290 0.499037 65.739659 70.054817 70.054817 2274071.011395 7757.139197
183.777470 405.291392 1.085754 0.212568 36.442527 51.418906 51.418906 29200255.175950 189.962925
135.967925 222.671625 0.473227 0.365142 54.261741 66.346193 66.346193 12872320.387832 660.329503
294.464652 419.013112 1.270507 0.345286 58.007019 -1.000000 57.963324 1785.182990 -456113.194714
65.140596 90.512080 0.248294 0.358976 46.683979 57.422956 57.422956 6718820.499055 3246.601362
185.785453 291.955848 0.695451 0.459577 62.419403 66.356426 66.356426 3169421.949615 2173.250538
591.279188 365.380224 1.741744 0.147019 47.468554 49.526786 49.526786 1327721.412935 2445.883327
145.664403 461.266165 1.328963 0.233100 34.359772 44.388383 44.388383 22026989.085672 549.469822
282.028342 255.346553 0.714316 0.473404 44.660058 64.554670 64.554670 27913884.311663 12047.305105
276.667442 192.347143 0.514856 0.297727 74.327679 77.892061 77.892061 1530142.261290 2655.992807
523.255142 168.941679 0.991706 0.317487 57.188442 61.388430 61.388430 3169804.515831 1392.069363
116.235368 363.317021 0.825000 0.127509 61.502508 63.193086 63.193086 1247043.255544 8355.938437
174.512644 512.291843 1.577696 0.168094 50.677917 51.383341 51.383341 344175.367348 14587.614523
376.286856 171.610448 0.675925 0.508288 69.847868 71.991591 71.991591 725365.519643 4329.526747
179.338492 244.195337 0.552476 0.386844 59.067466 68.684746 68.684746 9631473.896813 784.261222
143.283748 393.040565 1.027100 0.340429 44.989749 50.802259 50.802259 9716419.113045 1625.534222
404.519269 142.247170 0.640264 0.257285 73.797733 74.622313 74.622313 133172.960863 14260.193802
129.964919 137.523319 0.337946 0.522711 78.097322 82.634888 82.634888 1943648.719003 3110.442510
125.918070 297.345163 0.628741 0.239193 62.739928 65.999685 65.999685 3005444.567437 4312.146807
86.775582 437.810008 1.143860 0.115065 48.396678 49.671862 49.671862 1836105.382686 16257.302836
87.543466 178.721988 0.279755 0.128030 83.727444 85.946628 85.946628 1088870.333854 9457.132331
167.321602 344.823504 0.807691 0.203097 60.556048 63.756600 63.756600 2646891.963406 3613.936686
401.578311 236.393753 0.842556 0.347333 61.745417 65.357096 65.357096 2266703.058700 1889.172870
132.740529 283.073982 0.589698 0.223766 59.773733 65.754383 65.754383 6312900.223226 1816.557383
129.302443 123.802148 0.226976 0.189076 99.459886 100.231631 100.231631 81706.263461 25990.600109
196.232856 309.763080 0.722517 0.333754 70.652777 71.102479 71.102479 82050.608109 33383.606444
233.856303 200.996002 0.449915 0.205046 85.073652 -1.000000 85.039888 412.093713 -859392.533179
134.819020 92.498637 0.212318 0.215878 87.603430 94.849566 94.849566 2914263.939242 1615.000409
198.862216 490.303812 1.488884 0.190535 49.909921 51.585772 51.585772 1331849.965944 5378.803638
90.981838 117.863262 0.229348 0.203913 47.548123 72.367695 72.367695 19295605.904007 259.134217
203.259844 191.272137 0.370784 0.093877 90.068368 -1.000000 89.985201 1566.752606 -387534.351579
358.859559 146.224742 0.586465 0.375693 65.368859 73.368777 73.368777 5849388.830128 749.682175
143.989454 187.186793 0.410056 0.539137 86.369134 86.556331 86.556331 11877.699971 106472.531572
441.266010 304.488458 1.096512 0.169833 61.482125 -1.000000 61.356551 7499.294034 -185175.661829
636.084470 89.129603 1.235059 0.325709 49.761817 55.728969 55.728969 6594002.921896 617.526270
213.043737 337.060957 0.830301 0.328852 67.917643 68.132498 68.132498 23892.059884 67716.842484
65.445516 272.539053 0.502561 0.079287 30.847050 48.821098 48.821098 21157538.337387 671.705320
530.283349 248.242729 1.186714 0.294472 52.566938 56.939267 56.939267 3949228.295256 1162.130451
149.381854 237.472504 0.418753 0.065421 86.934784 86.979409 86.979409 575.562774 433184.881461
309.906194 277.627520 0.799816 0.428832 60.527064 65.317622 65.317622 3727240.578920 1575.589771
208.704805 223.378426 0.462833 0.121991 66.418876 77.608527 77.608527 9204996.329021 462.936286
238.762984 215.801545 0.511607 0.292215 76.307599 78.565487 78.565487 762353.315137 5301.344972
138.165557 198.402715 0.431681 0.543923 82.512919 83.124883 83.124883 112472.186089 30596.187967
132.679612 350.903835 0.779376 0.134454 69.066642 69.324188 69.324188 41038.398257 61506.945097
507.503877 171.985003 0.971369 0.435524 57.014307 61.619206 61.619206 3641389.045744 1205.815804
121.559069 376.743156 0.876770 0.089644 56.527174 60.488206 60.488206 3869094.229388 2638.063813
548.741024 384.228605 1.684836 0.159152 50.409201 50.991665 50.991665 147229.230731 13523.527089
137.180724 559.977902 1.815846 0.114145 49.441427 49.538366 49.538366 13164.635461 120232.951423
251.760690 259.965008 0.580123 0.012979 77.710016 -1.000000 76.092267 35287.645930 -44780.966186
86.488779 261.100404 0.489058 0.146857 59.171219 63.445956 63.445956 4637094.867990 4159.591649
99.348348 190.543047 0.420130 0.514380 64.149803 67.259118 67.259118 2374587.331344 6764.173003
488.131109 187.173384 0.939543 0.451031 65.324787 -1.000000 65.192522 7635.672699 -185148.322535
77.777692 46.590102 0.244470 0.487143 64.778512 72.477929 72.477929 3782491.664068 2797.488264
110.355951 35.721425 0.249247 0.534457 85.948399 90.560862 90.560862 1240054.721515 3301.414379
578.360683 247.133160 1.301274 0.145508 57.391802 -1.000000 57.290871 5259.504190 -219478.501987
152.957986 472.177187 1.331883 0.082131 54.734119 55.521682 55.521682 285755.016179 13010.758603
131.610606 340.179662 0.809218 0.418318 59.235816 60.762259 60.762259 1425563.174094 10272.678586
83.403652 38.955064 0.144064 0.198617 104.475204 105.509052 105.509052 170589.444875 24724.549653
424.657035 145.779729 0.721433 0.398933 62.237151 68.588141 68.588141 4765575.934838 854.588607
78.880979 373.800701 0.917589 0.204677 25.068683 35.637593 35.637593 18017501.512310 2270.508330
210.764039 308.219343 0.754190 0.470161 69.335889 69.845441 69.845441 102107.484600 27980.365412
315.355351 168.715221 0.496264 0.144630 76.949517 79.962040 79.962040 1020731.338081 3042.213316
457.471111 393.558692 1.472409 0.126157 51.887747 53.436994 53.436994 718917.523922 3891.539837
659.703377 28.443014 1.255238 0.171844 53.655633 56.628288 56.628288 1939966.714860 1818.119187
533.819866 164.583779 1.027451 0.400731 54.222634 59.942470 59.942470 5419122.629847 906.027673
148.047320 374.085406 0.964527 0.390909 44.260593 51.328451 51.328451 11775208.735694 1225.675798
527.563365 233.086962 1.149152 0.372977 54.013833 57.813361 57.813361 3089920.136141 1543.626666
95.313342 148.353321 0.302801 0.335114 70.022435 75.258754 75.258754 3490986.256193 3546.256596
162.687994 252.996779 0.585212 0.488464 56.778039 65.401278 65.401278 8998495.720556 1035.798277
253.381157 536.995308 1.795501 0.042039 50.060426 -1.000000 49.963639 4372.914535 -213505.128187
103.293707 393.703320 0.951686 0.119833 50.834789 54.420749 54.420749 4836675.374122 3515.334186
110.964586 279.024574 0.634092 0.506170 57.443337 59.563267 59.563267 2254374.632634 9573.192944
198.324597 474.178379 1.392099 0.158498 55.025251 55.292112 55.292112 49212.259808 43080.027805
165.386397 448.187423 1.253862 0.293195 54.573441 55.463160 55.463160 561862.555234 13539.227342
88.077389 360.355482 0.841841 0.173981 40.641561 46.416775 46.416775 9804438.353335 3238.501583
171.959512 448.018404 1.255783 0.297501 55.700695 56.302659 56.302659 277018.340613 20461.587505
314.685927 332.135896 0.928945 0.119209 62.814706 64.352223 64.352223 532794.500224 5894.115794
190.794673 221.305221 0.518535 0.505081 72.629780 75.842397 75.842397 1527747.584503 3746.754936
182.205489 254.288988 0.519285 0.164367 74.834043 77.337752 77.337752 1050622.388773 5003.364918
208.926570 350.545732 0.905795 0.437624 59.277228 61.812305 61.812305 1911178.799025 4403.049392
151.565043 357.919990 0.862913 0.387620 64.810172 65.253972 65.253972 156406.694363 34859.737451
142.157555 356.478639 0.868252 0.404134 59.438248 60.884684 60.884684 1214807.874077 9954.717065
395.680553 251.528170 0.867955 0.418602 67.588395 -1.000000 67.549860 832.804153 -617065.002186
476.177629 102.026680 0.753331 0.261212 71.114932 -1.000000 70.995309 5018.986434 -221454.712349
203.395357 377.020166 1.018502 0.430414 47.463420 54.665931 54.665931 10711207.830115 937.232046
111.365586 343.614815 0.838084 0.309341 5.445234 41.172033 41.172033 46185027.640689 152.511094
449.797032 229.518437 0.919460 0.248024 59.367426 63.310412 63.310412 2718929.489722 1878.574032
111.479889 242.706376 0.503154 0.402131 68.464697 70.091417 70.091417 1176691.803116 12157.412870
178.354561 189.707512 0.433118 0.492104 83.575195 84.257615 84.257615 91464.714864 24247.406809
254.395155 240.239833 0.613684 0.389826 65.674815 71.281908 71.281908 3969429.001131 1439.876567
316.974335 246.505772 0.722063 0.462515 69.529044 70.721505 70.721505 313656.456068 9524.156677
222.302668 409.682643 1.173144 0.363058 35.379456 50.182984 50.182984 30036300.819133 124.501974
274.148478 323.304532 0.882635 0.417334 61.911357 64.105644 64.105644 1212429.342195 4430.154881
142.258343 255.607321 0.507199 0.199996 66.644818 72.170157 72.170157 4572926.310010 1975.610431
106.771224 360.070807 0.814977 0.100387 45.592553 55.044270 55.044270 14294297.291444 865.110005
155.859255 342.421607 0.750624 0.051451 71.412648 -1.000000 71.381496 425.026341 -796769.074389
500.810402 286.485156 1.222991 0.313962 46.071441 54.950175 54.950175 12687821.274820 321.539532
124.782227 253.308907 0.493821 0.263539 76.583319 77.573056 77.573056 385612.564654 18156.095739
80.116068 244.098911 0.529110 0.363054 31.885507 43.383379 43.383379 13234811.751943 2167.580662
308.032614 465.132396 1.526679 0.247180 38.116764 48.381101 48.381101 20116679.391497 276.817482
192.807526 246.286591 0.539415 0.352837 78.899394 79.233525 79.233525 34983.938115 49923.392407
124.042802 259.904244 0.508293 0.168467 54.700674 65.999612 65.999612 13239073.576250 706.226803
495.482829 226.078588 1.021786 0.259674 61.919272 62.620496 62.620496 149462.437611 14441.869040
194.718146 164.049640 0.430989 0.533980 52.766973 75.377460 75.377460 20988591.473737 58.324763
119.799102 307.861093 0.606163 0.071350 75.958181 76.234360 76.234360 27856.630946 60118.195119
160.304873 323.473642 0.785799 0.445447 53.137907 58.951029 58.951029 7215426.007487 1667.057353
309.614995 292.930017 0.833093 0.347591 58.960359 64.146790 64.146790 4431138.681832 1382.412106
517.557872 118.692716 0.876807 0.190670 62.836476 65.440791 65.440791 1212356.590626 2758.832903
98.521660 485.617072 1.426269 0.202314 36.706630 39.986065 39.986065 7203118.092231 4693.764768
202.890914 518.601952 1.636175 0.127991 50.602167 51.187252 51.187252 200999.769901 16518.552285
403.704670 406.851838 1.404571 0.097464 42.625528 53.017422 53.017422 15376374.913882 41.674991
465.246567 55.164449 0.684369 0.213555 68.898467 71.705926 71.705926 1139783.384243 2640.516923
236.656880 114.985585 0.363675 0.380236 80.565743 86.119205 86.119205 2144888.278781 1502.021018
104.451995 214.633773 0.370284 0.184541 84.132163 84.915438 84.915438 246638.298744 26691.865546
584.212844 328.634960 1.578249 0.179270 52.969952 -1.000000 52.910069 2541.281346 -327306.328649
416.327983 278.531041 0.964446 0.218306 63.611581 64.177117 64.177117 99652.727452 19223.503858
178.542924 228.162978 0.507289 0.488878 81.095128 81.257648 81.257648 9565.382054 111461.627012
630.444241 52.993327 1.175460 0.304273 58.564025 59.234985 59.234985 150639.078310 14130.375266
127.872447 365.801335 0.940878 0.419268 36.315775 46.017141 46.017141 17647349.321569 941.595209
309.841628 224.412449 0.637118 0.364656 75.543127 -1.000000 75.445698 3483.300355 -278033.670927
194.620015 387.702330 0.996535 0.242568 62.266928 62.762280 62.762280 127445.447640 26090.099194
134.869206 306.597827 0.723098 0.372564 26.756644 50.683038 50.683038 37275366.758775 90.266524
351.017852 371.548747 1.140845 0.095568 59.128584 59.931692 59.931692 180966.099649 10873.533508
528.416233 123.591462 0.916524 0.233127 64.620800 65.378982 65.378982 150304.236756 14583.123735
449.861300 31.561962 0.681352 0.481463 69.332137 71.828108 71.828108 901092.595515 3394.895505
167.194734 252.510075 0.549223 0.385236 71.932396 74.266431 74.266431 1164041.544378 5876.547311
106.154054 287.003940 0.659427 0.480408 52.027212 55.058799 55.058799 3755338.358704 6675.600869
119.522334 152.259304 0.280966 0.258189 91.713793 92.859946 92.859946 240382.140349 17322.648375
86.474087 5.538025 0.135023 0.200113 112.141549 112.295847 112.295847 5485.279602 178540.896426
108.925903 131.768565 0.200275 0.108455 102.964739 103.513033 103.513033 45876.297523 40112.522826
115.071821 250.544827 0.541993 0.407680 55.194815 61.198082 61.198082 6613033.055656 2249.992559
225.566775 450.466710 1.288728 0.025198 57.583260 -1.000000 57.386536 7555.328834 -137026.398502
116.693181 532.402909 1.653607 0.079264 32.748133 42.666288 42.666288 21582155.320391 451.016136
245.948860 166.778308 0.446864 0.349174 59.762831 77.341770 77.341770 16355661.217866 113.718178
240.047022 382.812663 1.039559 0.184329 40.201494 55.629786 55.629786 27315068.861831 -429.330800
343.449940 431.105174 1.411370 0.218741 47.308263 52.122733 52.122733 5741452.483675 1119.258613
185.704215 430.186692 1.218775 0.371479 46.643845 51.387543 51.387543 7157127.908561 1722.798150
205.607937 543.664337 1.782427 0.137964 50.268170 -1.000000 50.237493 1239.143201 -562687.477339
135.211947 204.401176 0.395094 0.272384 75.331342 79.340898 79.340898 2336870.951168 3578.638729
90.627889 22.095668 0.206431 0.440437 104.031248 104.080472 104.080472 882.110087 533964.207295
90.393821 199.441921 0.327973 0.132594 74.064904 78.155232 78.155232 2890207.401488 4343.589036
473.031793 255.375371 1.049365 0.339453 61.125278 61.858634 61.858634 171977.260341 14088.814342
367.543628 82.558867 0.507758 0.278384 69.591512 77.591716 77.591716 5156676.975299 585.553577
100.990037 380.120017 0.937929 0.259614 47.350790 49.648538 49.648538 3670883.411746 8501.140176
243.447084 393.184395 1.071411 0.227772 62.108211 -1.000000 62.046108 2970.265970 -344955.743248
123.427054 250.370747 0.525937 0.515038 79.202281 79.258927 79.258927 6961.070467 393342.462570
137.743108 314.911511 0.701704 0.343957 66.984030 68.020620 68.020620 571105.555770 15360.998738
111.284922 30.968922 0.219555 0.393505 72.049474 86.578562 86.578562 7042542.555565 612.771279
409.629556 492.092260 1.824408 0.012629 49.286619 -1.000000 47.443475 133929.731688 -27665.965311
113.850072 484.469142 1.391533 0.128492 45.069783 47.968665 47.968665 4429406.157920 3762.930106
282.377431 258.745008 0.664484 0.266820 74.548503 -1.000000 74.494400 1337.126255 -481984.015334
152.304596 376.775731 0.973660 0.383654 45.757278 52.242731 52.242731 10440771.120190 1360.420249
226.514591 349.317738 0.891470 0.211694 52.768065 60.376982 60.376982 9268802.160024 771.670811
94.865152 435.458195 1.162539 0.139442 28.714460 40.032270 40.032270 23447585.404574 811.849947
116.864015 278.794556 0.627628 0.362518 31.687689 50.704948 50.704948 26835366.083580 330.400444
101.159933 243.551119 0.533439 0.467077 56.160720 59.467656 59.467656 3458924.295705 6371.744396
118.593593 354.486634 0.888207 0.462299 47.325793 50.630525 50.630525 5038690.063791 4945.983799
382.228380 107.291057 0.520200 0.106912 78.468337 79.952832 79.952832 275796.406446 6693.666899
75.905018 146.668992 0.262117 0.201301 62.108563 69.208965 69.208965 5566933.740792 2946.054019
616.604112 189.449250 1.288146 0.147175 57.761444 -1.000000 57.722131 938.394861 -533515.053491
127.437182 416.499210 1.040959 0.076535 61.063799 61.595087 61.595087 136788.131096 23973.834695
303.441895 300.536486 0.795729 0.100088 69.909314 -1.000000 69.883059 332.217962 -957049.060573
130.356240 499.416310 1.493185 0.255262 48.643900 49.466292 49.466292 872723.743328 15782.722612
141.352630 552.190158 1.774470 0.112743 48.637759 49.103673 49.103673 192018.854150 22565.295268
587.008916 2.651066 0.992564 0.101572 62.337290 63.407325 63.407325 240751.121430 7155.565776
458.961086 156.973725 0.788978 0.250999 66.338767 68.302794 68.302794 718191.924552 4377.107815
106.373447 157.668223 0.364438 0.528199 69.782172 74.043412 74.043412 2581837.362714 4122.983239
369.172819 82.380227 0.512209 0.307560 76.606871 79.266542 79.266542 820918.812169 3525.828881
122.629526 500.714230 1.478793 0.172709 50.329982 50.983133 50.983133 522622.759356 19748.735193
389.315111 247.388232 0.816699 0.156974 57.362617 65.360566 65.360566 7584394.532340 482.975449
509.780020 168.315280 0.941503 0.230642 57.000206 62.456474 62.456474 4576692.001378 873.083523
638.934107 70.028268 1.223425 0.344328 55.907773 57.554301 57.554301 756121.855526 4753.235264
126.468925 137.646493 0.346688 0.516225 58.832922 73.674851 73.674851 10875725.180651 500.269641
247.760334 156.250316 0.345399 0.037065 91.865828 -1.000000 91.672879 3375.447034 -203355.551000
649.981644 35.380570 1.226713 0.248930 58.307938 58.597337 58.597337 34183.062532 35753.839546
200.524045 291.671937 0.690636 0.437909 70.233203 71.193930 71.193930 288176.735619 14448.421100
100.626394 65.391605 0.190241 0.263452 87.448667 93.118839 93.118839 2163873.215163 2852.039751
58.066518 429.600512 1.117801 0.099166 26.141863 31.861473 31.861473 10428161.786156 8391.756804
116.633493 246.219718 0.519348 0.326011 45.903001 58.797932 58.797932 15973514.069558 665.155629
209.883076 381.801995 1.016368 0.367109 57.277836 59.485281 59.485281 1677974.358832 4816.917286
124.124770 229.103075 0.470270 0.324059 58.259780 66.720420 66.720420 8626070.054423 1307.149273
107.455450 182.077012 0.393562 0.466553 67.057376 71.367341 71.367341 3076438.018713 3991.713818
87.356807 54.853143 0.135498 0.122704 73.595191 91.291483 91.291483 9941960.023539 514.255551
159.663395 432.518942 1.152969 0.147393 56.908051 57.977812 57.977812 556631.554474 10642.327544
110.669844 453.700366 1.230368 0.117248 46.720034 50.120383 50.120383 5005598.976904 3193.944469
76.202904 515.775367 1.588752 0.145365 18.157806 28.183841 28.183841 22362852.585956 2559.856427
113.737286 177.814995 0.393960 0.500365 68.529106 73.072011 73.072011 3022261.364224 3497.078456
88.659186 269.602639 0.553881 0.228816 40.498612 50.769729 50.769729 13729431.923918 1827.014910
141.056755 351.388849 0.837562 0.315804 58.087203 60.519529 60.519529 2399732.758994 5382.782008
483.357891 98.798603 0.803266 0.460001 65.425069 67.633104 67.633104 872579.844611 3332.916708
137.339321 406.871600 1.008048 0.113805 63.207531 63.328707 63.328707 11721.127023 121852.278891
104.301345 151.263631 0.312792 0.367808 76.376718 80.055967 80.055967 2003642.442550 4959.444396
116.156824 525.123013 1.624337 0.104545 26.604139 40.006596 40.006596 32523707.928386 306.517941
158.966657 411.718093 1.106332 0.325954 48.361381 52.614360 52.614360 6200417.689229 2222.821338
302.258971 330.380411 0.917776 0.164545 51.687946 61.145818 61.145818 11565579.722546 393.659789
311.257601 284.300119 0.780081 0.193330 63.260608 67.088947 67.088947 2421869.982183 2030.370846
76.457507 2.591011 0.122964 0.147306 92.162698 97.465779 97.465779 1982688.617233 3846.294111
415.920266 101.379741 0.663371 0.494403 60.886515 70.233039 70.233039 7857087.162096 382.985931
178.112896 251.558052 0.564296 0.347786 55.774474 67.285044 67.285044 12788970.572590 572.761881
72.418498 422.640405 1.063918 0.069726 37.283241 43.745334 43.745334 11349848.640669 2314.167214
564.614664 155.211432 1.091458 0.336273 54.220222 58.903701 58.903701 4084641.651681 1085.269415
312.067961 318.926972 0.898384 0.229825 61.064805 63.869811 63.869811 1673926.590190 3058.954367
88.034088 314.073993 0.745710 0.387041 31.688799 40.096363 40.096363 12659389.536088 2968.541782
125.825730 303.345411 0.710403 0.502013 56.163287 59.139303 59.139303 3329242.214258 6368.677585
115.111387 317.745522 0.698463 0.279144 61.070579 62.858395 62.858395 1718052.223108 9269.245811
140.185433 263.392121 0.592210 0.475967 60.691822 65.378145 65.378145 4411417.369644 2673.955775
346.689191 293.893031 0.897253 0.435847 66.489802 -1.000000 66.376064 6436.683031 -211306.192166
176.962732 418.729972 1.139913 0.392847 56.705171 57.643242 57.643242 559657.138338 13173.319397
307.471726 260.565321 0.757258 0.470269 59.371171 65.932374 65.932374 5776554.486195 985.925177
170.221555 297.489362 0.709265 0.472347 57.496633 63.003297 63.003297 5746306.260286 1834.199603
105.378276 354.447033 0.888133 0.412752 39.496769 44.753865 44.753865 9031761.930267 3382.068155
638.382929 117.308722 1.232162 0.052752 58.802315 -1.000000 58.726457 1912.437963 -325843.239520
535.898953 19.922580 0.841238 0.125499 68.282256 -1.000000 68.167073 4439.197495 -223327.646968
390.836842 234.660021 0.762946 0.060111 71.070858 -1.000000 71.057388 68.239599 -1874276.734177
381.708564 137.531843 0.628633 0.443875 64.394087 71.817180 71.817180 5359423.963907 708.136288
251.535259 297.670436 0.751792 0.378939 71.258537 -1.000000 71.210600 1370.546343 -508440.753484
166.069109 22.247983 0.186488 0.202735 101.175140 103.761009 103.761009 390398.225939 5433.143970
128.527015 256.428444 0.472866 0.120247 76.140662 78.452684 78.452684 1054542.143537 6398.296842
69.316525 443.612408 1.155494 0.068458 45.381918 46.911257 46.911257 2319970.604717 17405.908257
84.961926 153.591107 0.240093 0.113792 64.732253 77.407224 77.407224 9956948.601056 961.306133
55.764297 119.810049 0.328947 0.510779 23.697699 38.520687 38.520687 7941247.231047 6175.906309
179.776206 282.010978 0.625510 0.329053 71.776453 73.052731 73.052731 459852.437201 11114.485053
135.051034 12.160893 0.232457 0.424818 76.442613 90.693397 90.693397 6264501.003515 408.478511
433.777473 17.588838 0.601765 0.267080 75.537855 76.344964 76.344964 117417.834844 14655.875853
326.677933 231.309447 0.718708 0.488041 57.362790 66.793370 66.793370 9332683.865345 456.732724
85.806632 293.889356 0.577516 0.142436 63.854823 65.035767 65.035767 1108749.450102 18462.101880
84.563141 369.472506 0.915398 0.244868 22.298195 35.372188 35.372188 21709732.129680 1643.135086
292.902706 317.272350 0.886634 0.381850 60.661213 63.605811 63.605811 1919628.067070 2979.318556
133.765112 104.339190 0.282523 0.438553 82.053665 87.807715 87.807715 2212665.555709 2157.008661
87.242828 308.328024 0.762601 0.481189 7.342412 32.442187 32.442187 25270490.163176 1447.952952
665.820161 310.514251 1.786993 0.093093 50.100612 -1.000000 49.955912 10819.543146 -143404.720860
319.556619 235.643061 0.635215 0.091379 73.671115 74.780749 74.780749 198116.397487 9381.383373
197.837822 362.989556 0.940175 0.411284 57.178619 60.089755 60.089755 2580080.206933 3518.562020
242.285322 500.816589 1.604389 0.216738 45.976764 49.136718 49.136718 3678883.028733 2275.010408
192.316367 114.161005 0.302895 0.344202 94.351177 94.697313 94.697313 16477.411471 52447.734530
128.756165 354.118331 0.875498 0.374231 45.014098 51.279421 51.279421 10072827.603548 1739.234781
86.385486 161.482636 0.385871 0.502776 28.791964 50.741578 50.741578 17516809.949904 816.894278
171.013154 334.188412 0.750393 0.153068 71.118030 -1.000000 71.035612 4255.163034 -298703.776507
233.774768 310.079790 0.727468 0.074851 61.542413 68.569917 68.569917 5303291.672658 594.533705
430.839637 124.734987 0.709316 0.424869 63.137416 69.185335 69.185335 4278913.962064 806.446781
326.447513 371.162000 1.118879 0.209587 51.595936 57.200897 57.200897 6112316.462744 1054.983491
