88.532373 151.478533 0.253953 0.174760 78.584963 82.761120 82.761120 2504531.146979 4565.321745
311.692964 245.959761 0.665338 0.175512 71.049568 72.731791 72.731791 510322.013937 6165.973248
433.095059 282.756755 1.037528 0.270780 43.997225 58.105454 58.105454 22381277.453344 55.073443
559.908557 210.422359 1.187260 0.351498 52.737527 56.963080 56.963080 3736085.008578 1257.866246
119.449271 436.343228 1.150839 0.222320 57.794875 57.973165 57.973165 79829.725738 92709.047744
104.327670 141.420019 0.266409 0.274591 88.469055 90.228829 90.228829 575999.958132 11706.874912
282.569164 260.152685 0.665869 0.240715 73.465418 73.866106 73.866106 44961.738554 34852.866381
245.294728 205.157502 0.456784 0.097731 69.708960 79.851261 79.851261 7071358.971249 373.565643
262.076652 137.707404 0.370113 0.171189 88.065084 89.004435 89.004435 111250.338779 15029.759810
111.280771 275.478652 0.608212 0.421411 56.773959 60.011860 60.011860 3584689.172668 5352.162843
145.506477 162.346313 0.324511 0.311152 89.468423 90.555102 90.555102 192320.897529 16711.971949
489.052778 431.127654 1.720390 0.129289 51.030475 -1.000000 50.965937 2979.678483 -295694.220535
133.733085 259.921204 0.545399 0.393468 72.912712 74.087055 74.087055 544348.660250 14582.775921
160.817021 536.583416 1.700713 0.135299 49.108770 49.779011 49.779011 329331.854986 14941.082985
121.694287 337.314723 0.722049 0.078206 58.085109 64.308691 64.308691 6179423.336471 1476.878215
249.069281 278.166441 0.721783 0.498794 65.904330 68.597088 68.597088 1434079.842164 3970.780540
163.057672 244.838609 0.567433 0.518672 60.191537 67.345476 67.345476 6622700.210756 1334.153664
410.872009 254.790384 0.912439 0.426790 65.130708 65.607915 65.607915 73496.618776 24555.131073
91.038314 213.178782 0.348574 0.089682 58.237036 71.679335 71.679335 12992144.279077 710.432182
122.832886 461.125061 1.289225 0.191665 46.925233 49.438145 49.438145 3722175.003479 4651.395220
121.689809 193.092767 0.319373 0.144283 92.323781 92.662364 92.662364 30929.687023 61353.046548
546.747015 4.532181 0.914590 0.363982 57.531799 63.056087 63.056087 4568868.030691 880.044642
405.460616 449.442630 1.609143 0.162536 51.320541 51.912161 51.912161 158924.525624 14330.805881
299.765570 393.397359 1.144549 0.090201 52.691170 57.894962 57.894962 4592704.120889 859.556316
154.135502 205.465399 0.463643 0.538334 74.727041 77.483391 77.483391 1245010.090843 5168.150533
255.884368 339.754535 0.891052 0.192107 48.363295 60.203266 60.203266 16804588.604109 269.541170
157.531167 409.039693 1.062076 0.338554 61.743325 61.842193 61.842193 12837.973187 151700.382970
322.841974 319.118163 0.950296 0.424325 57.036785 61.243356 61.243356 3543487.097753 1806.585664
114.782947 314.228312 0.754052 0.422660 34.135719 46.622345 46.622345 19633186.675768 784.419475
177.181489 287.387113 0.670175 0.442959 64.023577 67.475016 67.475016 2586326.113591 3377.034301
218.344359 429.532658 1.242507 0.357831 47.871013 52.538594 52.538594 6378510.627236 1647.643046
48.859771 41.876921 0.215257 0.353899 41.704519 49.349074 49.349074 3812439.428674 13268.122280
96.471797 356.551100 0.896772 0.367190 28.190258 38.468850 38.468850 17693073.241766 1732.462665
95.644700 181.404984 0.381503 0.378264 50.749233 61.433035 61.433035 9995169.394757 1379.175601
530.081024 26.486355 0.827511 0.137108 68.796097 -1.000000 68.726511 1816.404426 -360708.101112
165.234745 436.603866 1.191962 0.198761 52.400634 54.845371 54.845371 2425222.005574 4156.032624
142.914489 376.624781 0.978624 0.400588 41.095452 49.242289 49.242289 14450532.945819 1039.381951
213.812413 203.679942 0.443740 0.251643 84.205402 84.595931 84.595931 33084.196290 42564.550686
313.523684 548.951585 1.960889 0.039643 47.917233 -1.000000 47.585919 37743.004995 -68416.325207
203.582205 429.090995 1.226426 0.276358 33.311500 48.876833 48.876833 33106481.942682 151.133887
600.862973 137.933854 1.169567 0.267686 51.138697 57.089071 57.089071 6237747.269832 635.438309
148.001085 268.505261 0.616927 0.472417 54.434638 62.307942 62.307942 8950689.284911 1216.938807
428.076017 119.023524 0.649689 0.162157 61.425670 71.348075 71.348075 8681090.096338 249.649294
122.446230 409.122986 1.108862 0.364732 34.320919 42.640843 42.640843 16902831.221656 1137.386892
118.075931 469.345988 1.340675 0.224672 43.971401 46.575133 46.575133 4517884.912745 4690.605559
177.122228 352.365425 0.854757 0.332406 65.260197 65.902976 65.902976 207642.784878 21879.594183
81.203769 518.002568 1.603776 0.171710 27.613600 32.029097 32.029097 10891547.948995 6452.030016
253.406486 440.277890 1.304403 0.258159 55.503448 56.189473 56.189473 237496.539822 15947.968789
413.156147 122.985863 0.644885 0.288338 65.183889 71.630642 71.630642 4480396.759902 780.185378
115.129930 409.540250 1.063144 0.291811 50.740334 52.114446 52.114446 1878362.462915 12262.929260
126.376486 298.198972 0.655901 0.347707 61.682116 64.265560 64.265560 2416751.157232 5765.354749
229.509022 345.730396 0.874097 0.240150 63.630131 65.048566 65.048566 605012.677064 8060.606224
156.840810 549.584908 1.769726 0.134543 50.299614 -1.000000 50.253738 3358.110897 -358332.601323
143.392079 266.512230 0.580550 0.436733 69.750565 71.538546 71.538546 1010412.812737 8655.998815
152.387269 231.254998 0.512692 0.437470 60.358170 68.591409 68.591409 7726479.381447 1181.472331
177.024087 348.869715 0.838470 0.284061 63.853687 65.172408 65.172408 662002.576688 9739.756902
322.223053 375.171519 1.150897 0.309060 41.578478 54.235892 54.235892 22082027.868924 180.271823
263.845930 501.147529 1.617049 0.130609 50.561883 51.402430 51.402430 325348.184922 10429.769398
127.091091 177.586272 0.368531 0.469255 89.502100 89.599951 89.599951 4468.679357 222247.463677
187.905564 363.131124 0.907227 0.221247 51.386559 58.509625 58.509625 9346029.476760 1030.647117
315.359851 129.175468 0.491117 0.447198 82.259808 82.446573 82.446573 7217.924187 84224.935260
281.208054 221.138424 0.581776 0.251943 58.005743 71.394959 71.394959 14070070.685263 269.432272
548.979377 14.843765 0.929355 0.448526 61.255678 63.779163 63.779163 1242607.305793 2977.181867
153.846638 430.006153 1.175480 0.322418 51.472347 53.609927 53.609927 2451269.267257 5240.514690
641.241940 19.069946 1.190388 0.246852 59.602488 -1.000000 59.538476 2333.334673 -341992.572643
67.070536 508.952946 1.509533 0.086290 36.150451 37.506650 37.506650 2819234.399462 37284.094250
329.102387 141.018804 0.533119 0.444647 76.306766 78.356288 78.356288 540986.138208 5115.715048
224.965832 497.228204 1.555965 0.157730 45.670165 49.569163 49.569163 4806087.371867 1680.537538
72.910799 141.174076 0.213119 0.127781 89.039919 90.008142 90.008142 414040.413852 31548.684275
58.885388 230.479310 0.444481 0.204416 32.481667 40.902366 40.902366 8731890.278088 6360.351620
382.434770 218.879919 0.714374 0.105002 72.496089 -1.000000 72.350447 6099.255499 -191782.048586
538.709311 236.240291 1.156761 0.171855 58.936342 59.647087 59.647087 156379.672938 12819.838223
161.658210 422.900809 1.162192 0.342924 47.166666 51.451607 51.451607 6504134.503259 2171.696293
285.645730 254.627511 0.660158 0.251103 71.688432 72.993757 72.993757 353627.801369 8923.211395
137.778768 456.256920 1.296711 0.339817 48.454732 50.139909 50.139909 2272386.571758 8353.812953
167.951534 409.299929 1.096126 0.257309 43.340753 51.493663 51.493663 14143074.794059 786.142532
120.188474 210.409530 0.426478 0.448581 82.386947 82.776603 82.776603 84916.049701 53944.142809
181.917855 45.449506 0.278425 0.468222 86.998061 92.663436 92.663436 1516848.591305 1518.675807
137.977556 300.542120 0.698902 0.439005 53.653078 59.236211 59.236211 6809334.152466 2061.327124
360.988295 82.239490 0.483231 0.262618 83.055612 -1.000000 82.974247 1714.264100 -368801.384900
277.875141 384.903214 1.085782 0.180663 57.818774 59.713162 59.713162 1022390.045029 4504.452345
62.803374 252.593072 0.488743 0.181003 41.658989 46.089693 46.089693 5332416.577704 11650.842157
140.833205 169.582910 0.335971 0.321008 88.065508 89.215122 89.215122 232314.909794 15681.485923
420.594109 364.275699 1.270456 0.186862 55.416002 56.764257 56.764257 564960.436072 5699.354876
153.953109 392.285448 1.027591 0.289580 37.220669 49.262491 49.262491 23063822.309210 437.066468
374.996842 236.110321 0.751978 0.171096 71.086463 -1.000000 70.936495 7730.599253 -178023.103518
246.723948 437.889136 1.291982 0.257448 52.016307 54.457331 54.457331 2080298.263797 3419.736546
147.708339 141.890834 0.337736 0.490585 88.145634 89.354900 89.354900 199933.645055 14148.699295
152.411414 184.782468 0.414278 0.529296 83.037188 84.041873 84.041873 199063.426477 16964.095223
399.684894 127.612543 0.616420 0.248032 62.422274 72.134910 72.134910 8339167.538909 17525.586719
412.768026 338.943854 1.161620 0.252388 58.994582 59.532380 59.532380 110899.203802 19241.376250
106.515474 169.749056 0.278317 0.146239 82.132030 86.520075 86.520075 2290420.320266 3695.616474
468.215041 48.775295 0.682874 0.180432 68.086331 71.570732 71.570732 1613469.692611 1772.901175
137.917120 209.030991 0.363127 0.140749 88.263041 88.889175 88.889175 86009.227249 29407.186425
71.054116 81.386220 0.272305 0.459263 21.963625 51.983339 51.983339 15549766.504193 910.606435
66.673506 380.639327 0.923792 0.154846 30.398952 35.743995 35.743995 9317275.060135 7799.112732
288.957520 171.136653 0.513617 0.435006 79.749685 80.444620 80.444620 83791.620124 19723.269431
335.171700 448.868501 1.472958 0.201323 50.896458 52.724637 52.724637 1181139.991773 4131.669280
183.057709 450.682614 1.278613 0.345987 57.024555 57.200014 57.200014 32113.195589 74780.402264
412.201095 351.787767 1.236914 0.359739 47.223326 54.401160 54.401160 9698629.735844 357.968311
200.556531 40.205775 0.236062 0.250106 94.389875 98.039377 98.039377 769725.191375 3030.723861
202.656950 272.380247 0.610039 0.212600 59.255247 68.725262 68.725262 9797647.662893 694.503018
393.488645 207.524755 0.763393 0.364093 61.415070 67.072548 67.072548 4306876.105343 1073.182570
209.245184 25.175794 0.306992 0.545266 94.730840 94.878668 94.878668 2458.989869 121125.118878
183.860511 341.560875 0.816349 0.328747 68.227549 68.433174 68.433174 25717.432615 74679.882570
227.940580 372.476486 0.993040 0.311920 56.647431 59.756439 59.756439 2642981.332060 2967.531417
350.686924 26.774999 0.449129 0.338123 85.051157 -1.000000 84.984115 1088.423579 -459543.642478
96.161842 99.547228 0.272658 0.457426 73.988087 79.631713 79.631713 2795138.238691 3012.834406
428.974601 238.153728 0.866195 0.109939 65.512459 66.668513 66.668513 270988.951200 7702.893274
174.520706 391.444499 0.991475 0.258499 63.575095 63.702217 63.702217 13485.351218 115437.653985
121.389738 547.216496 1.740106 0.106785 43.721054 45.883731 45.883731 2840767.548640 4399.782222
660.434862 54.335828 1.288064 0.348219 54.918204 56.421144 56.421144 673066.551485 5198.266495
74.858911 391.057203 0.971664 0.167632 31.134485 37.357663 37.357663 11440651.757416 4454.926072
489.833123 186.706193 0.910324 0.200379 66.155351 -1.000000 66.014759 7777.981668 -178762.178255
426.114618 293.397559 1.061932 0.395025 57.306902 59.980665 59.980665 1692404.728487 2741.618847
129.193019 134.852650 0.320962 0.506147 89.463446 90.400994 90.400994 143595.565127 20230.237169
217.445181 413.850138 1.164795 0.385318 53.727994 56.069192 56.069192 2059891.500068 4075.672050
357.457424 191.972163 0.640808 0.254964 65.420867 71.557321 71.557321 4278543.754289 1138.521965
254.095579 399.892266 1.146130 0.392978 55.654326 57.566528 57.566528 1305844.842076 5362.709029
151.256512 410.174223 1.101169 0.317282 43.694041 50.042778 50.042778 11052241.050618 1320.284843
416.752044 145.577490 0.666935 0.213118 70.029546 72.459930 72.459930 894599.172627 3624.659393
655.560856 300.278791 1.720954 0.145743 49.960457 50.565238 50.565238 150592.226858 8444.120734
641.440309 221.308061 1.451890 0.182390 52.357795 53.815680 53.815680 652570.784417 4779.382120
261.856040 318.206802 0.832406 0.315466 63.559228 65.707691 65.707691 1116588.660851 4689.785939
146.914891 551.013319 1.766284 0.051003 46.406763 48.539341 48.539341 1488294.539497 3066.914396
183.500006 240.793564 0.559818 0.443134 57.665500 68.091577 68.091577 10620309.226513 639.761522
154.520470 493.531603 1.462146 0.176346 50.762081 51.873585 51.873585 818457.259651 9631.936682
265.622236 254.465068 0.652364 0.327498 65.492016 70.326144 70.326144 3307556.898260 1761.810389
237.930816 77.561558 0.305380 0.271156 80.071725 89.698432 89.698432 4654019.977819 524.076580
100.083383 229.849829 0.439371 0.286846 72.542518 73.704911 73.704911 767147.524675 19565.547737
367.002918 251.091061 0.798848 0.237193 53.288132 64.579483 64.579483 13422571.187156 291.426336
117.800655 130.054588 0.261409 0.270552 81.908779 87.389894 87.389894 2620407.697773 2673.038457
257.444700 14.166004 0.262336 0.149364 97.244957 98.052914 98.052914 59620.430540 18509.173484
151.514460 76.341906 0.223202 0.288763 101.275253 101.750393 101.750393 24763.285595 41282.009689
443.305460 57.050452 0.611683 0.108800 73.558855 75.466374 75.466374 476866.667143 4453.225564
187.761161 170.315689 0.407130 0.506572 87.835708 87.843750 87.843750 28.303315 2795553.074374
516.684439 92.090940 0.886043 0.445427 59.183892 63.974051 63.974051 3521469.357448 1142.994119
176.253358 378.272324 0.983453 0.438483 56.751363 58.875400 58.875400 1856032.525222 5483.461122
469.304532 59.080368 0.732349 0.452638 69.686225 70.813812 70.813812 247154.329113 9312.303086
117.630989 458.386919 1.273328 0.247270 51.450538 52.038839 52.038839 620016.462282 27985.743340
326.940829 77.774762 0.435194 0.312398 80.718931 83.492087 83.492087 761409.777932 3485.307711
667.983873 281.266167 1.698258 0.068720 51.157021 -1.000000 50.939839 18796.971477 -103564.396891
377.392871 209.042314 0.738067 0.478101 71.900213 71.917360 71.917360 155.646094 960842.091393
447.424542 224.411609 0.874426 0.108989 66.379398 66.900923 66.900923 65994.511487 19664.429722
498.672147 138.494307 0.882026 0.395561 63.485522 65.397536 65.397536 754766.500953 5540.745216
101.317405 74.854690 0.268151 0.480371 43.801431 72.117297 72.117297 17940042.595849 155.037382
570.933371 35.059519 0.978422 0.342760 64.387718 -1.000000 64.286318 4687.033164 -235314.648653
144.805735 254.730668 0.561746 0.394653 55.209639 64.273015 64.273015 10108517.587238 980.120040
126.886166 462.061438 1.323855 0.303761 44.309523 46.823146 46.823146 4333969.507181 5024.135931
156.243681 413.552842 1.087384 0.250571 54.418542 56.515903 56.515903 2009506.772187 5339.246159
115.159540 243.335583 0.483778 0.307397 70.008887 72.255430 72.255430 1585937.603533 7802.737757
337.990792 82.059004 0.445223 0.236418 71.084357 80.721207 80.721207 6305701.549544 466.703314
116.246392 355.504957 0.913972 0.444422 26.646387 41.167443 41.167443 25388607.523191 660.031629
96.026989 47.591174 0.207845 0.346455 75.003901 84.986351 84.986351 4761350.992459 1327.522183
298.299312 422.341160 1.307461 0.259709 39.498690 51.297699 51.297699 22122038.853106 192.737756
373.576620 345.790937 1.116565 0.345978 59.320672 60.110441 60.110441 226159.918851 12992.909078
400.081316 148.895574 0.642775 0.221448 62.535384 71.265933 71.265933 7301217.027316 476.420126
164.936936 449.464722 1.300752 0.319150 35.450049 45.503753 45.503753 21587263.868043 466.670772
76.131580 254.297791 0.520231 0.236051 24.342161 42.180878 42.180878 20030048.565653 1105.595475
85.736389 504.295911 1.517566 0.167284 34.366103 36.959797 36.959797 5983182.876532 10081.027870
160.684534 376.629600 0.946311 0.386898 61.287388 62.085876 62.085876 408280.276483 17657.274487
171.673802 253.396524 0.506491 0.125815 59.966120 72.696003 72.696003 12961596.039674 438.602113
434.444897 378.811747 1.369225 0.313633 56.258503 -1.000000 56.211994 1731.991237 -423223.354708
522.515154 216.602972 1.082621 0.317121 59.129398 60.572607 60.572607 559527.255281 5945.176633
168.370330 378.983707 0.950293 0.275276 59.081268 60.860230 60.860230 1287131.425349 6727.851119
403.554696 14.758443 0.555466 0.383844 79.205057 -1.000000 79.079648 4050.351145 -235676.577788
57.087865 159.568452 0.206956 0.040457 63.258331 78.922379 78.922379 10010493.596448 861.914100
215.433271 420.451964 1.199082 0.280828 33.002067 49.839162 49.839162 35491385.238365 61.826244
138.739620 250.015673 0.508360 0.245166 58.703193 67.884860 67.884860 9763285.412643 960.811972
129.778349 231.197755 0.495874 0.382217 52.405004 63.779279 63.779279 12618211.410054 737.346990
128.561101 319.344700 0.775675 0.463920 42.187307 51.100019 51.100019 13759819.142402 1054.278957
224.201366 298.647281 0.736517 0.443305 69.339535 70.116374 70.116374 193805.999927 17414.975944
264.189529 323.064019 0.874148 0.381470 54.094688 61.150217 61.150217 7984288.996232 922.798802
97.845458 221.232527 0.509230 0.507461 29.715444 48.217077 48.217077 19686224.663309 700.562942
497.033927 190.353747 0.943092 0.247721 65.231225 -1.000000 65.086465 8690.081197 -171074.714034
588.791579 13.216420 1.028514 0.347733 63.120320 -1.000000 63.015645 5191.214286 -224928.612716
238.652618 185.602340 0.420916 0.175897 84.793371 85.599193 85.599193 102215.689300 18146.904414
175.891261 185.399157 0.381752 0.306472 89.037471 89.141331 89.141331 3086.309501 190318.205537
188.079616 327.525278 0.796284 0.289738 46.004844 58.708601 58.708601 19237587.359820 373.010471
370.879637 162.604439 0.599731 0.188220 62.657932 72.826636 72.826636 8810731.362715 338.845645
153.354110 422.220134 1.156987 0.343623 45.624896 50.299504 50.299504 7636451.753285 1997.267113
174.995998 227.481918 0.477965 0.319791 77.785834 79.577217 79.577217 605921.400946 8063.732901
135.881269 413.221827 1.067666 0.159235 45.332154 52.020697 52.020697 10858580.523679 1239.144115
99.228372 143.324355 0.260538 0.245434 87.029417 89.055601 89.055601 775332.154360 10304.606616
86.805751 312.524075 0.644523 0.136508 54.581240 58.044342 58.044342 4347655.052966 11517.807506
285.019485 255.596174 0.696039 0.497938 73.236748 73.301802 73.301802 1834.306379 245632.258651
547.319961 393.121889 1.716808 0.158029 51.034620 -1.000000 50.949429 5064.227728 -228258.619944
140.494495 399.548708 1.043401 0.320746 48.073197 52.163067 52.163067 6203636.824949 2622.366826
242.082555 488.066655 1.529565 0.147058 42.307032 49.142530 49.142530 10844066.517769 666.756906
90.210394 172.714179 0.335358 0.282631 56.378971 65.538835 65.538835 8159437.165240 1549.816821
627.071512 95.567407 1.205838 0.292803 51.068136 56.476235 56.476235 5490780.086658 719.338924
183.684694 72.873320 0.271817 0.385273 93.920815 95.657191 95.657191 228156.631815 8138.392948
82.956641 142.375186 0.186174 0.053416 98.740918 101.223004 101.223004 540995.850974 7597.248744
218.873112 286.416534 0.668907 0.269358 69.291843 71.259787 71.259787 850990.357996 6052.083391
55.623298 422.984349 1.083896 0.087554 18.267520 29.264049 29.264049 17280753.429890 3885.306355
85.589876 244.458581 0.468673 0.231439 62.243285 63.977117 63.977117 1719798.968770 16340.094953
78.428076 355.194697 0.855319 0.269912 37.725625 40.564867 40.564867 4860734.690479 17645.302702
556.371276 80.227181 0.955076 0.272043 63.877507 64.469840 64.469840 101259.605344 17839.563076
118.189419 423.140046 1.104894 0.171006 46.459739 50.617076 50.617076 6614016.032432 2635.463450
356.090431 163.835421 0.578234 0.221319 68.867470 74.597002 74.597002 3461957.716350 1191.884758
212.635568 321.861319 0.783037 0.375164 69.995543 -1.000000 69.916080 4184.529064 -301470.003200
227.344771 378.554288 1.014970 0.340445 59.170738 60.741407 60.741407 885004.806100 6922.202672
447.616749 161.354577 0.787762 0.415216 70.101200 -1.000000 70.054300 1008.300869 -536355.816647
514.709258 250.257888 1.132951 0.176876 51.414344 57.883977 57.883977 6790555.673748 591.378509
388.146705 11.486027 0.514373 0.298896 74.790310 78.658317 78.658317 1538744.831772 2066.745136
391.152469 62.588036 0.532894 0.294472 80.375927 -1.000000 80.272576 2837.087657 -285763.444750
95.515879 64.503276 0.206370 0.307706 74.105743 84.323414 84.323414 5267062.154952 1251.795082
397.053031 145.192468 0.661723 0.403401 65.597469 71.070999 71.070999 3472503.095908 1162.656617
262.463636 377.590566 1.047507 0.314619 60.813312 61.505260 61.505260 199601.252781 16793.451558
55.368256 236.244895 0.401150 0.079681 36.498989 48.975022 48.975022 12792012.422925 2127.901635
203.123715 202.618808 0.455509 0.362326 81.703605 82.702709 82.702709 180106.382778 14947.133668
538.031589 320.241014 1.422962 0.246248 49.940072 53.194292 53.194292 2763977.737470 1696.909646
163.945027 253.094124 0.504155 0.192835 77.409387 78.830636 78.830636 443995.309893 10420.866308
139.594531 350.204002 0.839360 0.316222 54.333301 58.113922 58.113922 4603555.617000 3127.128743
262.938858 300.269600 0.800723 0.358517 42.022594 60.994883 60.994883 29863238.793678 73.666648
287.810231 406.669330 1.213461 0.225581 43.069594 53.362415 53.362415 17153749.872629 291.020664
214.912197 292.046242 0.695809 0.321060 64.872855 68.391875 68.391875 2376257.531546 2929.416411
314.588504 378.305379 1.107539 0.152501 61.372877 -1.000000 61.319961 1767.423368 -413699.223225
287.104158 167.870828 0.498980 0.411050 82.141820 -1.000000 82.058821 1966.777742 -353737.691474
118.242464 389.341681 0.968729 0.210626 46.838320 51.654030 51.654030 7688544.493330 2365.476244
376.454461 81.542479 0.525254 0.330039 80.587201 -1.000000 80.413007 7174.879628 -175051.555125
541.877843 34.388436 0.889464 0.318637 66.802952 -1.000000 66.691563 5100.277341 -224135.983563
314.218600 360.270547 1.054724 0.321128 62.502471 62.564001 62.564001 2478.178206 223777.314609
107.076360 239.390255 0.505239 0.317122 25.514883 52.701819 52.701819 32057255.365719 194.262686
105.703805 323.674435 0.772932 0.422977 45.002361 49.338496 49.338496 6554655.792545 4097.303077
296.009852 237.539540 0.628914 0.233508 72.664038 74.180704 74.180704 426839.770931 7832.251941
301.782140 229.207254 0.654814 0.381254 60.339527 69.174073 69.174073 8089075.450096 564.148298
297.277941 441.417620 1.358683 0.138023 56.387739 -1.000000 56.321587 3130.630226 -308475.685948
84.769168 276.041287 0.570132 0.201531 23.932618 44.918479 44.918479 26351847.677910 547.350977
627.825930 162.230829 1.290334 0.310932 57.771356 -1.000000 57.755467 210.147565 -1238223.847945
474.171385 22.180944 0.720670 0.419659 72.250211 -1.000000 72.121200 5453.564072 -210403.911976
100.338363 153.315093 0.306382 0.323573 72.820649 77.648529 77.648529 3061056.718692 3606.859064
105.236309 256.207563 0.456355 0.139060 83.041944 83.213879 83.213879 20822.442650 121071.485243
363.411166 84.280354 0.479614 0.213010 83.277720 -1.000000 83.202265 1492.254622 -404626.793399
202.304675 408.838542 1.109245 0.343722 59.162228 59.753738 59.753738 203093.611521 20920.317919
115.281654 325.533968 0.715175 0.174390 46.984906 56.111574 56.111574 13497239.285964 1008.990756
378.714868 36.493965 0.468123 0.161079 84.118389 84.130895 84.130895 53.170339 1495196.877645
135.663164 290.348346 0.650520 0.416726 61.834489 64.789211 64.789211 2676388.901835 4693.303077
348.620137 329.433736 0.995733 0.198247 57.670269 61.198087 61.198087 2527993.660109 2214.060890
413.970858 228.353739 0.875621 0.466926 51.332307 62.213939 62.213939 13323501.761898 270.510173
109.085499 328.757982 0.681183 0.059367 48.813384 62.731624 62.731624 17457334.860358 320.282175
46.398658 140.953121 0.255933 0.180222 31.399922 42.241881 42.241881 7143491.454352 7301.576686
124.730280 438.930649 1.223259 0.291106 37.129917 43.706186 43.706186 13655406.484529 1393.665606
116.688353 150.430566 0.360923 0.490842 47.538021 67.349782 67.349782 16731155.419174 351.864522
137.508762 309.702082 0.690825 0.264671 52.884901 60.159859 60.159859 9401466.483188 1369.701979
79.674345 210.707394 0.402954 0.239665 46.356727 55.353577 55.353577 9600476.272548 2228.555505
217.820845 451.007622 1.305318 0.221874 56.149249 56.540102 56.540102 95044.416439 29514.100092
71.641819 132.546377 0.173848 0.069452 100.996896 102.027511 102.027511 211447.437221 24431.053892
75.942522 137.334171 0.229523 0.156496 68.514930 75.556098 75.556098 5057297.006721 2680.230113
141.880041 23.536031 0.243242 0.465411 90.533050 95.043388 95.043388 1000238.401354 2680.666783
105.902970 21.703389 0.165490 0.232384 85.982710 95.419321 95.419321 3838777.709256 1351.946351
83.565690 157.842885 0.347711 0.447063 63.720323 66.507869 66.507869 2013049.319813 13085.957766
93.034782 137.027780 0.213971 0.156557 102.022035 102.198936 102.198936 12214.113679 143985.397897
137.716828 360.239846 0.910246 0.429433 46.849256 52.222343 52.222343 8308731.638681 2011.195243
446.788269 191.152887 0.813439 0.158233 55.245096 65.485445 65.485445 10853694.792922 222.898662
90.211053 164.864752 0.263229 0.172061 93.033523 93.490077 93.490077 104439.241598 55125.265830
274.219317 373.077729 1.051057 0.358399 60.978531 61.575806 61.575806 153209.858722 19592.131191
87.806718 3.014285 0.185199 0.333767 90.098010 93.559118 93.559118 1036781.765401 5941.208702
129.799822 103.740704 0.189838 0.132637 98.859216 101.730026 101.730026 622708.727002 5597.867922
383.247410 387.758841 1.281309 0.190274 57.744972 -1.000000 57.659050 4696.766285 -246398.496359
472.307244 157.525606 0.794394 0.088861 69.815996 -1.000000 69.715251 3057.163299 -269352.978003
397.635167 337.988908 1.157209 0.381416 48.722349 55.858655 55.858655 9179864.395639 617.781784
244.928637 198.721660 0.462072 0.181375 74.450365 79.791428 79.791428 2824849.854805 21853.357887
337.006600 246.565183 0.766953 0.453121 58.053741 65.651471 65.651471 7157501.799247 693.564944
253.972827 391.191204 1.100031 0.287908 53.637552 57.332319 57.332319 3566802.224240 2125.054229
462.689097 417.708446 1.578537 0.002247 52.060120 53.577163 54.156215 1008420.609591 -7844.136451
210.353372 381.213100 0.987246 0.202911 59.119659 61.147922 61.147922 1265583.711619 5178.879205
285.592692 303.507722 0.793729 0.132608 49.269142 64.417292 64.417292 20273057.338677 77.331878
149.918449 320.012946 0.750013 0.455451 63.757664 65.287795 65.287795 1034947.793030 9494.673077
158.278988 531.871817 1.687137 0.176349 44.361418 46.865449 46.865449 3322883.140335 3446.046867
70.737095 504.948545 1.503070 0.114861 33.098695 35.190729 35.190729 4706607.768817 21135.226677
494.662279 262.321054 1.116713 0.251984 57.950819 59.657341 59.657341 763655.560595 13803.330117
144.403718 472.719671 1.361827 0.258225 50.460895 51.739836 51.739836 1280365.099728 9287.181508
541.929536 255.446140 1.230187 0.306319 58.735218 -1.000000 58.648354 4480.616643 -249092.353157
432.822917 343.226109 1.219114 0.233161 58.939417 -1.000000 58.850041 4816.809264 -241997.867552
100.122442 256.461515 0.450858 0.072249 62.923990 72.067630 72.067630 8360072.153301 1103.849393
108.619141 403.798591 1.023076 0.193626 45.911501 49.827291 49.827291 6466704.567052 3235.570566
334.927822 213.708766 0.677775 0.398286 55.700080 68.038306 68.038306 13382540.584235 268.460407
169.767998 487.299022 1.429504 0.107939 52.931485 53.762799 53.762799 352031.650825 12188.246430
218.147268 213.773156 0.453802 0.165769 81.944587 83.071288 83.071288 208087.519076 12425.669238
166.931864 234.632174 0.498784 0.280619 54.193018 69.109705 69.109705 16837362.822771 411.621076
166.247285 333.665594 0.792312 0.370749 63.464384 65.144479 65.144479 1057623.413285 7860.684957
172.063538 406.871112 1.073451 0.317642 57.909110 58.983053 58.983053 642592.612458 11515.544086
129.427477 203.054779 0.352019 0.148271 82.695794 85.430889 85.430889 1107355.728338 5702.588823
104.195631 59.300724 0.163333 0.186701 89.967174 97.133876 97.133876 2779156.131431 2005.433428
204.317981 334.826579 0.799911 0.224078 67.647578 68.283475 68.283475 149523.482614 21292.047493
420.199690 364.973558 1.285433 0.264921 52.782263 55.480782 55.480782 1989371.406864 2375.477411
424.852921 154.382137 0.702316 0.252481 71.635197 72.315983 72.315983 102721.842321 17284.996515
553.897648 167.330344 1.090528 0.406401 53.502356 58.670350 58.670350 4826283.035729 941.444629
51.386858 424.213442 1.084816 0.082092 23.861197 30.078017 30.078017 10402838.359774 9622.938545
85.275047 146.060240 0.333227 0.422649 48.747074 60.149385 60.149385 9110483.660281 1599.738770
85.786809 419.546647 1.068124 0.092439 24.368303 40.894799 40.894799 30990855.902447 520.752205
469.499612 93.366191 0.731988 0.278107 70.471173 71.202064 71.202064 118236.774780 15634.765778
663.193493 39.936570 1.255847 0.066880 58.219935 -1.000000 58.065084 7940.382970 -158331.417025
145.131054 412.012149 1.090318 0.326079 52.363931 54.526595 54.526595 2525704.793054 5641.529671
147.975337 227.717397 0.461459 0.343059 79.182477 80.388279 80.388279 367964.791752 13831.226644
193.117083 153.914335 0.348379 0.277540 78.831571 85.298857 85.298857 3190819.426959 1488.146638
93.543500 445.267131 1.172589 0.086981 48.310453 50.985039 50.985039 3601350.471593 4888.861889
216.772302 467.329457 1.420031 0.287483 40.850002 48.302184 48.302184 13774315.465194 715.555164
207.234364 218.005520 0.512861 0.392141 64.285002 73.187505 73.187505 7361790.835498 839.819341
62.992301 288.459531 0.649767 0.301889 4.796337 28.130494 28.130494 17727501.232515 3458.897347
160.957937 401.724218 1.100662 0.384391 25.495389 45.518520 45.518520 41438928.382263 89.830397
132.975698 206.256920 0.358610 0.154159 87.015646 88.047935 88.047935 216836.374951 17510.788525
93.696565 43.219962 0.255618 0.534438 66.294663 77.674117 77.674117 5432105.011317 1179.086291
94.286040 112.781685 0.221254 0.245629 88.928433 91.448919 91.448919 927226.574710 8379.077080
180.785120 202.070979 0.466377 0.502028 77.361380 79.639795 79.639795 785214.656271 5922.078649
91.530484 250.059140 0.490488 0.216027 49.168021 57.415132 57.415132 10038440.299999 1728.394348
247.651383 362.023648 0.958511 0.292704 64.964261 -1.000000 64.917829 1643.309480 -475098.010929
120.984947 295.184862 0.656909 0.314587 46.105119 55.558424 55.558424 13396940.506940 1024.068247
112.086396 303.551640 0.698511 0.356398 38.445362 49.579738 49.579738 16894693.185246 886.286539
225.126869 218.495144 0.549449 0.461127 56.985663 70.555665 70.555665 13719370.482942 276.908248
423.775398 115.812947 0.662089 0.368018 74.639469 -1.000000 74.569445 1735.271956 -385406.433087
157.329095 355.730237 0.856942 0.375143 65.112691 65.597218 65.597218 162710.086075 31261.367052
252.660882 197.949911 0.485167 0.231192 66.910811 76.664418 76.664418 7673666.909710 565.002198
133.665336 388.904289 0.982038 0.210734 38.627121 49.586626 49.586626 20318603.250735 605.427881
134.588119 24.805452 0.243841 0.508500 100.510306 100.592808 100.592808 914.326846 265017.364506
273.371415 344.441295 0.959235 0.439488 59.866619 61.985314 61.985314 1250744.993576 4477.374373
107.486250 473.525201 1.336095 0.092218 18.521737 41.803207 41.803207 49565154.819494 92.744879
185.975864 396.642038 1.045441 0.210498 43.721597 53.765058 53.765058 16882469.567926 500.269480
109.985555 290.347838 0.607717 0.233374 56.034309 60.992547 60.992547 5917553.042134 2803.736488
350.839693 95.138853 0.524311 0.454829 66.458257 76.271666 76.271666 6897006.583509 316.374340
67.150553 140.308850 0.253587 0.177646 20.889505 53.445751 53.445751 22029282.617639 546.703323
106.476664 80.784250 0.174521 0.166885 82.712336 93.359268 93.359268 5327584.446724 1147.230026
645.798974 256.610545 1.558633 0.205838 52.471773 52.877091 52.877091 74430.349218 21545.523249
521.194709 143.374543 0.958998 0.423668 57.400513 62.001330 62.001330 3572129.977143 1210.077643
87.261984 260.270811 0.519090 0.184203 6.893796 46.904161 46.904161 38523703.565549 185.544081
326.704589 201.406353 0.630574 0.451770 74.596992 75.151140 75.151140 68403.780411 23678.370020
544.386081 77.988515 0.938696 0.428223 64.236689 64.847362 64.847362 106774.673342 17478.433082
267.264036 322.005375 0.817810 0.094594 59.605642 65.646327 65.646327 4741876.375929 806.226265
348.560888 393.586919 1.265284 0.315168 50.501898 54.637656 54.637656 4294491.688592 1551.386779
94.566064 205.331822 0.356758 0.154428 60.701823 69.898663 69.898663 8793175.550727 1394.704428
358.504325 204.903874 0.710781 0.493919 63.290345 68.761118 68.761118 3786746.810666 1125.099397
62.628202 572.722416 1.892269 0.082375 27.112055 29.977389 29.977389 7058707.633747 15946.815267
175.198525 521.150251 1.613436 0.064668 52.485598 -1.000000 52.447419 1247.340386 -485946.505582
126.181968 312.357480 0.663072 0.161581 57.533698 63.366812 63.366812 6582513.166987 1808.980145
448.298929 261.458145 1.018334 0.316939 44.242135 58.507733 58.507733 22405723.161402 71.765577
120.025568 243.632344 0.535834 0.435918 51.735529 60.291268 60.291268 9732468.982693 1320.825867
148.541093 531.473174 1.674064 0.185427 46.644731 48.025855 48.025855 1407328.773958 7979.125229
240.635111 430.022697 1.278714 0.323399 33.177515 49.221281 49.221281 34514225.185185 154.428769
375.722131 103.702867 0.544700 0.321494 77.886577 78.820937 78.820937 141396.481791 12974.226226
520.466325 127.433051 0.910675 0.248821 54.744096 62.722264 62.722264 8204089.019591 449.723677
120.442422 85.698885 0.222426 0.286580 79.805445 89.540443 89.540443 4751196.126456 1087.374236
242.405248 381.227746 1.046971 0.335412 56.847754 59.260619 59.260619 1783833.285007 3972.327128
103.336897 345.756444 0.772702 0.149467 50.372163 55.696101 55.696101 7520760.245447 2314.371652
256.099883 350.182726 0.964918 0.425323 54.038454 59.232061 59.232061 5563874.285153 1462.283243
121.317529 276.612518 0.640606 0.425850 23.307544 49.372087 49.372087 35074703.015457 133.245975
323.448230 170.119767 0.551492 0.325770 71.281069 75.900177 75.900177 2360626.097906 7156.261665
333.532165 233.822473 0.687605 0.242687 66.197480 70.296372 70.296372 2412718.406361 1887.034401
252.704283 141.867849 0.383547 0.232321 78.893659 84.723317 84.723317 2666494.666612 1487.568101
170.838236 283.691967 0.655696 0.496945 68.755502 70.356928 70.356928 768780.567023 8753.547580
119.017249 501.797964 1.514874 0.243184 42.661843 44.639534 44.639534 3535840.502440 6578.894817
140.931874 448.444264 1.271236 0.267350 35.388654 44.449778 44.449778 19421496.247331 766.556466
36.829719 562.960833 1.793538 0.023723 25.003905 29.304892 29.304892 6868700.481102 15155.043370
459.332101 279.878300 1.064227 0.190899 62.441621 -1.000000 62.410409 606.455452 -712159.402649
277.127969 245.413585 0.605665 0.152899 73.439447 75.144844 75.144844 490686.057014 6598.113887
77.166220 306.637762 0.593834 0.085731 67.620424 68.239699 68.239699 437083.619219 43880.159109
103.760415 443.517795 1.152170 0.054418 56.239556 57.540064 57.540064 685258.185912 8794.058620
406.158151 199.036839 0.772971 0.416818 67.114541 68.802297 68.802297 561330.359587 5686.347395
274.703068 252.477079 0.656477 0.359988 72.240689 73.279618 73.279618 243056.542098 12026.156234
214.978369 230.914417 0.530005 0.331971 72.761065 76.088568 76.088568 1615673.276252 3356.930499
150.055277 0.227274 0.216066 0.337990 84.594907 95.215681 95.215681 4027256.402260 714.247712
197.275988 237.474937 0.479869 0.138663 82.115620 82.523196 82.523196 37912.750985 39235.653611
611.939109 65.059793 1.119294 0.299621 60.498259 60.800791 60.800791 35190.111357 35585.399351
416.276468 201.976268 0.759239 0.163183 69.437438 70.225949 70.225949 137008.820381 13815.034214
426.066922 254.869799 0.902219 0.112123 66.675640 -1.000000 66.656420 194.141112 -1234002.294363
305.218363 522.342425 1.794537 0.096877 50.010702 -1.000000 49.909240 7256.477698 -188459.663337
202.816508 372.159827 0.999033 0.433487 47.798239 55.065832 55.065832 10682802.697248 971.501635
233.977445 274.624094 0.695266 0.463418 61.517136 67.106144 67.106144 4660486.220574 1429.366991
123.203597 407.851915 1.058739 0.264916 48.229194 51.326766 51.326766 4719560.133264 4076.860770
308.168685 398.819804 1.186288 0.117477 52.652678 56.939319 56.939319 3712451.394068 1282.440236
405.721091 490.050341 1.810776 0.088327 49.753823 -1.000000 49.592833 14548.826532 -124869.534575
554.623751 254.592658 1.258374 0.251907 15.515478 -1.000000 58.412239 92302402.729873 -150.505497
99.583966 306.789711 0.727363 0.395743 25.360762 41.407284 41.407284 23156939.864597 826.783961
469.407622 264.620938 1.076594 0.407609 59.362943 60.674881 60.674881 492048.020974 7049.276313
544.594113 158.378950 1.034290 0.307354 54.395762 59.970972 59.970972 5184148.092025 810.223131
131.044554 265.848234 0.481680 0.052367 77.560843 80.141568 80.141568 804763.447388 4355.670949
106.201913 437.874631 1.165943 0.119687 32.693625 44.245786 44.245786 23580689.663528 584.343446
199.536882 209.605488 0.497593 0.461555 69.393248 75.272243 75.272243 3734390.898324 1657.726494
145.354255 384.942357 0.992354 0.392860 51.832831 54.791892 54.791892 3801543.804930 4087.217789
200.685415 357.383894 0.869673 0.179508 67.383052 -1.000000 67.320058 2725.100929 -367239.476489
154.640052 494.852240 1.446699 0.044633 54.933036 -1.000000 54.870619 2293.786760 -325503.641872
211.955023 401.848112 1.130514 0.388496 39.583135 51.054093 51.054093 21483183.823788 406.026524
458.740523 227.531935 0.952225 0.346562 57.351792 61.994297 61.994297 3722340.426036 1297.641730
134.136567 265.542567 0.574988 0.496104 73.867545 74.404098 74.404098 177723.624747 34430.808869
100.158891 132.974324 0.344045 0.538612 46.968745 63.996025 63.996025 12880779.851983 627.121667
145.191874 254.180101 0.508566 0.204186 63.952732 71.013995 71.013995 6493557.216357 1491.599617
631.925757 221.419137 1.409681 0.109414 54.260681 55.040312 55.040312 185349.898366 24896.367697
576.306356 140.183654 1.087777 0.284140 60.659339 61.224519 61.224519 104943.468152 17830.969056
190.184241 379.555599 0.963274 0.284733 63.477208 63.830874 63.830874 73457.274596 38845.154501
148.183673 322.875464 0.751297 0.434759 65.185976 66.296548 66.296548 636606.730734 13678.038108
193.934725 149.498550 0.336552 0.292543 92.323096 -1.000000 92.190878 3858.234335 -249975.663643
174.362222 382.119812 0.952290 0.189076 60.031441 61.756935 61.756935 1059878.489914 6492.433253
118.555346 358.681574 0.839879 0.185235 47.367396 54.144294 54.144294 10407791.745432 1456.669317
203.144359 66.690344 0.259905 0.280639 93.074521 96.036952 96.036952 582555.653305 4065.657159
384.852268 283.600758 0.883225 0.017018 66.586017 -1.000000 65.396953 62985.205117 -40737.869431
76.288296 12.331754 0.245027 0.510231 49.405167 65.912747 65.912747 8408021.645429 1027.553133
314.073126 208.040235 0.608806 0.373284 76.628054 76.757677 76.757677 5173.804546 120671.194897
255.057452 21.638346 0.301147 0.308671 95.178324 -1.000000 94.993552 4736.720664 -195525.726558
554.416825 154.146538 1.059836 0.341586 54.958294 59.612013 59.612013 3951619.492803 1132.491896
66.865403 175.923397 0.346731 0.260374 18.879326 43.758507 43.758507 18220867.992358 1171.559504
306.855383 110.323484 0.426280 0.252272 70.018210 81.226762 81.226762 7829307.616504 308.748235
192.859056 435.420909 1.224186 0.277730 51.760980 54.372401 54.372401 2649465.150841 3639.063844
456.224454 260.814244 1.014378 0.221892 56.238368 60.718171 60.718171 3607733.954199 1265.824522
131.669025 429.728993 1.168164 0.313972 48.077758 50.546851 50.546851 3667033.792909 5019.037632
373.396745 179.968704 0.674829 0.409695 64.827076 70.332303 70.332303 3644717.645884 1174.197802
357.555416 42.120822 0.502065 0.498144 77.098338 79.837146 79.837146 762259.789740 3200.953365
555.641476 158.883161 1.043516 0.183537 60.964464 61.971107 61.971107 265433.860499 8618.249721
416.590669 112.676202 0.590559 0.065605 77.841286 -1.000000 77.807833 292.382632 -862603.894644
152.531327 355.835551 0.909145 0.427342 40.233730 50.848616 50.848616 18307452.677411 625.098835
117.085071 117.519142 0.296169 0.423123 58.738747 75.705921 75.705921 12005466.405179 414.820598
488.930259 109.285784 0.820171 0.422732 66.916680 67.930148 67.930148 232297.373522 10155.430703
83.054359 370.880493 0.903830 0.199664 24.826842 37.115749 37.115749 20958067.502810 1298.982110
448.144134 254.115146 0.982673 0.264597 56.976254 61.384888 61.384888 3494503.491080 1368.818370
533.484960 365.995807 1.563562 0.161161 53.186825 -1.000000 53.129597 2318.581911 -345372.087440
143.236595 376.967872 0.952536 0.263567 37.158931 49.810809 49.810809 23491733.062293 479.941106
511.445929 80.943152 0.818561 0.182994 64.071341 67.066702 67.066702 1443005.586425 2303.073965
311.181072 31.052267 0.386915 0.344361 89.172182 89.188138 89.188138 68.893680 1271037.165981
149.492509 479.380693 1.372297 0.089219 50.142516 52.698356 52.698356 2282980.344492 3360.024272
579.257495 14.960512 0.999731 0.274259 55.894027 61.086828 61.086828 4402833.556320 922.195265
110.500355 268.208659 0.517627 0.166718 64.439728 68.798538 68.798538 4030329.985528 3322.234144
129.804110 363.821027 0.842292 0.233432 67.045608 67.186867 67.186867 25033.310961 119007.581771
131.437005 477.185192 1.399191 0.210803 32.527234 42.109705 42.109705 21961311.165548 629.478100
144.474528 393.380810 1.003907 0.401950 60.140534 60.597281 60.597281 233328.214451 33408.705752
116.750059 402.499561 0.981003 0.114255 60.389625 61.220789 61.220789 428156.243578 16844.323445
189.771759 336.103903 0.818467 0.333970 61.158634 63.924366 63.924366 2091274.736868 3711.192872
374.128549 82.109592 0.540169 0.368834 59.602108 74.994845 74.994845 14576998.773396 55.316112
148.810507 112.353897 0.317532 0.540613 86.884889 89.410066 89.410066 555284.894073 5816.099323
210.206372 363.744068 0.924537 0.241485 59.847828 62.226722 62.226722 1616651.937233 4515.820307
114.791688 285.966293 0.539014 0.073612 71.546389 74.583558 74.583558 1629554.866948 4284.668525
116.301881 406.413035 1.013305 0.168691 56.861220 57.987296 57.987296 957300.378736 12812.923065
113.055930 282.911216 0.536602 0.079922 60.520656 69.252428 69.252428 8585360.151716 1010.133024
109.850557 184.919181 0.388258 0.396319 61.398514 68.991605 68.991605 6405291.310998 1761.558624
522.095495 15.595879 0.831270 0.322163 67.193322 67.902792 67.902792 124383.252375 15257.783014
144.795207 332.285495 0.715619 0.082103 65.655053 68.552504 68.552504 1643288.877853 3610.803026
149.671313 400.434225 1.059167 0.376184 49.673202 53.128942 53.128942 4826127.470011 3182.579793
163.347793 213.870512 0.467316 0.481902 80.747816 81.527303 81.527303 148314.139938 21681.322742
445.781843 297.378594 1.098792 0.219557 54.568088 58.797204 58.797204 3528172.196911 1366.222609
452.356908 49.429882 0.702871 0.499195 62.476979 69.373987 69.373987 5054362.175366 584.447847
110.933516 277.817650 0.580953 0.293525 60.554516 63.734801 63.734801 3274131.227693 4455.179576
58.924263 338.152972 0.724046 0.082688 28.930419 39.414814 39.414814 14803289.585261 2723.554129
331.759813 302.649128 0.881142 0.298546 66.023235 66.472055 66.472055 69012.371142 27611.730659
65.358068 250.286899 0.559676 0.378436 7.172215 30.533365 30.533365 16771818.236489 3059.687687
140.423004 163.634350 0.331129 0.357880 91.513021 91.828677 91.828677 23900.915665 64152.408135
164.034537 245.208622 0.525975 0.373328 72.895620 75.282825 75.282825 1169390.043184 5840.796396
255.498372 317.715878 0.817291 0.210043 46.741492 61.687251 61.687251 22013723.497287 196.621614
110.056065 227.359802 0.476542 0.386040 58.109650 64.032011 64.032011 5908906.512653 2447.459134
120.170592 293.229013 0.598142 0.169941 61.526212 66.187911 66.187911 4643931.833268 2633.428288
102.968570 444.457863 1.199352 0.120327 28.347475 42.047494 42.047494 28769771.683921 553.655319
167.192898 190.529726 0.387739 0.299134 84.261454 85.728532 85.728532 349175.504526 10732.248344
117.686380 418.325250 1.114739 0.320220 47.555753 49.526974 49.526974 3089088.233295 7841.703385
97.717516 451.959361 1.273200 0.223322 27.752259 36.455640 36.455640 19245434.116656 1556.759159
152.885308 466.095106 1.351140 0.258361 42.976170 47.743071 47.743071 8414716.597867 1808.769483
166.203260 70.716778 0.275008 0.476485 25.077006 -1.000000 98.027736 53841004.666410 -150.463756
93.543402 456.159855 1.243815 0.112362 39.169060 44.326570 44.326570 9911357.084899 2311.971904
154.995717 444.052504 1.220524 0.219265 52.971954 54.656763 54.656763 1513761.851835 6523.101728
178.578791 385.534029 0.981057 0.258000 59.468052 60.975941 60.975941 932840.018798 7884.801100
151.762194 425.175641 1.177871 0.361087 42.731030 48.454561 48.454561 10317984.203039 1537.886048
400.847763 67.964451 0.568595 0.358799 78.376216 -1.000000 78.161870 11062.143713 -140472.339711
155.939832 320.555721 0.784914 0.427036 39.636174 53.748134 53.748134 22653705.691837 358.787292
109.517777 376.276683 0.877400 0.144707 59.944554 61.163349 61.163349 967993.214209 12497.311207
191.441376 317.198560 0.762243 0.432058 67.191522 68.216436 68.216436 381759.128228 13294.304816
524.585265 358.077417 1.516470 0.252340 53.111022 53.476776 53.476776 66069.617985 25026.850543
370.248678 501.446826 1.801325 0.135134 49.351308 49.683393 49.683393 60981.353247 25937.894119
127.204621 295.196942 0.653031 0.329335 55.083559 60.525704 60.525704 6535486.346873 2216.339484
136.660254 10.391384 0.105445 0.042072 117.047896 -1.000000 116.407128 15864.811967 -81170.108320
149.845119 226.895033 0.484340 0.471602 79.270673 80.023450 80.023450 172462.971529 23126.612854
152.938369 147.975930 0.310571 0.337562 94.277610 94.394782 94.394782 3286.865286 180843.309202
163.163425 141.921898 0.345241 0.439136 77.741946 84.002748 84.002748 2916950.271586 1697.338278
193.269195 357.132551 0.862459 0.182195 66.832837 67.092713 67.092713 32966.470076 55429.194617
126.690366 415.162725 1.087017 0.324315 54.756472 55.526203 55.526203 743018.604640 20789.102310
96.323249 170.101331 0.370644 0.451741 63.235513 68.107371 68.107371 3699983.789637 3776.621866
111.674374 152.116438 0.343668 0.540263 86.424956 87.076432 87.076432 133525.571198 33180.788505
441.385458 399.450213 1.467743 0.175622 48.948665 52.419780 52.419780 3109601.742672 1651.521276
467.485101 47.643016 0.689676 0.250251 71.160222 72.386561 72.386561 275994.716697 8552.179643
508.666750 261.475514 1.144743 0.232776 60.511993 -1.000000 60.431592 3568.747792 -275541.416627
